1 0.92578125 0.576171875 0.04296875 0.06901041666666667
0 0.49462890625 0.4641927083333333 0.025390625 0.041666666666666664
0 0.573486328125 0.4501953125 0.02099609375 0.034505208333333336
0 0.369873046875 0.5006510416666666 0.02978515625 0.05078125
0 0.691650390625 0.4358723958333333 0.01416015625 0.022786458333333332
0 0.818115234375 0.4290364583333333 0.00927734375 0.015625
0 0.920654296875 0.4788411458333333 0.02001953125 0.030598958333333332
1 0.94140625 0.4567057291666667 0.0146484375 0.020182291666666668
1 0.74853515625 0.4287109375 0.0087890625 0.018880208333333332
1 0.951904296875 0.4462890625 0.00634765625 0.013671875
1 0.951171875 0.4371744791666667 0.0087890625 0.014973958333333334
1 0.9404296875 0.4309895833333333 0.0078125 0.015625
1 0.929443359375 0.419921875 0.00634765625 0.013020833333333334
0 0.845703125 0.42578125 0.0087890625 0.013020833333333334
1 0.933837890625 0.4241536458333333 0.00732421875 0.011067708333333334
