1 0.422119140625 0.4475911458333333 0.01123046875 0.037109375
0 0.227294921875 0.6136067708333334 0.03857421875 0.08138020833333333
2 0.5986328125 0.443359375 0.013671875 0.041666666666666664
1 0.884033203125 0.6005859375 0.03662109375 0.08138020833333333
1 0.618408203125 0.4557291666666667 0.01416015625 0.04296875
2 0.5888671875 0.4417317708333333 0.009765625 0.033203125
2 0.427978515625 0.4427083333333333 0.00927734375 0.03515625
1 0.567626953125 0.4375 0.00732421875 0.015625
0 0.443359375 0.4300130208333333 0.0048828125 0.012369791666666666
0 0.4384765625 0.4375 0.005859375 0.015625
1 0.55126953125 0.427734375 0.0048828125 0.010416666666666666
