1 0.8390625 0.5597222222222222 0.0359375 0.08055555555555556
0 0.28828125 0.5604166666666667 0.0296875 0.0763888888888889
1 0.312109375 0.5597222222222222 0.02421875 0.07777777777777778
0 0.04609375 0.5451388888888888 0.021875 0.06527777777777778
1 0.674609375 0.41944444444444445 0.01015625 0.030555555555555555
1 0.483203125 0.41597222222222224 0.01171875 0.03194444444444444
0 0.46953125 0.4152777777777778 0.0109375 0.027777777777777776
1 0.639453125 0.3875 0.00703125 0.019444444444444445
1 0.516796875 0.3861111111111111 0.00703125 0.019444444444444445
0 0.41875 0.38958333333333334 0.0078125 0.018055555555555554
0 0.337890625 0.41944444444444445 0.01171875 0.027777777777777776
0 0.5078125 0.38819444444444445 0.0078125 0.020833333333333332
