2 0.4015625 0.5013888888888889 0.0234375 0.07222222222222222
1 0.432421875 0.5013888888888889 0.03046875 0.07222222222222222
1 0.87578125 0.5048611111111111 0.0265625 0.07916666666666666
1 0.691015625 0.38333333333333336 0.01015625 0.030555555555555555
0 0.1578125 0.5020833333333333 0.01875 0.05416666666666667
1 0.52578125 0.3840277777777778 0.0078125 0.029166666666666667
0 0.39609375 0.38819444444444445 0.0078125 0.02361111111111111
0 0.51171875 0.38263888888888886 0.0078125 0.02638888888888889
0 0.4796875 0.3527777777777778 0.0078125 0.013888888888888888
1 0.534375 0.36041666666666666 0.0078125 0.018055555555555554
1 0.5421875 0.36041666666666666 0.0078125 0.020833333333333332
