1 0.684375 0.46458333333333335 0.025 0.059722222222222225
1 0.658203125 0.3861111111111111 0.01796875 0.044444444444444446
1 0.25546875 0.3263888888888889 0.021875 0.05277777777777778
1 0.478515625 0.3111111111111111 0.01171875 0.027777777777777776
1 0.587109375 0.325 0.00859375 0.016666666666666666
1 0.68359375 0.35208333333333336 0.0078125 0.015277777777777777
1 0.705859375 0.37916666666666665 0.00859375 0.022222222222222223
1 0.7796875 0.3993055555555556 0.0078125 0.018055555555555554
1 0.72265625 0.3625 0.0078125 0.016666666666666666
1 0.809375 0.4097222222222222 0.0078125 0.016666666666666666
