1 0.458203125 0.4847222222222222 0.01015625 0.025
1 0.4890625 0.47430555555555554 0.0078125 0.020833333333333332
1 0.720703125 0.47638888888888886 0.00859375 0.025
1 0.376953125 0.5173611111111112 0.01484375 0.04027777777777778
2 0.596875 0.48055555555555557 0.0078125 0.025
2 0.744921875 0.6527777777777778 0.03984375 0.13333333333333333
1 0.67109375 0.4638888888888889 0.0078125 0.019444444444444445
1 0.640625 0.45416666666666666 0.0078125 0.013888888888888888
1 0.56015625 0.4666666666666667 0.0078125 0.019444444444444445
1 0.525 0.45208333333333334 0.0078125 0.018055555555555554
1 0.65 0.4597222222222222 0.0078125 0.016666666666666666
1 0.5828125 0.4638888888888889 0.0078125 0.016666666666666666
1 0.6125 0.4527777777777778 0.0078125 0.013888888888888888
1 0.54765625 0.4486111111111111 0.0078125 0.013888888888888888
1 0.49453125 0.44583333333333336 0.0078125 0.013888888888888888
