2 0.6807291666666667 0.4083333333333333 0.01875 0.044444444444444446
2 0.36744791666666665 0.3662037037037037 0.016145833333333335 0.03981481481481482
2 0.6260416666666667 0.3314814814814815 0.007291666666666667 0.018518518518518517
2 0.6971354166666667 0.32731481481481484 0.005729166666666666 0.019444444444444445
2 0.68203125 0.32222222222222224 0.005729166666666666 0.014814814814814815
2 0.47421875 0.31666666666666665 0.0067708333333333336 0.020370370370370372
2 0.6265625 0.3138888888888889 0.005208333333333333 0.018518518518518517
2 0.4864583333333333 0.3013888888888889 0.005208333333333333 0.013888888888888888
2 0.2830729166666667 0.31296296296296294 0.0067708333333333336 0.016666666666666666
2 0.6208333333333333 0.31296296296296294 0.005208333333333333 0.012962962962962963
2 0.1328125 0.3560185185185185 0.010416666666666666 0.025
