1 0.882421875 0.7569444444444444 0.05390625 0.1361111111111111
1 0.703515625 0.4326388888888889 0.01640625 0.04583333333333333
1 0.446875 0.34930555555555554 0.015625 0.043055555555555555
0 0.42890625 0.34375 0.015625 0.04027777777777778
0 0.2859375 0.30833333333333335 0.0125 0.03333333333333333
1 0.666796875 0.37083333333333335 0.00859375 0.027777777777777776
1 0.516015625 0.3229166666666667 0.00859375 0.02361111111111111
0 0.506640625 0.3194444444444444 0.00859375 0.022222222222222223
0 0.40859375 0.29583333333333334 0.0078125 0.022222222222222223
1 0.65078125 0.3402777777777778 0.0078125 0.016666666666666666
1 0.5609375 0.3111111111111111 0.0078125 0.013888888888888888
