0 0.3154296875 0.4899088541666667 0.021484375 0.042317708333333336
1 0.71435546875 0.4622395833333333 0.015625 0.028645833333333332
1 0.77099609375 0.5162760416666666 0.0302734375 0.05078125
0 0.468994140625 0.4391276041666667 0.01220703125 0.022786458333333332
1 0.70849609375 0.43359375 0.0107421875 0.01953125
0 0.563720703125 0.4166666666666667 0.00732421875 0.016927083333333332
1 0.71533203125 0.4215494791666667 0.0087890625 0.017578125
1 0.735595703125 0.412109375 0.00732421875 0.014322916666666666
0 0.625 0.4049479166666667 0.005859375 0.01171875
0 0.689208984375 0.4000651041666667 0.00537109375 0.009765625
1 0.763671875 0.4072265625 0.0068359375 0.011067708333333334
0 0.729248046875 0.3984375 0.00537109375 0.0078125
1 0.8349609375 0.4026692708333333 0.0048828125 0.009765625
0 0.830322265625 0.3997395833333333 0.00537109375 0.009114583333333334
1 0.79638671875 0.4033203125 0.0068359375 0.009765625
2 0.856201171875 0.3977864583333333 0.00537109375 0.009114583333333334
2 0.705322265625 0.3948567708333333 0.01025390625 0.008463541666666666
