1 0.16796875 0.5972222222222222 0.05625 0.12777777777777777
1 0.579296875 0.3458333333333333 0.01171875 0.027777777777777776
1 0.353515625 0.38125 0.01640625 0.04861111111111111
1 0.295703125 0.3541666666666667 0.01484375 0.03611111111111111
1 0.63671875 0.3951388888888889 0.0203125 0.04583333333333333
1 0.26015625 0.3347222222222222 0.015625 0.03333333333333333
1 0.29609375 0.3111111111111111 0.0078125 0.022222222222222223
2 0.42421875 0.3138888888888889 0.009375 0.025
1 0.551953125 0.31805555555555554 0.00859375 0.025
1 0.35078125 0.29375 0.0078125 0.020833333333333332
2 0.128125 0.3215277777777778 0.0078125 0.020833333333333332
2 0.53671875 0.30416666666666664 0.0078125 0.019444444444444445
