1 0.73095703125 0.5055338541666666 0.0244140625 0.047526041666666664
1 0.611328125 0.4420572916666667 0.0107421875 0.024739583333333332
0 0.349853515625 0.5091145833333334 0.02392578125 0.046875
0 0.446533203125 0.4430338541666667 0.01025390625 0.022786458333333332
2 0.456787109375 0.4296875 0.01025390625 0.029947916666666668
2 0.600341796875 0.4309895833333333 0.01123046875 0.029947916666666668
1 0.581298828125 0.4228515625 0.00732421875 0.016276041666666668
0 0.46923828125 0.4225260416666667 0.005859375 0.015625
2 0.593505859375 0.42578125 0.01025390625 0.028645833333333332
1 0.570068359375 0.416015625 0.00537109375 0.013020833333333334
1 0.55517578125 0.4088541666666667 0.0048828125 0.010416666666666666
0 0.474609375 0.4166666666666667 0.0048828125 0.010416666666666666
2 0.460693359375 0.4254557291666667 0.00927734375 0.026692708333333332
0 0.48388671875 0.4108072916666667 0.0048828125 0.009114583333333334
