1 0.434326171875 0.4322916666666667 0.01220703125 0.0234375
1 0.453125 0.41015625 0.0068359375 0.014322916666666666
1 0.637939453125 0.5162760416666666 0.03369140625 0.05859375
1 0.100830078125 0.4778645833333333 0.01806640625 0.03125
1 0.080078125 0.4847005208333333 0.01953125 0.031901041666666664
1 0.552734375 0.4222005208333333 0.0126953125 0.020182291666666668
1 0.541259765625 0.4059244791666667 0.00830078125 0.016276041666666668
1 0.434326171875 0.40234375 0.00830078125 0.015625
1 0.271728515625 0.4143880208333333 0.00927734375 0.017578125
1 0.530517578125 0.396484375 0.00732421875 0.013020833333333334
1 0.277587890625 0.3968098958333333 0.00537109375 0.011067708333333334
1 0.10302734375 0.4446614583333333 0.0126953125 0.0234375
1 0.346923828125 0.3958333333333333 0.00537109375 0.01171875
1 0.396728515625 0.3977864583333333 0.00732421875 0.014322916666666666
1 0.2900390625 0.392578125 0.005859375 0.010416666666666666
1 0.33349609375 0.390625 0.0048828125 0.010416666666666666
1 0.245849609375 0.39453125 0.00537109375 0.010416666666666666
1 0.070556640625 0.421875 0.00830078125 0.014322916666666666
1 0.149169921875 0.4098307291666667 0.00537109375 0.011067708333333334
1 0.3779296875 0.3899739583333333 0.0048828125 0.009114583333333334
1 0.03271484375 0.4169921875 0.009765625 0.013671875
1 0.08203125 0.4104817708333333 0.005859375 0.011067708333333334
1 0.114013671875 0.4065755208333333 0.00537109375 0.011067708333333334
1 0.1572265625 0.4020182291666667 0.0048828125 0.009765625
1 0.18994140625 0.4039713541666667 0.005859375 0.011067708333333334
1 0.2060546875 0.3977864583333333 0.0048828125 0.009114583333333334
1 0.4951171875 0.392578125 0.0048828125 0.01171875
