0 0.337646484375 0.5530598958333334 0.04345703125 0.07356770833333333
1 0.7431640625 0.4840494791666667 0.0234375 0.037109375
1 0.88671875 0.4899088541666667 0.01953125 0.038411458333333336
0 0.408447265625 0.4723307291666667 0.02197265625 0.035807291666666664
0 0.501708984375 0.4430338541666667 0.01513671875 0.024088541666666668
1 0.765869140625 0.4661458333333333 0.01708984375 0.03515625
1 0.8681640625 0.5524088541666666 0.0322265625 0.059244791666666664
0 0.624267578125 0.431640625 0.01123046875 0.018229166666666668
0 0.962158203125 0.4596354166666667 0.01416015625 0.02734375
0 0.772705078125 0.4391276041666667 0.01318359375 0.025390625
