1 0.9025 0.6859375 0.08 0.290625
0 0.775625 0.525 0.05375 0.21875
1 0.675625 0.428125 0.03875 0.1625
0 0.245 0.3265625 0.0225 0.090625
0 0.598125 0.3765625 0.02875 0.134375
2 0.029375 0.2625 0.03875 0.15
0 0.514375 0.2765625 0.02375 0.090625
0 0.286875 0.296875 0.02625 0.09375
1 0.535625 0.3328125 0.03125 0.128125
1 0.75125 0.4609375 0.035 0.184375
1 0.1275 0.446875 0.0375 0.1125
1 0.31125 0.259375 0.0225 0.06875
0 0.57375 0.434375 0.0575 0.0875
1 0.084375 0.453125 0.03125 0.1375
1 0.156875 0.403125 0.02375 0.125
1 0.533125 0.26875 0.02375 0.1125
0 0.305625 0.321875 0.02625 0.05625
1 0.5675 0.3640625 0.03 0.128125
0 0.1775 0.3765625 0.04 0.071875
