1 0.6142578125 0.4733072916666667 0.0205078125 0.041666666666666664
1 0.76806640625 0.4456380208333333 0.0166015625 0.025390625
1 0.308837890625 0.5966796875 0.05126953125 0.08268229166666667
1 0.4208984375 0.466796875 0.021484375 0.03515625
1 0.582763671875 0.423828125 0.01025390625 0.01953125
1 0.788818359375 0.4274088541666667 0.01123046875 0.021484375
1 0.47119140625 0.4147135416666667 0.0087890625 0.015625
1 0.573486328125 0.4137369791666667 0.00927734375 0.016276041666666668
1 0.651123046875 0.4088541666666667 0.00927734375 0.014322916666666666
1 0.960205078125 0.41796875 0.00830078125 0.013020833333333334
1 0.9052734375 0.421875 0.0087890625 0.014322916666666666
1 0.546875 0.3981119791666667 0.0048828125 0.009765625
1 0.704345703125 0.4020182291666667 0.00634765625 0.011067708333333334
1 0.8447265625 0.4111328125 0.005859375 0.009765625
1 0.4775390625 0.4072265625 0.005859375 0.013671875
1 0.55078125 0.4000651041666667 0.0048828125 0.011067708333333334
1 0.6142578125 0.3984375 0.0048828125 0.0078125
1 0.890869140625 0.4111328125 0.00537109375 0.011067708333333334
1 0.48974609375 0.3987630208333333 0.0048828125 0.009765625
1 0.78857421875 0.4026692708333333 0.0048828125 0.007161458333333333
