1 0.450439453125 0.4495442708333333 0.01708984375 0.030598958333333332
1 0.470703125 0.4212239583333333 0.01171875 0.022135416666666668
1 0.574951171875 0.4235026041666667 0.01123046875 0.020182291666666668
1 0.798583984375 0.6246744791666666 0.06201171875 0.095703125
1 0.68359375 0.4153645833333333 0.009765625 0.018229166666666668
1 0.568359375 0.4039713541666667 0.0078125 0.014973958333333334
1 0.988037109375 0.4957682291666667 0.02197265625 0.038411458333333336
1 0.718505859375 0.40625 0.00830078125 0.014322916666666666
1 0.93798828125 0.4840494791666667 0.0224609375 0.033203125
1 0.96875 0.4348958333333333 0.0107421875 0.016927083333333332
1 0.62646484375 0.39453125 0.005859375 0.010416666666666666
1 0.822509765625 0.404296875 0.00537109375 0.010416666666666666
1 0.798828125 0.3942057291666667 0.0048828125 0.009765625
1 0.790771484375 0.3961588541666667 0.00537109375 0.011067708333333334
1 0.490478515625 0.3974609375 0.00732421875 0.013671875
1 0.952880859375 0.421875 0.00927734375 0.016927083333333332
1 0.896240234375 0.4130859375 0.00927734375 0.013671875
1 0.83349609375 0.3977864583333333 0.0068359375 0.01171875
1 0.552734375 0.3883463541666667 0.0048828125 0.007161458333333333
1 0.544921875 0.38671875 0.0048828125 0.006510416666666667
