0 0.956875 0.7625 0.05875 0.1875
0 0.85 0.525 0.06 0.10625
1 0.708125 0.465625 0.03125 0.10625
0 0.618125 0.390625 0.01625 0.0625
1 0.413125 0.3953125 0.01375 0.065625
1 0.43375 0.36875 0.0125 0.05
1 0.315 0.5515625 0.0375 0.084375
1 0.581875 0.2578125 0.00875 0.040625
0 0.668125 0.3515625 0.02375 0.040625
1 0.333125 0.3859375 0.01875 0.071875
0 0.37625 0.3515625 0.0175 0.040625
0 0.399375 0.328125 0.01375 0.03125
1 0.60875 0.365625 0.0125 0.0375
1 0.44125 0.3421875 0.0125 0.046875
