1 0.742431640625 0.5185546875 0.03173828125 0.056640625
1 0.7646484375 0.470703125 0.0205078125 0.036458333333333336
1 0.6396484375 0.458984375 0.0185546875 0.036458333333333336
0 0.374755859375 0.5009765625 0.02490234375 0.047526041666666664
0 0.4453125 0.4521484375 0.0126953125 0.029296875
1 0.923828125 0.5296223958333334 0.0322265625 0.057942708333333336
0 0.827880859375 0.451171875 0.01025390625 0.024739583333333332
0 0.693115234375 0.4459635416666667 0.01220703125 0.02734375
0 0.952880859375 0.4768880208333333 0.01708984375 0.035807291666666664
0 0.754150390625 0.4378255208333333 0.01220703125 0.024088541666666668
0 0.705078125 0.4306640625 0.0107421875 0.020182291666666668
1 0.648193359375 0.4348958333333333 0.01123046875 0.0234375
0 0.467529296875 0.435546875 0.00927734375 0.01953125
0 0.619873046875 0.4280598958333333 0.01025390625 0.017578125
1 0.5478515625 0.4244791666666667 0.0087890625 0.018229166666666668
1 0.57421875 0.4300130208333333 0.0087890625 0.018880208333333332
1 0.601806640625 0.4397786458333333 0.01025390625 0.021484375
1 0.37548828125 0.4215494791666667 0.0087890625 0.017578125
0 0.347900390625 0.42578125 0.01025390625 0.016927083333333332
0 0.394287109375 0.4251302083333333 0.00732421875 0.016927083333333332
0 0.446044921875 0.427734375 0.00830078125 0.016927083333333332
