0 0.276611328125 0.509765625 0.02587890625 0.053385416666666664
1 0.608154296875 0.4801432291666667 0.02001953125 0.042317708333333336
1 0.596923828125 0.4342447916666667 0.01220703125 0.0234375
0 0.408935546875 0.4436848958333333 0.01318359375 0.024088541666666668
0 0.458984375 0.4244791666666667 0.0087890625 0.015625
1 0.554931640625 0.41796875 0.00732421875 0.013020833333333334
0 0.454833984375 0.4150390625 0.00634765625 0.011067708333333334
0 0.4619140625 0.4111328125 0.0048828125 0.009765625
1 0.50830078125 0.4049479166666667 0.0048828125 0.0078125
0 0.4501953125 0.4065755208333333 0.0048828125 0.008463541666666666
