1 0.083125 0.5472972972972973 0.11125 0.17567567567567569
0 0.7775 0.5261824324324325 0.0775 0.14358108108108109
0 0.62875 0.5059121621621622 0.0525 0.09628378378378379
0 0.445625 0.49155405405405406 0.03125 0.05405405405405406
0 0.390625 0.4856418918918919 0.02625 0.048986486486486486
0 0.334375 0.4839527027027027 0.01875 0.03547297297297297
0 0.528125 0.49493243243243246 0.04125 0.07094594594594594
1 0.140625 0.5143581081081081 0.06625 0.10641891891891891
1 0.18 0.49915540540540543 0.04 0.07263513513513513
0 0.22125 0.48057432432432434 0.01 0.028716216216216218
0 0.2925 0.4822635135135135 0.0125 0.03209459459459459
