0 0.25439453125 0.5328776041666666 0.0302734375 0.06315104166666667
0 0.416748046875 0.4720052083333333 0.02197265625 0.037760416666666664
1 0.77197265625 0.501953125 0.0283203125 0.057291666666666664
1 0.952392578125 0.5152994791666666 0.02587890625 0.048828125
0 0.52978515625 0.4436848958333333 0.009765625 0.031901041666666664
1 0.968994140625 0.66015625 0.05810546875 0.11458333333333333
1 0.81787109375 0.4638671875 0.01953125 0.034505208333333336
1 0.716552734375 0.455078125 0.01708984375 0.029947916666666668
0 0.55615234375 0.4290364583333333 0.0087890625 0.020833333333333332
1 0.681884765625 0.439453125 0.01220703125 0.01953125
