1 0.373779296875 0.5006510416666666 0.03173828125 0.049479166666666664
1 0.56103515625 0.4638671875 0.021484375 0.042317708333333336
1 0.7314453125 0.4352213541666667 0.0126953125 0.020182291666666668
1 0.876220703125 0.4895833333333333 0.02392578125 0.041666666666666664
1 0.76611328125 0.4303385416666667 0.009765625 0.026041666666666668
1 0.78955078125 0.4254557291666667 0.0107421875 0.017578125
1 0.874267578125 0.4694010416666667 0.01708984375 0.028645833333333332
1 0.8857421875 0.4580078125 0.013671875 0.024088541666666668
1 0.819091796875 0.4202473958333333 0.00732421875 0.013671875
1 0.846923828125 0.4147135416666667 0.00634765625 0.010416666666666666
1 0.915283203125 0.4322916666666667 0.01123046875 0.016927083333333332
1 0.86083984375 0.4140625 0.0068359375 0.015625
1 0.92822265625 0.4231770833333333 0.0078125 0.014322916666666666
1 0.873046875 0.4111328125 0.0048828125 0.009765625
1 0.8828125 0.4095052083333333 0.0048828125 0.009114583333333334
1 0.890625 0.4088541666666667 0.0048828125 0.0078125
2 0.255859375 0.4176432291666667 0.015625 0.011067708333333334
2 0.412841796875 0.4052734375 0.01416015625 0.009765625
2 0.56884765625 0.396484375 0.0087890625 0.009114583333333334
