2 0.616943359375 0.5198567708333334 0.03466796875 0.061848958333333336
1 0.380859375 0.4645182291666667 0.0166015625 0.033203125
1 0.557373046875 0.4501953125 0.01513671875 0.027994791666666668
1 0.5302734375 0.42578125 0.0107421875 0.01953125
1 0.36572265625 0.4410807291666667 0.0126953125 0.024088541666666668
1 0.31982421875 0.4290364583333333 0.009765625 0.01953125
1 0.4755859375 0.4186197916666667 0.0087890625 0.016927083333333332
1 0.160888671875 0.4293619791666667 0.00732421875 0.014973958333333334
1 0.389892578125 0.4153645833333333 0.00634765625 0.014322916666666666
1 0.197021484375 0.4202473958333333 0.00634765625 0.012369791666666666
1 0.137451171875 0.4241536458333333 0.00732421875 0.013671875
1 0.3134765625 0.4147135416666667 0.005859375 0.013020833333333334
1 0.255859375 0.4264322916666667 0.0087890625 0.016927083333333332
1 0.047119140625 0.4749348958333333 0.01904296875 0.031901041666666664
1 0.335205078125 0.4059244791666667 0.00537109375 0.009765625
1 0.076416015625 0.4287109375 0.00830078125 0.013671875
1 0.0205078125 0.4404296875 0.01171875 0.017578125
