0 0.08828125 0.8152777777777778 0.059375 0.14722222222222223
0 0.681640625 0.475 0.01796875 0.041666666666666664
0 0.780078125 0.5298611111111111 0.02109375 0.06805555555555555
0 0.338671875 0.5222222222222223 0.02109375 0.044444444444444446
0 0.662890625 0.4444444444444444 0.01171875 0.030555555555555555
2 0.5671875 0.4097222222222222 0.0125 0.03333333333333333
2 0.540234375 0.41041666666666665 0.00859375 0.0375
0 0.513671875 0.41944444444444445 0.00859375 0.019444444444444445
0 0.383203125 0.4673611111111111 0.01171875 0.03194444444444444
0 0.40625 0.44027777777777777 0.0078125 0.025
0 0.673828125 0.4263888888888889 0.01015625 0.025
