1 0.366015625 0.6083333333333333 0.03515625 0.08888888888888889
1 0.31171875 0.5479166666666667 0.021875 0.05694444444444444
1 0.290234375 0.5145833333333333 0.01171875 0.04027777777777778
1 0.35 0.48055555555555557 0.0078125 0.022222222222222223
1 0.702734375 0.4756944444444444 0.01328125 0.0375
1 0.656640625 0.45069444444444445 0.00859375 0.02638888888888889
2 0.505078125 0.4666666666666667 0.00703125 0.025
1 0.63359375 0.44305555555555554 0.0078125 0.019444444444444445
1 0.45703125 0.4486111111111111 0.0078125 0.013888888888888888
1 0.615234375 0.4340277777777778 0.00703125 0.015277777777777777
1 0.421875 0.4597222222222222 0.0078125 0.016666666666666666
