1 0.810625 0.54375 0.05625 0.1875
1 0.765625 0.459375 0.03875 0.15
1 0.6375 0.3921875 0.0325 0.115625
1 0.5625 0.3125 0.0225 0.0875
1 0.11375 0.5984375 0.0625 0.203125
0 0.455 0.290625 0.0175 0.075
1 0.199375 0.434375 0.03375 0.11875
0 0.66375 0.3375 0.025 0.1
1 0.20125 0.371875 0.0275 0.09375
0 0.2 0.3296875 0.0225 0.090625
1 0.243125 0.265625 0.01375 0.0625
1 0.32125 0.271875 0.015 0.06875
1 0.0925 0.3015625 0.02 0.071875
0 0.07625 0.259375 0.015 0.05625
0 0.03875 0.24375 0.015 0.0625
