1 0.41796875 0.4638888888888889 0.0140625 0.03611111111111111
1 0.21171875 0.5631944444444444 0.0234375 0.0625
1 0.7015625 0.5069444444444444 0.0203125 0.06666666666666667
1 0.74375 0.4361111111111111 0.0125 0.03611111111111111
1 0.808984375 0.41388888888888886 0.00859375 0.027777777777777776
1 0.6796875 0.39861111111111114 0.0078125 0.022222222222222223
1 0.7703125 0.3888888888888889 0.0078125 0.019444444444444445
1 0.86796875 0.4027777777777778 0.009375 0.025
1 0.94140625 0.39652777777777776 0.0078125 0.018055555555555554
1 0.557421875 0.42083333333333334 0.01171875 0.030555555555555555
1 0.866796875 0.3840277777777778 0.00703125 0.018055555555555554
