0 0.78375 0.83125 0.0875 0.275
2 0.83625 0.421875 0.0325 0.08125
1 0.78 0.4046875 0.0225 0.071875
1 0.945625 0.6875 0.06625 0.19375
1 0.109375 0.278125 0.09625 0.26875
0 0.580625 0.446875 0.02875 0.06875
1 0.524375 0.3609375 0.01625 0.059375
1 0.415625 0.334375 0.01375 0.05
0 0.363125 0.36875 0.01625 0.05625
0 0.6725 0.2359375 0.0175 0.065625
1 0.444375 0.3140625 0.00875 0.040625
0 0.54875 0.3171875 0.01 0.040625
1 0.640625 0.3640625 0.01625 0.059375
0 0.365625 0.31875 0.00875 0.04375
0 0.973125 0.421875 0.03125 0.09375
0 0.384375 0.16875 0.01625 0.05625
1 0.480625 0.296875 0.00875 0.03125
1 0.505 0.2875 0.0075 0.01875
1 0.4975 0.2203125 0.0075 0.028125
1 0.53 0.278125 0.0075 0.01875
