1 0.326171875 0.375 0.02265625 0.058333333333333334
1 0.706640625 0.42777777777777776 0.01640625 0.044444444444444446
1 0.70625 0.5340277777777778 0.0296875 0.08194444444444444
1 0.4734375 0.34305555555555556 0.0140625 0.03888888888888889
1 0.558984375 0.32708333333333334 0.01015625 0.02361111111111111
1 0.697265625 0.38958333333333334 0.01015625 0.029166666666666667
1 0.69609375 0.36736111111111114 0.0078125 0.015277777777777777
0 0.40625 0.28194444444444444 0.0078125 0.022222222222222223
1 0.53828125 0.3298611111111111 0.0125 0.029166666666666667
0 0.34296875 0.2638888888888889 0.0078125 0.022222222222222223
0 0.49921875 0.30833333333333335 0.0078125 0.022222222222222223
