1 0.682373046875 0.5201822916666666 0.03173828125 0.055989583333333336
1 0.59130859375 0.4514973958333333 0.0166015625 0.029296875
1 0.55517578125 0.4254557291666667 0.0107421875 0.018880208333333332
1 0.274658203125 0.5345052083333334 0.03173828125 0.05859375
1 0.24755859375 0.4931640625 0.0224609375 0.044921875
1 0.4150390625 0.4339192708333333 0.0126953125 0.022786458333333332
1 0.43896484375 0.4140625 0.0078125 0.014322916666666666
1 0.44873046875 0.408203125 0.0068359375 0.013020833333333334
1 0.384765625 0.4547526041666667 0.0146484375 0.029296875
1 0.3486328125 0.4231770833333333 0.009765625 0.018229166666666668
1 0.22998046875 0.4453125 0.013671875 0.0234375
1 0.54345703125 0.4153645833333333 0.0078125 0.014322916666666666
1 0.532470703125 0.4072265625 0.00634765625 0.013671875
1 0.52392578125 0.40234375 0.0048828125 0.010416666666666666
1 0.27685546875 0.408203125 0.0068359375 0.01171875
1 0.2705078125 0.4007161458333333 0.005859375 0.009765625
1 0.42626953125 0.4029947916666667 0.0048828125 0.010416666666666666
1 0.0283203125 0.4270833333333333 0.013671875 0.018229166666666668
1 0.143798828125 0.4114583333333333 0.00830078125 0.013020833333333334
1 0.17333984375 0.41796875 0.0087890625 0.015625
1 0.128173828125 0.4065755208333333 0.00634765625 0.012369791666666666
1 0.46044921875 0.3977864583333333 0.0048828125 0.0078125
1 0.46826171875 0.39453125 0.0048828125 0.006510416666666667
1 0.1884765625 0.4055989583333333 0.0078125 0.010416666666666666
1 0.16650390625 0.40234375 0.005859375 0.009114583333333334
