2 0.01328125 0.586574074074074 0.024479166666666666 0.12314814814814815
2 0.6328125 0.5347222222222222 0.035416666666666666 0.08981481481481482
2 0.5375 0.4148148148148148 0.015625 0.046296296296296294
2 0.2674479166666667 0.3800925925925926 0.016145833333333335 0.04351851851851852
2 0.5046875 0.37777777777777777 0.014583333333333334 0.03518518518518519
2 0.5005208333333333 0.3523148148148148 0.007291666666666667 0.023148148148148147
2 0.44609375 0.3212962962962963 0.005729166666666666 0.014814814814814815
2 0.3567708333333333 0.34629629629629627 0.011458333333333333 0.025925925925925925
2 0.37473958333333335 0.33796296296296297 0.008854166666666666 0.022222222222222223
2 0.32838541666666665 0.32546296296296295 0.0067708333333333336 0.017592592592592594
2 0.5067708333333333 0.33611111111111114 0.00625 0.016666666666666666
