0 0.4404296875 0.4947916666666667 0.025390625 0.044270833333333336
0 0.60400390625 0.4713541666666667 0.0185546875 0.033854166666666664
0 0.75830078125 0.4599609375 0.0146484375 0.025390625
0 0.8154296875 0.4488932291666667 0.0087890625 0.018880208333333332
1 0.9814453125 0.474609375 0.015625 0.026041666666666668
1 0.962890625 0.4567057291666667 0.0107421875 0.017578125
0 0.84228515625 0.4459635416666667 0.005859375 0.014322916666666666
1 0.768310546875 0.4293619791666667 0.00537109375 0.012369791666666666
1 0.892822265625 0.4440104166666667 0.00830078125 0.015625
0 0.7783203125 0.4332682291666667 0.0048828125 0.009765625
1 0.942138671875 0.4514973958333333 0.00927734375 0.014973958333333334
1 0.988525390625 0.5699869791666666 0.02001953125 0.068359375
