1 0.696875 0.64375 0.09625 0.275
1 0.275 0.4359375 0.0475 0.165625
1 0.11625 0.36875 0.04 0.14375
0 0.190625 0.24375 0.02125 0.08125
0 0.941875 0.1734375 0.02125 0.078125
1 0.745 0.1984375 0.02 0.084375
1 0.915625 0.209375 0.02875 0.09375
0 0.82375 0.1640625 0.02 0.071875
1 0.5325 0.2640625 0.0425 0.071875
0 0.558125 0.19375 0.02625 0.0875
1 0.30375 0.215625 0.025 0.08125
0 0.210625 0.2015625 0.01625 0.065625
1 0.690625 0.16875 0.01875 0.0625
1 0.489375 0.171875 0.01625 0.05625
0 0.0475 0.2046875 0.0175 0.071875
1 0.121875 0.190625 0.01625 0.0625
1 0.521875 0.159375 0.01625 0.05625
0 0.343125 0.1625 0.01375 0.04375
0 0.084375 0.215625 0.01625 0.075
0 0.5975 0.1515625 0.015 0.040625
0 0.27125 0.1640625 0.0125 0.034375
0 0.135625 0.1796875 0.01125 0.053125
2 0.435 0.1484375 0.01 0.046875
1 0.498125 0.1515625 0.01125 0.046875
0 0.424375 0.146875 0.00875 0.04375
1 0.87 0.1421875 0.015 0.053125
1 0.756875 0.1328125 0.01125 0.040625
1 0.17625 0.1671875 0.0125 0.040625
1 0.01375 0.2328125 0.0225 0.071875
1 0.774375 0.1359375 0.01125 0.040625
0 0.87875 0.1296875 0.0075 0.028125
0 0.56 0.1421875 0.01 0.040625
1 0.640625 0.1625 0.01875 0.0375
