0 0.175 0.5453125 0.0425 0.121875
0 0.36375 0.4625 0.035 0.08125
1 0.420625 0.475 0.03875 0.08125
0 0.0775 0.8109375 0.0725 0.221875
0 0.219375 0.4140625 0.02625 0.078125
1 0.501875 0.4765625 0.04125 0.078125
0 0.223125 0.371875 0.01625 0.05625
1 0.3975 0.4 0.02 0.075
1 0.469375 0.3609375 0.01625 0.059375
0 0.508125 0.375 0.01625 0.0625
1 0.015 0.4875 0.025 0.0875
1 0.073125 0.415625 0.02375 0.075
1 0.103125 0.3734375 0.01625 0.053125
0 0.5475 0.1765625 0.015 0.065625
1 0.5225 0.278125 0.015 0.0625
1 0.499375 0.2859375 0.01625 0.059375
2 0.791875 0.35 0.02375 0.1125
1 0.15125 0.315625 0.0125 0.03125
0 0.46875 0.271875 0.01 0.04375
0 0.45875 0.340625 0.0125 0.04375
1 0.468125 0.1125 0.01375 0.05
0 0.261875 0.303125 0.00875 0.025
0 0.21125 0.3546875 0.01 0.046875
2 0.20625 0.3296875 0.0075 0.034375
0 0.223125 0.3390625 0.01625 0.053125
0 0.23125 0.3078125 0.01 0.034375
0 0.199375 0.321875 0.00875 0.0375
1 0.09 0.353125 0.01 0.0375
1 0.119375 0.3265625 0.01125 0.034375
1 0.091875 0.309375 0.00875 0.025
0 0.2875 0.2984375 0.0075 0.021875
1 0.1075 0.3359375 0.01 0.034375
1 0.0475 0.325 0.01 0.025
1 0.435 0.265625 0.01 0.0375
