0 0.329296875 0.6083333333333333 0.02734375 0.08055555555555556
0 0.686328125 0.5347222222222222 0.02109375 0.06111111111111111
0 0.62109375 0.49236111111111114 0.015625 0.04583333333333333
0 0.05390625 0.9270833333333334 0.078125 0.14305555555555555
2 0.384375 0.4895833333333333 0.028125 0.10694444444444444
2 0.3265625 0.5138888888888888 0.028125 0.06944444444444445
0 0.425390625 0.50625 0.01640625 0.05138888888888889
0 0.459765625 0.4618055555555556 0.01015625 0.034722222222222224
0 0.9296875 0.5270833333333333 0.0203125 0.059722222222222225
2 0.7734375 0.49375 0.034375 0.13472222222222222
2 0.85703125 0.49583333333333335 0.0359375 0.13055555555555556
0 0.58828125 0.45555555555555555 0.0125 0.03333333333333333
0 0.5671875 0.43472222222222223 0.009375 0.019444444444444445
0 0.87890625 0.45625 0.0125 0.03194444444444444
0 0.47890625 0.44027777777777777 0.0078125 0.019444444444444445
0 0.983984375 0.4409722222222222 0.00859375 0.02638888888888889
0 0.9484375 0.42430555555555555 0.0078125 0.018055555555555554
1 0.376171875 0.5194444444444445 0.01640625 0.04722222222222222
2 0.4296875 0.4263888888888889 0.0078125 0.030555555555555555
2 0.451953125 0.42430555555555555 0.01015625 0.029166666666666667
