1 0.739013671875 0.5504557291666666 0.03662109375 0.07486979166666667
0 0.117431640625 0.6448567708333334 0.05908203125 0.10091145833333333
1 0.619873046875 0.4638671875 0.01708984375 0.031901041666666664
0 0.385986328125 0.47265625 0.01708984375 0.032552083333333336
1 0.587646484375 0.439453125 0.01123046875 0.020833333333333332
0 0.443603515625 0.4381510416666667 0.01025390625 0.018229166666666668
0 0.467041015625 0.4254557291666667 0.00830078125 0.014973958333333334
1 0.572021484375 0.4254557291666667 0.00927734375 0.017578125
0 0.47802734375 0.4182942708333333 0.0048828125 0.009765625
1 0.56103515625 0.4186197916666667 0.0048828125 0.009114583333333334
