0 0.68875 0.5152027027027027 0.0525 0.09797297297297297
0 0.515625 0.49915540540540543 0.03625 0.06925675675675676
1 0.09125 0.5337837837837838 0.1075 0.15878378378378377
0 0.42125 0.4907094594594595 0.0275 0.0625
0 0.345625 0.4856418918918919 0.02875 0.05574324324324324
0 0.974375 0.5489864864864865 0.04875 0.16216216216216217
2 0.556875 0.4864864864864865 0.02375 0.04054054054054054
0 0.585625 0.4873310810810811 0.02375 0.04560810810810811
1 0.044375 0.49155405405405406 0.05125 0.08445945945945946
0 0.245625 0.4780405405405405 0.02625 0.0472972972972973
0 0.1375 0.47128378378378377 0.0225 0.04391891891891892
1 0.56375 0.44341216216216217 0.0225 0.052364864864864864
1 0.0825 0.5059121621621622 0.065 0.10641891891891891
