1 0.321533203125 0.5100911458333334 0.03076171875 0.054036458333333336
1 0.402587890625 0.458984375 0.01806640625 0.03125
1 0.73974609375 0.548828125 0.0400390625 0.06770833333333333
1 0.378173828125 0.4339192708333333 0.01318359375 0.024088541666666668
1 0.466064453125 0.4140625 0.00927734375 0.015625
1 0.6259765625 0.4554036458333333 0.0146484375 0.027994791666666668
1 0.586669921875 0.4267578125 0.00927734375 0.017578125
1 0.487548828125 0.4049479166666667 0.00634765625 0.010416666666666666
1 0.573974609375 0.4153645833333333 0.00732421875 0.013020833333333334
1 0.56494140625 0.4095052083333333 0.005859375 0.01171875
1 0.49609375 0.4029947916666667 0.0048828125 0.009114583333333334
1 0.5556640625 0.4046223958333333 0.0048828125 0.008463541666666666
1 0.031005859375 0.4508463541666667 0.02001953125 0.025390625
1 0.118896484375 0.4212239583333333 0.01220703125 0.016927083333333332
1 0.073486328125 0.4088541666666667 0.00732421875 0.014322916666666666
1 0.144775390625 0.40625 0.00732421875 0.014322916666666666
1 0.207763671875 0.4026692708333333 0.00634765625 0.011067708333333334
1 0.354248046875 0.404296875 0.00830078125 0.013020833333333334
