0 0.6275 0.478125 0.035 0.125
0 0.811875 0.35625 0.03375 0.09375
1 0.215625 0.884375 0.09625 0.225
2 0.883125 0.4390625 0.06125 0.103125
1 0.391875 0.471875 0.03875 0.15625
1 0.435625 0.3765625 0.02625 0.084375
0 0.55625 0.3609375 0.02 0.078125
1 0.39625 0.3375 0.0175 0.06875
0 0.826875 0.9015625 0.11125 0.184375
0 0.49625 0.309375 0.0125 0.05625
0 0.439375 0.2890625 0.00875 0.046875
0 0.738125 0.2234375 0.00875 0.034375
2 0.628125 0.1953125 0.00875 0.034375
1 0.853125 0.2359375 0.01375 0.046875
1 0.685625 0.2171875 0.00875 0.034375
