2 0.8158854166666667 0.5009259259259259 0.024479166666666666 0.06666666666666667
2 0.7078125 0.37824074074074077 0.010416666666666666 0.028703703703703703
2 0.7309895833333333 0.362962962962963 0.0078125 0.022222222222222223
2 0.6953125 0.3425925925925926 0.005208333333333333 0.016666666666666666
2 0.37864583333333335 0.449537037037037 0.025 0.06018518518518518
2 0.584375 0.3402777777777778 0.008333333333333333 0.021296296296296296
2 0.63828125 0.3384259259259259 0.005729166666666666 0.017592592592592594
2 0.5328125 0.35324074074074074 0.0125 0.030555555555555555
2 0.8018229166666667 0.37222222222222223 0.0078125 0.020370370370370372
2 0.8559895833333333 0.3731481481481482 0.0067708333333333336 0.014814814814814815
