0 0.146484375 0.6529947916666666 0.0546875 0.08984375
0 0.44287109375 0.5384114583333334 0.0224609375 0.045572916666666664
0 0.61083984375 0.4973958333333333 0.0126953125 0.026041666666666668
0 0.6982421875 0.4700520833333333 0.0078125 0.015625
1 0.93896484375 0.5911458333333334 0.0380859375 0.0625
1 0.8662109375 0.5188802083333334 0.017578125 0.03515625
1 0.8427734375 0.4895833333333333 0.013671875 0.0234375
0 0.677734375 0.4765625 0.005859375 0.020833333333333332
0 0.73779296875 0.46484375 0.0068359375 0.013020833333333334
1 0.83251953125 0.4798177083333333 0.0087890625 0.016927083333333332
