0 0.33203125 0.5524088541666666 0.0390625 0.07096354166666667
0 0.406982421875 0.4713541666666667 0.02001953125 0.037760416666666664
1 0.885986328125 0.587890625 0.05419921875 0.09114583333333333
1 0.6630859375 0.4498697916666667 0.013671875 0.02734375
0 0.436279296875 0.443359375 0.01416015625 0.026041666666666668
1 0.7021484375 0.4798177083333333 0.0205078125 0.028645833333333332
1 0.69091796875 0.4440104166666667 0.0126953125 0.0234375
0 0.599853515625 0.4244791666666667 0.00927734375 0.016927083333333332
0 0.71875 0.4296875 0.009765625 0.018229166666666668
1 0.84912109375 0.4817708333333333 0.0205078125 0.03515625
1 0.761474609375 0.4567057291666667 0.01904296875 0.021484375
0 0.85693359375 0.4446614583333333 0.0126953125 0.01953125
0 0.506103515625 0.4319661458333333 0.01513671875 0.014973958333333334
