1 0.923125 0.5921875 0.06875 0.253125
1 0.120625 0.8421875 0.09625 0.303125
0 0.615 0.3296875 0.035 0.121875
1 0.87 0.3375 0.0375 0.125
0 0.4925 0.4609375 0.0475 0.171875
1 0.664375 0.2953125 0.03125 0.109375
1 0.975 0.378125 0.045 0.16875
1 0.940625 0.28125 0.02875 0.1125
1 0.730625 0.2609375 0.02625 0.090625
0 0.744375 0.2171875 0.01875 0.084375
0 0.85875 0.209375 0.0175 0.06875
0 0.3275 0.3515625 0.0375 0.078125
1 0.98 0.2796875 0.0275 0.109375
0 0.39625 0.3046875 0.035 0.078125
0 0.9 0.19375 0.0175 0.0625
0 0.94125 0.1703125 0.015 0.059375
0 0.861875 0.1734375 0.01625 0.059375
