2 0.07578125 0.6222222222222222 0.06822916666666666 0.13333333333333333
2 0.6604166666666667 0.4046296296296296 0.021875 0.05555555555555555
2 0.6296875 0.34074074074074073 0.010416666666666666 0.027777777777777776
2 0.37421875 0.3925925925925926 0.022395833333333334 0.05185185185185185
2 0.4635416666666667 0.33611111111111114 0.014583333333333334 0.03148148148148148
2 0.8611979166666667 0.887962962962963 0.1171875 0.2222222222222222
2 0.46953125 0.2962962962962963 0.005729166666666666 0.016666666666666666
2 0.6104166666666667 0.3143518518518518 0.007291666666666667 0.019444444444444445
2 0.49270833333333336 0.30925925925925923 0.00625 0.016666666666666666
2 0.5963541666666666 0.300462962962963 0.005208333333333333 0.013888888888888888
2 0.49583333333333335 0.3 0.005208333333333333 0.014814814814814815
2 0.41770833333333335 0.29814814814814816 0.005208333333333333 0.012962962962962963
