0 0.348388671875 0.5159505208333334 0.03466796875 0.059244791666666664
1 0.80126953125 0.5013020833333334 0.029296875 0.045572916666666664
1 0.971435546875 0.6393229166666666 0.05322265625 0.10807291666666667
0 0.47607421875 0.4602864583333333 0.017578125 0.033854166666666664
0 0.58251953125 0.4417317708333333 0.015625 0.024088541666666668
0 0.68017578125 0.4381510416666667 0.0107421875 0.020833333333333332
1 0.964599609375 0.4830729166666667 0.02197265625 0.033854166666666664
0 0.8330078125 0.4427083333333333 0.009765625 0.01953125
1 0.10009765625 0.4388020833333333 0.0107421875 0.024739583333333332
0 0.092041015625 0.4410807291666667 0.00732421875 0.024088541666666668
2 0.044677734375 0.44140625 0.00927734375 0.022135416666666668
