1 0.66943359375 0.5094401041666666 0.03125 0.056640625
1 0.90283203125 0.6383463541666666 0.06640625 0.10611979166666667
1 0.199951171875 0.5716145833333334 0.04443359375 0.07682291666666667
1 0.5478515625 0.4680989583333333 0.021484375 0.046875
1 0.443115234375 0.451171875 0.01904296875 0.033854166666666664
1 0.149658203125 0.4820963541666667 0.02783203125 0.042317708333333336
1 0.337158203125 0.4436848958333333 0.01513671875 0.029296875
1 0.245361328125 0.4420572916666667 0.01220703125 0.0234375
1 0.1572265625 0.4456380208333333 0.0166015625 0.024088541666666668
1 0.0185546875 0.4830729166666667 0.025390625 0.033854166666666664
1 0.053955078125 0.4501953125 0.01708984375 0.024088541666666668
