0 0.291748046875 0.6028645833333334 0.05126953125 0.09375
1 0.742431640625 0.4921875 0.02490234375 0.048177083333333336
0 0.40380859375 0.484375 0.0263671875 0.04296875
0 0.439697265625 0.4475911458333333 0.01611328125 0.029296875
1 0.78515625 0.4567057291666667 0.015625 0.026692708333333332
1 0.6875 0.4560546875 0.0185546875 0.029296875
0 0.507568359375 0.4300130208333333 0.01416015625 0.021484375
0 0.614501953125 0.423828125 0.01123046875 0.016927083333333332
1 0.904541015625 0.4931640625 0.02392578125 0.042317708333333336
0 0.890869140625 0.4456380208333333 0.01220703125 0.018880208333333332
1 0.716064453125 0.4479166666666667 0.01708984375 0.026041666666666668
0 0.740234375 0.4293619791666667 0.01171875 0.017578125
