2 0.8497395833333333 0.6421296296296296 0.0484375 0.13425925925925927
2 0.31484375 0.48657407407407405 0.03802083333333333 0.08425925925925926
2 0.6669270833333333 0.3416666666666667 0.0109375 0.012962962962962963
2 0.61640625 0.3333333333333333 0.009895833333333333 0.009259259259259259
2 0.7177083333333333 0.37916666666666665 0.011458333333333333 0.028703703703703703
2 0.5276041666666667 0.34953703703703703 0.008333333333333333 0.028703703703703703
2 0.5200520833333333 0.34444444444444444 0.008854166666666666 0.024074074074074074
2 0.6434895833333333 0.3375 0.0109375 0.012037037037037037
2 0.5989583333333334 0.3300925925925926 0.005208333333333333 0.012037037037037037
2 0.5130208333333334 0.32083333333333336 0.00625 0.01574074074074074
