1 0.38623046875 0.4736328125 0.0205078125 0.037109375
1 0.599853515625 0.4440104166666667 0.01220703125 0.0234375
1 0.431884765625 0.4365234375 0.01123046875 0.021484375
1 0.1728515625 0.6813151041666666 0.07421875 0.11653645833333333
1 0.83447265625 0.5205078125 0.029296875 0.050130208333333336
1 0.6298828125 0.466796875 0.0185546875 0.033854166666666664
1 0.56103515625 0.4208984375 0.0078125 0.014973958333333334
1 0.569091796875 0.4091796875 0.00634765625 0.012369791666666666
1 0.451171875 0.4215494791666667 0.0087890625 0.016276041666666668
1 0.662353515625 0.4309895833333333 0.01123046875 0.020833333333333332
1 0.4609375 0.4108072916666667 0.0087890625 0.015625
1 0.551025390625 0.4127604166666667 0.00634765625 0.014322916666666666
1 0.54248046875 0.40625 0.005859375 0.013020833333333334
1 0.760986328125 0.4235026041666667 0.00537109375 0.011067708333333334
1 0.74853515625 0.4225260416666667 0.0078125 0.013020833333333334
1 0.9765625 0.4381510416666667 0.0068359375 0.016927083333333332
1 0.826171875 0.412109375 0.0048828125 0.009114583333333334
1 0.57958984375 0.3942057291666667 0.0048828125 0.007161458333333333
1 0.4873046875 0.3951822916666667 0.0048828125 0.006510416666666667
1 0.468994140625 0.4055989583333333 0.00537109375 0.009114583333333334
1 0.47412109375 0.4000651041666667 0.0048828125 0.007161458333333333
1 0.962890625 0.4488932291666667 0.0087890625 0.017578125
1 0.94384765625 0.4287109375 0.0087890625 0.013671875
1 0.65771484375 0.419921875 0.0078125 0.013020833333333334
1 0.5380859375 0.4026692708333333 0.0048828125 0.009765625
1 0.62060546875 0.392578125 0.0048828125 0.006510416666666667
