1 0.8486328125 0.6868489583333334 0.0771484375 0.12890625
1 0.300537109375 0.5133463541666666 0.03076171875 0.052734375
1 0.581298828125 0.44921875 0.01416015625 0.02734375
1 0.630859375 0.4892578125 0.0244140625 0.042317708333333336
1 0.428466796875 0.4375 0.01318359375 0.020833333333333332
1 0.55224609375 0.4306640625 0.009765625 0.016276041666666668
1 0.141845703125 0.4567057291666667 0.01708984375 0.025390625
1 0.30810546875 0.4329427083333333 0.01171875 0.016927083333333332
1 0.451904296875 0.4283854166666667 0.00927734375 0.016927083333333332
1 0.3779296875 0.4244791666666667 0.0068359375 0.01171875
1 0.466796875 0.41796875 0.0048828125 0.010416666666666666
1 0.54443359375 0.4235026041666667 0.005859375 0.012369791666666666
1 0.539306640625 0.4202473958333333 0.00537109375 0.011067708333333334
1 0.5361328125 0.4166666666666667 0.0048828125 0.010416666666666666
1 0.12646484375 0.4417317708333333 0.0087890625 0.014973958333333334
1 0.53125 0.4114583333333333 0.0048828125 0.010416666666666666
1 0.52490234375 0.4095052083333333 0.0048828125 0.009114583333333334
1 0.398193359375 0.4186197916666667 0.00537109375 0.010416666666666666
