2 0.198486328125 0.6204427083333334 0.07763671875 0.16927083333333334
1 0.68896484375 0.5149739583333334 0.0341796875 0.053385416666666664
2 0.850830078125 0.6298828125 0.09228515625 0.17513020833333334
0 0.388671875 0.4619140625 0.0185546875 0.030598958333333332
1 0.610107421875 0.4641927083333333 0.02099609375 0.032552083333333336
0 0.316162109375 0.5309244791666666 0.03466796875 0.064453125
1 0.559814453125 0.4267578125 0.01025390625 0.018880208333333332
1 0.544677734375 0.4140625 0.00732421875 0.014322916666666666
1 0.53369140625 0.4072265625 0.0068359375 0.012369791666666666
0 0.42724609375 0.4241536458333333 0.0107421875 0.020182291666666668
0 0.440673828125 0.4124348958333333 0.00732421875 0.013671875
1 0.52490234375 0.4007161458333333 0.0068359375 0.011067708333333334
0 0.451171875 0.4007161458333333 0.005859375 0.011067708333333334
2 0.045166015625 0.8450520833333334 0.08935546875 0.23697916666666666
0 0.446044921875 0.4069010416666667 0.00634765625 0.013020833333333334
0 0.457763671875 0.3961588541666667 0.00537109375 0.009765625
1 0.5126953125 0.3893229166666667 0.0048828125 0.009114583333333334
1 0.517578125 0.392578125 0.0048828125 0.009114583333333334
1 0.52001953125 0.3968098958333333 0.0048828125 0.011067708333333334
1 0.51025390625 0.3860677083333333 0.0048828125 0.006510416666666667
