1 0.084375 0.528125 0.06125 0.1875
0 0.78125 0.503125 0.0525 0.20625
1 0.303125 0.3375 0.03375 0.15
0 0.875 0.29375 0.035 0.125
0 0.955 0.225 0.0275 0.09375
1 0.5725 0.375 0.0475 0.16875
1 0.714375 0.2421875 0.02625 0.096875
1 0.9475 0.8140625 0.1 0.340625
1 0.221875 0.2625 0.02875 0.1
1 0.089375 0.1921875 0.01125 0.053125
1 0.519375 0.190625 0.01875 0.0625
1 0.136875 0.240625 0.02125 0.08125
1 0.17375 0.1890625 0.01 0.046875
1 0.303125 0.2328125 0.02625 0.059375
0 0.445 0.178125 0.015 0.05
1 0.839375 0.1484375 0.01875 0.046875
0 0.879375 0.175 0.02125 0.0375
1 0.741875 0.165625 0.01375 0.05625
1 0.57375 0.1734375 0.0125 0.059375
0 0.320625 0.18125 0.01125 0.05
1 0.27375 0.1921875 0.0125 0.053125
0 0.116875 0.2046875 0.01375 0.059375
1 0.705625 0.159375 0.01125 0.05
