0 0.825 0.7078125 0.0775 0.259375
1 0.3175 0.4859375 0.0475 0.159375
1 0.0675 0.4296875 0.04 0.140625
1 0.506875 0.5390625 0.06125 0.203125
1 0.676875 0.2859375 0.02625 0.090625
1 0.274375 0.2734375 0.01625 0.065625
1 0.133125 0.2734375 0.02125 0.078125
0 0.04875 0.24375 0.0175 0.0625
0 0.96375 0.2765625 0.025 0.090625
0 0.458125 0.2796875 0.02375 0.078125
0 0.46625 0.24375 0.015 0.0625
0 0.296875 0.2484375 0.01375 0.059375
2 0.34 0.23125 0.0125 0.05
0 0.685625 0.246875 0.01625 0.06875
0 0.708125 0.203125 0.01125 0.05
0 0.146875 0.253125 0.01375 0.05625
1 0.440625 0.2171875 0.00875 0.034375
1 0.524375 0.2078125 0.01125 0.040625
1 0.198125 0.2328125 0.01375 0.040625
1 0.83 0.2 0.0125 0.04375
1 0.85375 0.1953125 0.01 0.040625
1 0.915625 0.1984375 0.01375 0.046875
0 0.59375 0.209375 0.01 0.0375
0 0.73375 0.1984375 0.01 0.040625
0 0.33125 0.2296875 0.0125 0.028125
1 0.31125 0.225 0.01 0.0375
0 0.99 0.253125 0.0175 0.06875
1 0.61 0.21875 0.015 0.03125
0 0.2725 0.2234375 0.0125 0.046875
