0 0.07625 0.815625 0.0725 0.23125
0 0.174375 0.5421875 0.04125 0.128125
1 0.50125 0.471875 0.04 0.075
1 0.420625 0.475 0.04125 0.06875
0 0.219375 0.4125 0.02375 0.08125
1 0.0725 0.415625 0.025 0.06875
1 0.014375 0.4859375 0.02625 0.084375
0 0.36375 0.4578125 0.035 0.071875
1 0.47 0.3609375 0.0175 0.053125
0 0.509375 0.375 0.01625 0.0625
1 0.15125 0.3171875 0.0125 0.034375
1 0.103125 0.3734375 0.01875 0.053125
0 0.2225 0.371875 0.0175 0.0625
0 0.5475 0.175 0.0175 0.075
2 0.791875 0.3546875 0.02625 0.115625
1 0.49875 0.2859375 0.0175 0.065625
0 0.22375 0.334375 0.0125 0.0375
0 0.21125 0.35625 0.0125 0.05
1 0.090625 0.353125 0.01125 0.04375
1 0.119375 0.325 0.01125 0.03125
1 0.5225 0.278125 0.015 0.0625
1 0.435625 0.265625 0.01125 0.04375
0 0.46875 0.271875 0.0125 0.05
0 0.230625 0.3078125 0.00875 0.034375
1 0.1075 0.334375 0.0125 0.03125
0 0.2 0.325 0.0075 0.03125
0 0.2625 0.3015625 0.0075 0.034375
1 0.170625 0.30625 0.01125 0.03125
1 0.38625 0.4375 0.025 0.0625
1 0.0475 0.328125 0.0075 0.025
