0 0.559375 0.49915540540540543 0.05125 0.09966216216216216
0 0.4575 0.4856418918918919 0.035 0.06587837837837837
0 0.255625 0.47888513513513514 0.03125 0.052364864864864864
0 0.185 0.47635135135135137 0.03 0.05405405405405406
1 0.0375 0.504222972972973 0.065 0.10304054054054054
0 0.06625 0.47719594594594594 0.0225 0.04560810810810811
0 0.114375 0.46875 0.01875 0.03209459459459459
0 0.216875 0.46790540540540543 0.01625 0.030405405405405407
0 0.97625 0.6131756756756757 0.045 0.10135135135135136
0 0.3 0.46621621621621623 0.01 0.02364864864864865
0 0.3175 0.46621621621621623 0.0075 0.016891891891891893
1 0.155 0.46368243243243246 0.0125 0.02533783783783784
