1 0.13625 0.5692567567567568 0.14 0.21283783783783783
1 0.308125 0.518581081081081 0.06125 0.11148648648648649
0 0.958125 0.5118243243243243 0.07875 0.11824324324324324
0 0.789375 0.48986486486486486 0.04625 0.08108108108108109
0 0.705 0.4814189189189189 0.035 0.057432432432432436
0 0.65625 0.47635135135135137 0.0225 0.05405405405405406
0 0.493125 0.4721283783783784 0.01625 0.03547297297297297
0 0.60625 0.47466216216216217 0.025 0.04391891891891892
0 0.556875 0.4721283783783784 0.02125 0.03885135135135135
1 0.393125 0.5016891891891891 0.04375 0.0777027027027027
0 0.425625 0.47128378378378377 0.01375 0.02702702702702703
1 0.350625 0.47888513513513514 0.01875 0.04222972972972973
0 0.4425 0.4653716216216216 0.0125 0.02533783783783784
0 0.26875 0.46790540540540543 0.015 0.02364864864864865
0 0.246875 0.47550675675675674 0.02125 0.03547297297297297
1 0.065 0.46875 0.0225 0.03547297297297297
1 0.169375 0.47128378378378377 0.02125 0.033783783783783786
