1 0.17724609375 0.64453125 0.068359375 0.10546875
1 0.26611328125 0.4983723958333333 0.0302734375 0.046223958333333336
1 0.65869140625 0.5563151041666666 0.0419921875 0.07096354166666667
1 0.48095703125 0.439453125 0.013671875 0.0234375
1 0.5673828125 0.4580078125 0.0146484375 0.029296875
1 0.162841796875 0.4518229166666667 0.01708984375 0.026041666666666668
1 0.236328125 0.4615885416666667 0.015625 0.03125
1 0.362548828125 0.4332682291666667 0.01025390625 0.018880208333333332
1 0.2666015625 0.4313151041666667 0.009765625 0.016276041666666668
1 0.326171875 0.412109375 0.0048828125 0.010416666666666666
1 0.194580078125 0.43359375 0.01025390625 0.015625
1 0.0458984375 0.4534505208333333 0.0126953125 0.020182291666666668
1 0.123046875 0.4368489583333333 0.0087890625 0.014322916666666666
