1 0.312255859375 0.5810546875 0.04736328125 0.083984375
1 0.77880859375 0.578125 0.04296875 0.07682291666666667
1 0.63330078125 0.4228515625 0.009765625 0.018880208333333332
1 0.54541015625 0.4694010416666667 0.01953125 0.036458333333333336
1 0.73974609375 0.466796875 0.017578125 0.032552083333333336
1 0.65087890625 0.41015625 0.0068359375 0.014322916666666666
1 0.724609375 0.4150390625 0.0087890625 0.016276041666666668
1 0.8212890625 0.4163411458333333 0.0087890625 0.014973958333333334
1 0.977294921875 0.4661458333333333 0.01416015625 0.0234375
1 0.951904296875 0.4583333333333333 0.01318359375 0.0234375
1 0.792236328125 0.3997395833333333 0.00634765625 0.010416666666666666
1 0.73193359375 0.404296875 0.005859375 0.01171875
1 0.67724609375 0.3935546875 0.0048828125 0.009765625
1 0.866943359375 0.4114583333333333 0.00634765625 0.01171875
1 0.672119140625 0.3971354166666667 0.00537109375 0.010416666666666666
1 0.73486328125 0.3994140625 0.0048828125 0.009765625
