2 0.178955078125 0.6214192708333334 0.07275390625 0.166015625
2 0.8466796875 0.6458333333333334 0.09375 0.18619791666666666
1 0.688720703125 0.5185546875 0.04150390625 0.06705729166666667
0 0.30712890625 0.5302734375 0.0419921875 0.07747395833333333
1 0.611328125 0.4638671875 0.0185546875 0.034505208333333336
0 0.428466796875 0.4241536458333333 0.01025390625 0.020182291666666668
1 0.5634765625 0.4264322916666667 0.0107421875 0.020833333333333332
0 0.38671875 0.4625651041666667 0.0205078125 0.034505208333333336
1 0.548095703125 0.4140625 0.00927734375 0.016927083333333332
1 0.537109375 0.4075520833333333 0.0068359375 0.013020833333333334
0 0.4443359375 0.412109375 0.0078125 0.014322916666666666
0 0.45556640625 0.400390625 0.0068359375 0.01171875
1 0.529541015625 0.4010416666666667 0.00537109375 0.010416666666666666
1 0.525390625 0.396484375 0.0048828125 0.009114583333333334
0 0.462158203125 0.396484375 0.00537109375 0.0078125
0 0.4501953125 0.4059244791666667 0.005859375 0.012369791666666666
1 0.522216796875 0.3935546875 0.00537109375 0.008463541666666666
2 0.024169921875 0.8929036458333334 0.04736328125 0.083984375
2 0.9697265625 0.8382161458333334 0.0576171875 0.12434895833333333
