1 0.75375 0.778125 0.105 0.19375
1 0.585625 0.4515625 0.03375 0.078125
0 0.2475 0.5421875 0.0475 0.134375
0 0.400625 0.4109375 0.02375 0.084375
1 0.498125 0.3671875 0.01625 0.065625
0 0.709375 0.2203125 0.03125 0.096875
0 0.63 0.309375 0.0275 0.0875
0 0.5525 0.353125 0.015 0.05625
1 0.41125 0.346875 0.015 0.05
1 0.4775 0.3015625 0.0075 0.034375
1 0.46375 0.2859375 0.0075 0.028125
2 0.455 0.28125 0.0075 0.025
1 0.4275 0.2828125 0.0075 0.034375
1 0.3975 0.284375 0.0075 0.025
0 0.311875 0.315625 0.01875 0.05
1 0.594375 0.296875 0.01375 0.0375
