1 0.728125 0.6953125 0.06625 0.215625
1 0.680625 0.4984375 0.03375 0.128125
0 0.705 0.4296875 0.025 0.090625
1 0.39875 0.409375 0.0275 0.09375
1 0.265 0.55 0.0575 0.15625
1 0.511875 0.3578125 0.01625 0.071875
1 0.57375 0.3328125 0.0125 0.053125
1 0.476875 0.3171875 0.01125 0.046875
1 0.610625 0.3140625 0.00875 0.040625
1 0.750625 0.390625 0.02125 0.06875
0 0.77875 0.3796875 0.0125 0.059375
0 0.770625 0.3515625 0.01125 0.046875
1 0.73 0.3234375 0.0125 0.040625
0 0.165625 0.1609375 0.04375 0.134375
0 0.54125 0.278125 0.0075 0.03125
0 0.66375 0.2859375 0.0075 0.028125
0 0.58625 0.3 0.0075 0.0375
2 0.640625 0.29375 0.00875 0.03125
