1 0.203125 0.4192708333333333 0.0048828125 0.013020833333333334
0 0.1513671875 0.4378255208333333 0.0087890625 0.016276041666666668
1 0.146240234375 0.427734375 0.00634765625 0.013020833333333334
1 0.06103515625 0.4407552083333333 0.0087890625 0.015625
0 0.01953125 0.4615885416666667 0.01171875 0.020833333333333332
0 0.27197265625 0.4163411458333333 0.005859375 0.008463541666666666
0 0.300537109375 0.4111328125 0.00537109375 0.009765625
1 0.248291015625 0.4111328125 0.00634765625 0.011067708333333334
1 0.2802734375 0.4065755208333333 0.005859375 0.009765625
1 0.30615234375 0.4020182291666667 0.0048828125 0.008463541666666666
0 0.224609375 0.4241536458333333 0.0068359375 0.012369791666666666
1 0.34130859375 0.396484375 0.0048828125 0.010416666666666666
0 0.326416015625 0.4065755208333333 0.00537109375 0.008463541666666666
1 0.32568359375 0.3987630208333333 0.0048828125 0.007161458333333333
0 0.375 0.3981119791666667 0.0048828125 0.007161458333333333
0 0.344482421875 0.4046223958333333 0.00537109375 0.007161458333333333
1 0.35693359375 0.3929036458333333 0.0048828125 0.008463541666666666
