1 0.95546875 0.8652777777777778 0.0734375 0.18888888888888888
1 0.265234375 0.6236111111111111 0.03046875 0.07777777777777778
1 0.344921875 0.5145833333333333 0.01484375 0.04583333333333333
1 0.5953125 0.4777777777777778 0.0109375 0.03611111111111111
1 0.741796875 0.5402777777777777 0.02265625 0.058333333333333334
1 0.4796875 0.45416666666666666 0.0078125 0.025
1 0.33359375 0.48680555555555555 0.0109375 0.03194444444444444
1 0.286328125 0.46458333333333335 0.00859375 0.02361111111111111
1 0.38203125 0.4444444444444444 0.0078125 0.019444444444444445
1 0.23125 0.46111111111111114 0.0078125 0.019444444444444445
1 0.17734375 0.4638888888888889 0.0078125 0.019444444444444445
1 0.29375 0.4465277777777778 0.0078125 0.018055555555555554
1 0.223046875 0.4513888888888889 0.00703125 0.019444444444444445
1 0.078515625 0.47430555555555554 0.00703125 0.018055555555555554
1 0.1421875 0.4666666666666667 0.0078125 0.019444444444444445
1 0.7 0.43680555555555556 0.0078125 0.020833333333333332
