2 0.414794921875 0.470703125 0.02197265625 0.055989583333333336
2 0.390869140625 0.4645182291666667 0.02099609375 0.052734375
1 0.312744140625 0.4459635416666667 0.01220703125 0.020833333333333332
1 0.351806640625 0.4554036458333333 0.01611328125 0.026692708333333332
1 0.275390625 0.4322916666666667 0.0087890625 0.014322916666666666
2 0.167724609375 0.5042317708333334 0.03173828125 0.06966145833333333
1 0.259765625 0.4264322916666667 0.0087890625 0.013020833333333334
1 0.23828125 0.4192708333333333 0.0048828125 0.010416666666666666
1 0.232421875 0.4153645833333333 0.0048828125 0.009114583333333334
0 0.17041015625 0.4580078125 0.0126953125 0.022786458333333332
1 0.248291015625 0.4231770833333333 0.00732421875 0.01171875
1 0.22802734375 0.4130859375 0.0048828125 0.008463541666666666
0 0.169921875 0.439453125 0.009765625 0.015625
