1 0.7375 0.4907094594594595 0.0375 0.05912162162162162
0 0.249375 0.49493243243243246 0.03375 0.060810810810810814
0 0.34125 0.44172297297297297 0.0225 0.03885135135135135
1 0.66125 0.4375 0.0225 0.04054054054054054
1 0.63375 0.41469594594594594 0.0175 0.03209459459459459
0 0.37375 0.4189189189189189 0.0125 0.02364864864864865
1 0.5925 0.4028716216216216 0.015 0.028716216216216218
1 0.545625 0.3927364864864865 0.01125 0.02533783783783784
1 0.474375 0.3885135135135135 0.01375 0.02027027027027027
0 0.379375 0.40540540540540543 0.01125 0.02702702702702703
0 0.36 0.39611486486486486 0.01 0.02195945945945946
0 0.31625 0.3927364864864865 0.01 0.02195945945945946
