0 0.25 0.5346283783783784 0.045 0.08614864864864864
1 0.743125 0.46621621621621623 0.03375 0.060810810810810814
1 0.635 0.4197635135135135 0.0225 0.03885135135135135
0 0.390625 0.4231418918918919 0.02125 0.04222972972972973
1 0.418125 0.39442567567567566 0.01125 0.02533783783783784
1 0.346875 0.3935810810810811 0.01125 0.02364864864864865
1 0.52875 0.40033783783783783 0.01 0.02702702702702703
0 0.325 0.40878378378378377 0.01 0.02702702702702703
0 0.138125 0.40709459459459457 0.01625 0.02702702702702703
0 0.263125 0.40540540540540543 0.01625 0.033783783783783786
