1 0.07625 0.540625 0.115 0.33125
1 0.218125 0.275 0.08875 0.2125
0 0.30875 0.5734375 0.055 0.178125
0 0.68125 0.5953125 0.0575 0.178125
1 0.3725 0.4078125 0.035 0.121875
1 0.614375 0.325 0.02625 0.08125
0 0.60875 0.434375 0.035 0.11875
1 0.413125 0.3328125 0.02125 0.078125
1 0.495625 0.2828125 0.01625 0.059375
0 0.66875 0.171875 0.0225 0.08125
0 0.541875 0.26875 0.01375 0.05
1 0.593125 0.2625 0.01375 0.05
1 0.860625 0.234375 0.01125 0.04375
1 0.89 0.225 0.01 0.03125
0 0.83125 0.2421875 0.0125 0.040625
0 0.878125 0.2296875 0.00875 0.034375
0 0.77875 0.2484375 0.0125 0.034375
1 0.978125 0.315625 0.01375 0.05625
