1 0.305859375 0.6548611111111111 0.03828125 0.09861111111111111
1 0.373828125 0.5486111111111112 0.01640625 0.041666666666666664
1 0.362890625 0.5243055555555556 0.01015625 0.02638888888888889
1 0.609765625 0.5145833333333333 0.01328125 0.043055555555555555
1 0.521484375 0.50625 0.00859375 0.02361111111111111
1 0.099609375 0.5770833333333333 0.01171875 0.03194444444444444
1 0.391015625 0.5090277777777777 0.00703125 0.018055555555555554
1 0.11171875 0.5743055555555555 0.0125 0.0375
1 0.5 0.5013888888888889 0.0078125 0.016666666666666666
1 0.5109375 0.49444444444444446 0.0078125 0.013888888888888888
1 0.4234375 0.5041666666666667 0.0078125 0.019444444444444445
