2 0.341064453125 0.5146484375 0.02880859375 0.052734375
2 0.406982421875 0.4580078125 0.01904296875 0.031901041666666664
2 0.641357421875 0.4537760416666667 0.01611328125 0.03125
2 0.6015625 0.427734375 0.01171875 0.020833333333333332
2 0.760986328125 0.5227864583333334 0.03466796875 0.053385416666666664
2 0.437744140625 0.431640625 0.01611328125 0.020833333333333332
2 0.578369140625 0.4156901041666667 0.01123046875 0.018880208333333332
2 0.453125 0.4169921875 0.009765625 0.017578125
2 0.56298828125 0.4069010416666667 0.0078125 0.014322916666666666
2 0.55322265625 0.40234375 0.0068359375 0.01171875
2 0.4599609375 0.4091796875 0.0078125 0.014973958333333334
2 0.475830078125 0.4036458333333333 0.00537109375 0.010416666666666666
2 0.545654296875 0.400390625 0.00537109375 0.009114583333333334
