1 0.691162109375 0.46484375 0.01904296875 0.03515625
1 0.628173828125 0.4283854166666667 0.01025390625 0.01953125
0 0.204345703125 0.6878255208333334 0.07177734375 0.11783854166666667
0 0.4208984375 0.46484375 0.0185546875 0.03515625
1 0.6181640625 0.4189453125 0.0078125 0.014973958333333334
0 0.45849609375 0.423828125 0.0107421875 0.013020833333333334
0 0.58544921875 0.4010416666666667 0.005859375 0.006510416666666667
1 0.634033203125 0.4140625 0.00732421875 0.010416666666666666
0 0.4755859375 0.4137369791666667 0.0068359375 0.013671875
0 0.526611328125 0.4075520833333333 0.00537109375 0.010416666666666666
1 0.673828125 0.40234375 0.0048828125 0.009114583333333334
1 0.65625 0.4069010416666667 0.005859375 0.009114583333333334
0 0.6328125 0.3958333333333333 0.0048828125 0.006510416666666667
1 0.732421875 0.3968098958333333 0.0048828125 0.008463541666666666
1 0.76708984375 0.39453125 0.0048828125 0.01171875
0 0.68896484375 0.3932291666666667 0.0048828125 0.006510416666666667
