0 0.107177734375 0.6598307291666666 0.06201171875 0.10221354166666667
1 0.865966796875 0.5309244791666666 0.03662109375 0.060546875
1 0.618408203125 0.4694010416666667 0.01904296875 0.037760416666666664
1 0.47900390625 0.4541015625 0.0224609375 0.020182291666666668
1 0.3515625 0.4459635416666667 0.0146484375 0.026041666666666668
0 0.134033203125 0.5283203125 0.02978515625 0.054036458333333336
1 0.234619140625 0.4427083333333333 0.01220703125 0.022135416666666668
1 0.294921875 0.4222005208333333 0.01171875 0.011067708333333334
1 0.2138671875 0.4352213541666667 0.01171875 0.017578125
1 0.158203125 0.4290364583333333 0.0087890625 0.015625
0 0.048828125 0.4879557291666667 0.0205078125 0.033203125
0 0.044189453125 0.4495442708333333 0.01318359375 0.018880208333333332
0 0.097900390625 0.4371744791666667 0.01025390625 0.016276041666666668
0 0.251708984375 0.4176432291666667 0.00732421875 0.012369791666666666
0 0.0224609375 0.4671223958333333 0.01953125 0.021484375
1 0.365234375 0.4117838541666667 0.0087890625 0.014973958333333334
1 0.47021484375 0.4026692708333333 0.0068359375 0.012369791666666666
1 0.574462890625 0.3971354166666667 0.00537109375 0.01171875
0 0.349609375 0.408203125 0.0087890625 0.0078125
0 0.41162109375 0.3935546875 0.0048828125 0.009765625
2 0.798828125 0.3863932291666667 0.0068359375 0.012369791666666666
