0 0.18994140625 0.7552083333333334 0.080078125 0.14453125
0 0.243408203125 0.5400390625 0.03466796875 0.061848958333333336
0 0.166259765625 0.4879557291666667 0.01904296875 0.031901041666666664
1 0.620849609375 0.4606119791666667 0.01904296875 0.033203125
1 0.788330078125 0.4938151041666667 0.02880859375 0.050130208333333336
0 0.14697265625 0.4602864583333333 0.013671875 0.0234375
1 0.349365234375 0.443359375 0.01416015625 0.026041666666666668
1 0.32763671875 0.4342447916666667 0.0126953125 0.022135416666666668
1 0.472412109375 0.4521484375 0.01806640625 0.030598958333333332
0 0.17138671875 0.4449869791666667 0.009765625 0.016276041666666668
0 0.21875 0.43359375 0.0078125 0.014322916666666666
0 0.27490234375 0.4251302083333333 0.0068359375 0.013020833333333334
0 0.406494140625 0.4205729166666667 0.00927734375 0.014322916666666666
1 0.478515625 0.4124348958333333 0.0078125 0.012369791666666666
1 0.69580078125 0.4026692708333333 0.0048828125 0.012369791666666666
