1 0.69921875 0.6604817708333334 0.06640625 0.11653645833333333
1 0.7421875 0.5279947916666666 0.03515625 0.061197916666666664
1 0.30908203125 0.5126953125 0.029296875 0.050130208333333336
1 0.4248046875 0.4736328125 0.0224609375 0.038411458333333336
1 0.695556640625 0.4830729166666667 0.02099609375 0.036458333333333336
1 0.66845703125 0.4547526041666667 0.0166015625 0.030598958333333332
1 0.489013671875 0.4401041666666667 0.01513671875 0.024739583333333332
1 0.645751953125 0.4261067708333333 0.01123046875 0.018880208333333332
1 0.515625 0.4274088541666667 0.0107421875 0.018880208333333332
1 0.53857421875 0.4153645833333333 0.0078125 0.014322916666666666
1 0.50634765625 0.40625 0.005859375 0.01171875
1 0.4921875 0.4231770833333333 0.0078125 0.015625
1 0.359375 0.4251302083333333 0.009765625 0.015625
1 0.205078125 0.4453125 0.0126953125 0.022135416666666668
