1 0.7060546875 0.5904947916666666 0.0458984375 0.08854166666666667
1 0.3447265625 0.4921875 0.0234375 0.044270833333333336
1 0.603515625 0.4814453125 0.0224609375 0.038411458333333336
1 0.4130859375 0.4547526041666667 0.0146484375 0.026692708333333332
1 0.552490234375 0.4264322916666667 0.00830078125 0.016927083333333332
1 0.353271484375 0.4186197916666667 0.01123046875 0.014322916666666666
1 0.462158203125 0.4267578125 0.01416015625 0.021484375
1 0.542236328125 0.4166666666666667 0.00830078125 0.015625
1 0.477294921875 0.4072265625 0.00732421875 0.012369791666666666
1 0.09130859375 0.4742838541666667 0.0185546875 0.026692708333333332
1 0.11767578125 0.4397786458333333 0.0078125 0.014973958333333334
1 0.302001953125 0.4436848958333333 0.01416015625 0.024088541666666668
1 0.48095703125 0.3984375 0.0048828125 0.010416666666666666
1 0.467529296875 0.3955078125 0.00537109375 0.008463541666666666
1 0.178466796875 0.419921875 0.00537109375 0.010416666666666666
1 0.16943359375 0.4130859375 0.005859375 0.009765625
1 0.230712890625 0.4225260416666667 0.00732421875 0.013020833333333334
1 0.380859375 0.4033203125 0.0078125 0.009765625
1 0.31884765625 0.4124348958333333 0.0048828125 0.011067708333333334
1 0.259765625 0.4065755208333333 0.0048828125 0.009765625
1 0.531005859375 0.4029947916666667 0.00537109375 0.010416666666666666
1 0.5283203125 0.396484375 0.0048828125 0.0078125
1 0.4423828125 0.3938802083333333 0.0048828125 0.009114583333333334
1 0.11181640625 0.4215494791666667 0.005859375 0.011067708333333334
1 0.123046875 0.4290364583333333 0.0078125 0.014322916666666666
1 0.2412109375 0.4020182291666667 0.0048828125 0.008463541666666666
1 0.22265625 0.4049479166666667 0.0048828125 0.009114583333333334
1 0.27783203125 0.3971354166666667 0.0048828125 0.0078125
1 0.4228515625 0.3899739583333333 0.0048828125 0.006510416666666667
1 0.407470703125 0.3922526041666667 0.00537109375 0.008463541666666666
1 0.018798828125 0.4342447916666667 0.00927734375 0.015625
