0 0.689453125 0.5402777777777777 0.02265625 0.06388888888888888
0 0.198828125 0.6430555555555556 0.02734375 0.075
0 0.248828125 0.5270833333333333 0.01328125 0.0375
0 0.526953125 0.4756944444444444 0.01328125 0.034722222222222224
0 0.474609375 0.45416666666666666 0.00859375 0.025
0 0.26640625 0.4840277777777778 0.0078125 0.018055555555555554
2 0.257421875 0.44583333333333336 0.00703125 0.013888888888888888
2 0.3671875 0.4263888888888889 0.0078125 0.025
2 0.38671875 0.42430555555555555 0.0078125 0.02361111111111111
0 0.44453125 0.4465277777777778 0.0078125 0.018055555555555554
0 0.443359375 0.43333333333333335 0.00703125 0.013888888888888888
