2 0.25625 0.5532407407407407 0.05416666666666667 0.10833333333333334
2 0.84140625 0.449537037037037 0.0203125 0.04537037037037037
2 0.4903645833333333 0.3648148148148148 0.0140625 0.03333333333333333
2 0.625 0.3523148148148148 0.013541666666666667 0.026851851851851852
2 0.9825520833333333 0.6722222222222223 0.0296875 0.12777777777777777
2 0.11067708333333333 0.35462962962962963 0.009895833333333333 0.022222222222222223
2 0.23515625 0.32037037037037036 0.009895833333333333 0.018518518518518517
2 0.20416666666666666 0.3560185185185185 0.009375 0.025
2 0.8989583333333333 0.3921296296296296 0.00625 0.019444444444444445
2 0.7265625 0.3398148148148148 0.007291666666666667 0.024074074074074074
2 0.32005208333333335 0.3189814814814815 0.008854166666666666 0.017592592592592594
2 0.70703125 0.3347222222222222 0.0109375 0.012037037037037037
2 0.7609375 0.3648148148148148 0.00625 0.020370370370370372
