0 0.7525 0.63125 0.0575 0.18125
1 0.635 0.421875 0.025 0.0875
0 0.766875 0.39375 0.02625 0.0875
1 0.8475 0.496875 0.045 0.125
1 0.11875 0.88125 0.0975 0.23125
1 0.395625 0.4359375 0.02625 0.090625
0 0.45875 0.35 0.015 0.05625
0 0.49375 0.3046875 0.01 0.040625
0 0.748125 0.3609375 0.01875 0.071875
1 0.584375 0.33125 0.01375 0.05
1 0.190625 0.4765625 0.03875 0.121875
0 0.27 0.4109375 0.025 0.090625
1 0.64 0.3203125 0.015 0.053125
0 0.565 0.290625 0.0075 0.03125
1 0.723125 0.3328125 0.01625 0.059375
1 0.425625 0.1890625 0.01375 0.046875
1 0.56875 0.2671875 0.0075 0.028125
0 0.59375 0.3015625 0.0075 0.028125
0 0.52 0.2875 0.0075 0.03125
0 0.585 0.271875 0.0075 0.025
0 0.55625 0.2625 0.0075 0.01875
0 0.52625 0.28125 0.0075 0.0375
