2 0.19609375 0.48935185185185187 0.0265625 0.0787037037037037
2 0.7979166666666667 0.6370370370370371 0.057291666666666664 0.12222222222222222
2 0.77421875 0.4310185185185185 0.0234375 0.04722222222222222
2 0.7494791666666667 0.35694444444444445 0.009375 0.023148148148148147
2 0.45703125 0.35833333333333334 0.0171875 0.03888888888888889
2 0.9036458333333334 0.3875 0.008333333333333333 0.019444444444444445
2 0.2203125 0.3574074074074074 0.011458333333333333 0.024074074074074074
2 0.60546875 0.3435185185185185 0.011979166666666667 0.027777777777777776
2 0.71328125 0.33194444444444443 0.011979166666666667 0.01574074074074074
2 0.33515625 0.3226851851851852 0.0078125 0.017592592592592594
2 0.7296875 0.3333333333333333 0.008333333333333333 0.024074074074074074
2 0.14401041666666667 0.35509259259259257 0.008854166666666666 0.019444444444444445
2 0.2598958333333333 0.325 0.00625 0.014814814814814815
