2 0.13619791666666667 0.7671296296296296 0.05572916666666667 0.16018518518518518
2 0.28203125 0.37916666666666665 0.0140625 0.03796296296296296
2 0.259375 0.5217592592592593 0.030208333333333334 0.08611111111111111
2 0.44921875 0.3435185185185185 0.013020833333333334 0.02962962962962963
2 0.63671875 0.399537037037037 0.019270833333333334 0.04722222222222222
2 0.24609375 0.3476851851851852 0.008854166666666666 0.026851851851851852
2 0.27369791666666665 0.3125 0.005729166666666666 0.017592592592592594
2 0.3645833333333333 0.31666666666666665 0.007291666666666667 0.020370370370370372
2 0.20598958333333334 0.30972222222222223 0.005729166666666666 0.013888888888888888
2 0.12630208333333334 0.3277777777777778 0.005729166666666666 0.016666666666666666
2 0.16484375 0.337037037037037 0.009895833333333333 0.020370370370370372
