0 0.312890625 0.6201388888888889 0.03984375 0.10972222222222222
1 0.354296875 0.6111111111111112 0.02890625 0.08888888888888889
0 0.43515625 0.49444444444444446 0.0125 0.03333333333333333
1 0.45078125 0.4951388888888889 0.0125 0.034722222222222224
0 0.118359375 0.5305555555555556 0.01328125 0.03333333333333333
0 0.268359375 0.5041666666666667 0.01171875 0.03333333333333333
1 0.656640625 0.4847222222222222 0.01328125 0.03888888888888889
1 0.596875 0.4666666666666667 0.009375 0.022222222222222223
0 0.0578125 0.5430555555555555 0.015625 0.04722222222222222
1 0.469140625 0.47291666666666665 0.00859375 0.02638888888888889
0 0.37109375 0.4722222222222222 0.0078125 0.019444444444444445
0 0.39375 0.4673611111111111 0.0078125 0.015277777777777777
0 0.459765625 0.4708333333333333 0.00859375 0.025
1 0.575 0.46111111111111114 0.0078125 0.022222222222222223
0 0.353125 0.47847222222222224 0.0078125 0.018055555555555554
