1 0.26484375 0.3423611111111111 0.0140625 0.029166666666666667
1 0.7015625 0.43819444444444444 0.0328125 0.07083333333333333
1 0.226953125 0.4465277777777778 0.03984375 0.0875
1 0.5 0.34305555555555556 0.0171875 0.03333333333333333
1 0.29609375 0.36319444444444443 0.01875 0.04861111111111111
1 0.395703125 0.32013888888888886 0.00859375 0.02361111111111111
1 0.076171875 0.34444444444444444 0.00859375 0.019444444444444445
1 0.140625 0.3215277777777778 0.0078125 0.015277777777777777
1 0.28828125 0.31319444444444444 0.0078125 0.018055555555555554
1 0.18125 0.33541666666666664 0.009375 0.020833333333333332
