1 0.781005859375 0.494140625 0.02197265625 0.04296875
1 0.742431640625 0.4518229166666667 0.01318359375 0.028645833333333332
0 0.291015625 0.5237630208333334 0.0283203125 0.056640625
0 0.45458984375 0.45703125 0.015625 0.03125
1 0.725830078125 0.4358723958333333 0.00830078125 0.018880208333333332
0 0.53662109375 0.4361979166666667 0.009765625 0.01953125
0 0.599365234375 0.4290364583333333 0.00830078125 0.018229166666666668
1 0.708984375 0.4244791666666667 0.0078125 0.016927083333333332
1 0.693603515625 0.4163411458333333 0.00732421875 0.014973958333333334
1 0.682861328125 0.4108072916666667 0.00634765625 0.014322916666666666
1 0.672607421875 0.4055989583333333 0.00634765625 0.013020833333333334
