2 0.7479166666666667 0.700462962962963 0.052083333333333336 0.1527777777777778
2 0.35390625 0.3574074074074074 0.013020833333333334 0.027777777777777776
2 0.5265625 0.39166666666666666 0.015625 0.04259259259259259
2 0.24088541666666666 0.41388888888888886 0.016145833333333335 0.044444444444444446
2 0.5747395833333333 0.4527777777777778 0.025520833333333333 0.05555555555555555
2 0.3776041666666667 0.3476851851851852 0.011458333333333333 0.026851851851851852
2 0.51953125 0.35694444444444445 0.0109375 0.028703703703703703
2 0.525 0.3365740740740741 0.009375 0.021296296296296296
2 0.32760416666666664 0.3314814814814815 0.009375 0.022222222222222223
2 0.45729166666666665 0.32037037037037036 0.008333333333333333 0.020370370370370372
