2 0.30029296875 0.5319010416666666 0.041015625 0.061197916666666664
2 0.384765625 0.458984375 0.0205078125 0.03125
2 0.41552734375 0.4329427083333333 0.015625 0.024739583333333332
2 0.62255859375 0.4554036458333333 0.01953125 0.033203125
2 0.72021484375 0.5208333333333334 0.03125 0.053385416666666664
2 0.5810546875 0.431640625 0.013671875 0.024739583333333332
2 0.556884765625 0.4176432291666667 0.00830078125 0.014973958333333334
2 0.42919921875 0.4192708333333333 0.009765625 0.015625
2 0.533935546875 0.4072265625 0.00634765625 0.012369791666666666
2 0.5439453125 0.4108072916666667 0.005859375 0.01171875
2 0.451416015625 0.4111328125 0.00634765625 0.011067708333333334
