1 0.7425 0.496875 0.0375 0.125
1 0.198125 0.528125 0.05375 0.0875
0 0.27375 0.76875 0.07 0.2125
0 0.425625 0.5171875 0.02625 0.103125
0 0.199375 0.43125 0.02625 0.0625
1 0.426875 0.4453125 0.02125 0.071875
1 0.81 0.309375 0.02 0.06875
1 0.73375 0.3078125 0.025 0.040625
1 0.64625 0.421875 0.0225 0.08125
0 0.820625 0.4328125 0.05125 0.078125
1 0.585625 0.378125 0.01875 0.0625
0 0.55375 0.35625 0.015 0.04375
0 0.3275 0.3796875 0.015 0.053125
0 0.6475 0.3140625 0.0125 0.034375
0 0.398125 0.375 0.01125 0.0375
1 0.4025 0.409375 0.015 0.03125
0 0.52375 0.3359375 0.01 0.040625
0 0.50625 0.334375 0.01 0.0375
1 0.455625 0.3390625 0.00875 0.028125
