1 0.87265625 0.6430555555555556 0.04375 0.10555555555555556
1 0.312109375 0.4409722222222222 0.03046875 0.08472222222222223
0 0.256640625 0.35555555555555557 0.01953125 0.05555555555555555
1 0.412890625 0.375 0.01796875 0.05277777777777778
0 0.0640625 0.3416666666666667 0.01875 0.05555555555555555
0 0.18125 0.275 0.0125 0.03333333333333333
0 0.325390625 0.2951388888888889 0.01171875 0.03194444444444444
1 0.703125 0.40555555555555556 0.0140625 0.041666666666666664
1 0.676171875 0.36875 0.01015625 0.02361111111111111
0 0.430859375 0.30625 0.01171875 0.029166666666666667
1 0.506640625 0.3159722222222222 0.01171875 0.02638888888888889
1 0.5421875 0.3055555555555556 0.0078125 0.019444444444444445
1 0.66484375 0.33611111111111114 0.0078125 0.016666666666666666
0 0.1046875 0.2673611111111111 0.009375 0.020833333333333332
1 0.66796875 0.34652777777777777 0.0078125 0.018055555555555554
1 0.69140625 0.33958333333333335 0.0078125 0.018055555555555554
1 0.62109375 0.31180555555555556 0.0078125 0.018055555555555554
1 0.65 0.3194444444444444 0.0078125 0.013888888888888888
