0 0.2125 0.5591216216216216 0.0475 0.08783783783783784
1 0.750625 0.47550675675675674 0.03375 0.06587837837837837
0 0.374375 0.42989864864864863 0.02125 0.04222972972972973
1 0.63375 0.4214527027027027 0.025 0.04222972972972973
1 0.52125 0.40371621621621623 0.015 0.02702702702702703
1 0.409375 0.40033783783783783 0.01375 0.02364864864864865
0 0.310625 0.41216216216216217 0.01625 0.030405405405405407
0 0.249375 0.4079391891891892 0.01375 0.02533783783783784
1 0.21375 0.39780405405405406 0.01 0.018581081081081082
1 0.33625 0.39780405405405406 0.01 0.02195945945945946
1 0.268125 0.3952702702702703 0.01125 0.02027027027027027
0 0.053125 0.4079391891891892 0.00875 0.018581081081081082
1 0.12875 0.39780405405405406 0.01 0.015202702702702704
0 0.185625 0.4079391891891892 0.01125 0.02195945945945946
