1 0.93115234375 0.6591796875 0.060546875 0.107421875
1 0.48095703125 0.46875 0.0205078125 0.036458333333333336
1 0.314208984375 0.513671875 0.02978515625 0.053385416666666664
1 0.695556640625 0.4501953125 0.01416015625 0.025390625
1 0.837158203125 0.5045572916666666 0.03076171875 0.044270833333333336
1 0.8740234375 0.4694010416666667 0.0185546875 0.032552083333333336
1 0.93701171875 0.4326171875 0.01171875 0.016276041666666668
1 0.817138671875 0.4446614583333333 0.01416015625 0.01953125
1 0.968017578125 0.4554036458333333 0.01806640625 0.029296875
1 0.9765625 0.4261067708333333 0.013671875 0.014973958333333334
