1 0.128515625 0.6493055555555556 0.04140625 0.10972222222222222
1 0.58203125 0.5222222222222223 0.0171875 0.05277777777777778
1 0.301171875 0.5347222222222222 0.01796875 0.05555555555555555
1 0.30703125 0.5125 0.0125 0.041666666666666664
1 0.490234375 0.49027777777777776 0.01171875 0.03333333333333333
1 0.3859375 0.4791666666666667 0.009375 0.025
1 0.26796875 0.49722222222222223 0.0109375 0.030555555555555555
1 0.76171875 0.6444444444444445 0.03125 0.1111111111111111
1 0.196875 0.4736111111111111 0.0078125 0.013888888888888888
1 0.14453125 0.4736111111111111 0.0078125 0.013888888888888888
1 0.172265625 0.49027777777777776 0.00859375 0.025
