0 0.201171875 0.5501302083333334 0.0439453125 0.06770833333333333
0 0.375244140625 0.4853515625 0.02587890625 0.047526041666666664
1 0.825439453125 0.5882161458333334 0.04736328125 0.07877604166666667
1 0.84326171875 0.4755859375 0.01953125 0.035807291666666664
0 0.470947265625 0.4632161458333333 0.02099609375 0.037109375
0 0.587646484375 0.4352213541666667 0.01416015625 0.024088541666666668
0 0.72314453125 0.421875 0.0087890625 0.015625
0 0.660888671875 0.4248046875 0.01123046875 0.020182291666666668
1 0.84619140625 0.4482421875 0.01171875 0.024088541666666668
1 0.8291015625 0.4176432291666667 0.0068359375 0.012369791666666666
1 0.822021484375 0.4117838541666667 0.00634765625 0.011067708333333334
1 0.845947265625 0.4345703125 0.00830078125 0.016276041666666668
1 0.837890625 0.4244791666666667 0.0078125 0.013020833333333334
1 0.814697265625 0.4059244791666667 0.00537109375 0.009765625
1 0.746826171875 0.4137369791666667 0.00927734375 0.017578125
1 0.80712890625 0.4016927083333333 0.0048828125 0.006510416666666667
1 0.80078125 0.4010416666666667 0.0048828125 0.006510416666666667
