1 0.81201171875 0.5641276041666666 0.0400390625 0.072265625
0 0.337646484375 0.525390625 0.02978515625 0.0546875
0 0.457763671875 0.4456380208333333 0.01513671875 0.025390625
1 0.668701171875 0.4475911458333333 0.01611328125 0.026692708333333332
0 0.49169921875 0.423828125 0.009765625 0.015625
1 0.6513671875 0.4283854166666667 0.0107421875 0.020833333333333332
1 0.79296875 0.4254557291666667 0.0068359375 0.014973958333333334
0 0.6240234375 0.4147135416666667 0.005859375 0.01171875
1 0.699462890625 0.4222005208333333 0.01123046875 0.020182291666666668
0 0.549072265625 0.4173177083333333 0.00732421875 0.013020833333333334
