1 0.787353515625 0.6412760416666666 0.05224609375 0.10416666666666667
1 0.656494140625 0.482421875 0.02197265625 0.041666666666666664
0 0.305419921875 0.48046875 0.02099609375 0.0390625
1 0.66748046875 0.4459635416666667 0.0126953125 0.024739583333333332
0 0.421142578125 0.4427083333333333 0.01025390625 0.0234375
1 0.635986328125 0.4329427083333333 0.01025390625 0.018229166666666668
1 0.602783203125 0.421875 0.00927734375 0.015625
1 0.55859375 0.416015625 0.0078125 0.015625
0 0.448974609375 0.4280598958333333 0.00927734375 0.018880208333333332
1 0.486083984375 0.4108072916666667 0.00634765625 0.013020833333333334
0 0.43505859375 0.4195963541666667 0.0087890625 0.016276041666666668
0 0.37744140625 0.4153645833333333 0.0078125 0.015625
1 0.42724609375 0.4072265625 0.005859375 0.012369791666666666
1 0.26318359375 0.4069010416666667 0.0048828125 0.010416666666666666
0 0.289306640625 0.4153645833333333 0.00634765625 0.013020833333333334
0 0.207763671875 0.4134114583333333 0.00732421875 0.013020833333333334
