0 0.165283203125 0.6575520833333334 0.06396484375 0.11197916666666667
1 0.869140625 0.537109375 0.033203125 0.052083333333333336
1 0.74951171875 0.4664713541666667 0.0146484375 0.026692708333333332
0 0.44189453125 0.4830729166666667 0.021484375 0.037760416666666664
0 0.50830078125 0.44921875 0.013671875 0.0234375
1 0.68017578125 0.4303385416666667 0.009765625 0.015625
1 0.713623046875 0.4456380208333333 0.01123046875 0.020182291666666668
0 0.5810546875 0.42578125 0.0078125 0.014322916666666666
1 0.657470703125 0.4212239583333333 0.00732421875 0.01171875
1 0.641357421875 0.4143880208333333 0.00634765625 0.012369791666666666
1 0.628173828125 0.408203125 0.00537109375 0.010416666666666666
0 0.571533203125 0.4365234375 0.01123046875 0.022786458333333332
1 0.6142578125 0.4039713541666667 0.0048828125 0.008463541666666666
0 0.5703125 0.4173177083333333 0.0078125 0.01171875
0 0.56396484375 0.4124348958333333 0.0068359375 0.011067708333333334
1 0.60400390625 0.4026692708333333 0.0048828125 0.007161458333333333
1 0.5986328125 0.4016927083333333 0.0048828125 0.006510416666666667
0 0.5595703125 0.4075520833333333 0.0048828125 0.010416666666666666
1 0.5927734375 0.4016927083333333 0.0048828125 0.0078125
