0 0.1015625 0.6438802083333334 0.05859375 0.08723958333333333
0 0.1923828125 0.5091145833333334 0.015625 0.033854166666666664
1 0.49609375 0.501953125 0.021484375 0.037760416666666664
1 0.23828125 0.5338541666666666 0.02734375 0.046875
0 0.68359375 0.556640625 0.0390625 0.061197916666666664
1 0.2685546875 0.4759114583333333 0.013671875 0.024739583333333332
1 0.4033203125 0.4830729166666667 0.01171875 0.03125
0 0.05224609375 0.4876302083333333 0.0107421875 0.022135416666666668
0 0.05712890625 0.4778645833333333 0.0087890625 0.018229166666666668
0 0.11865234375 0.4993489583333333 0.0146484375 0.029947916666666668
1 0.18603515625 0.4733072916666667 0.0087890625 0.022135416666666668
0 0.068359375 0.4700520833333333 0.005859375 0.018229166666666668
1 0.1767578125 0.4674479166666667 0.009765625 0.020833333333333332
1 0.154296875 0.45703125 0.005859375 0.013020833333333334
1 0.0947265625 0.4583333333333333 0.0078125 0.015625
1 0.16357421875 0.462890625 0.0087890625 0.016927083333333332
