1 0.419921875 0.5215277777777778 0.01796875 0.043055555555555555
0 0.399609375 0.5215277777777778 0.01484375 0.043055555555555555
1 0.710546875 0.5090277777777777 0.01796875 0.0375
0 0.303125 0.49375 0.0078125 0.020833333333333332
0 0.3453125 0.48680555555555555 0.0078125 0.020833333333333332
0 0.17578125 0.5326388888888889 0.0140625 0.04027777777777778
0 0.2484375 0.5069444444444444 0.009375 0.030555555555555555
0 0.440625 0.47638888888888886 0.0078125 0.019444444444444445
1 0.475390625 0.46875 0.00703125 0.020833333333333332
1 0.45078125 0.47638888888888886 0.0078125 0.019444444444444445
1 0.620703125 0.4875 0.00859375 0.022222222222222223
1 0.51875 0.4652777777777778 0.0078125 0.013888888888888888
