1 0.751708984375 0.6116536458333334 0.05029296875 0.09049479166666667
0 0.07861328125 0.634765625 0.0498046875 0.08723958333333333
0 0.30810546875 0.4866536458333333 0.015625 0.035807291666666664
1 0.5771484375 0.4798177083333333 0.0185546875 0.03515625
1 0.5263671875 0.4417317708333333 0.0107421875 0.020182291666666668
0 0.36376953125 0.453125 0.01171875 0.024739583333333332
0 0.396240234375 0.4322916666666667 0.00732421875 0.014322916666666666
1 0.508544921875 0.4293619791666667 0.00830078125 0.016276041666666668
1 0.494384765625 0.4192708333333333 0.00634765625 0.013020833333333334
0 0.411376953125 0.421875 0.00634765625 0.01171875
0 0.419189453125 0.4176432291666667 0.00537109375 0.011067708333333334
0 0.42626953125 0.4140625 0.0048828125 0.009114583333333334
1 0.4912109375 0.4150390625 0.0048828125 0.011067708333333334
0 0.43115234375 0.412109375 0.0048828125 0.0078125
1 0.4853515625 0.4117838541666667 0.0048828125 0.008463541666666666
