2 0.28828125 0.4773148148148148 0.0296875 0.07685185185185185
2 0.31692708333333336 0.3814814814814815 0.013020833333333334 0.040740740740740744
2 0.6083333333333333 0.4425925925925926 0.023958333333333335 0.05740740740740741
2 0.503125 0.36527777777777776 0.0125 0.032407407407407406
2 0.959375 0.6935185185185185 0.058333333333333334 0.14444444444444443
2 0.3234375 0.3439814814814815 0.009375 0.025
2 0.43020833333333336 0.3194444444444444 0.00625 0.018518518518518517
2 0.4609375 0.33611111111111114 0.008333333333333333 0.020370370370370372
2 0.4036458333333333 0.31342592592592594 0.005208333333333333 0.013888888888888888
2 0.29739583333333336 0.31851851851851853 0.005208333333333333 0.016666666666666666
2 0.13489583333333333 0.3333333333333333 0.005208333333333333 0.014814814814814815
2 0.22760416666666666 0.32407407407407407 0.005208333333333333 0.016666666666666666
2 0.26640625 0.32037037037037036 0.0078125 0.018518518518518517
