1 0.221875 0.53125 0.08375 0.13344594594594594
1 0.441875 0.5067567567567568 0.04625 0.08783783783783784
1 0.585 0.49746621621621623 0.035 0.06587837837837837
1 0.738125 0.49915540540540543 0.02875 0.0625
1 0.929375 0.4983108108108108 0.03125 0.057432432432432436
1 0.855 0.4864864864864865 0.01 0.02364864864864865
1 0.683125 0.47888513513513514 0.01125 0.02195945945945946
1 0.605 0.4780405405405405 0.0075 0.02027027027027027
1 0.755625 0.4839527027027027 0.01125 0.02533783783783784
0 0.7725 0.4856418918918919 0.0075 0.018581081081081082
0 0.65625 0.48057432432432434 0.0075 0.015202702702702704
1 0.5325 0.47635135135135137 0.0125 0.02364864864864865
0 0.52 0.47550675675675674 0.01 0.02195945945945946
0 0.719375 0.4831081081081081 0.00875 0.016891891891891893
0 0.980625 0.49155405405405406 0.01125 0.02027027027027027
0 0.909375 0.48817567567567566 0.01125 0.02364864864864865
0 0.84625 0.4864864864864865 0.0075 0.02027027027027027
0 0.335625 0.46875 0.00875 0.018581081081081082
1 0.285625 0.4670608108108108 0.01375 0.02533783783783784
1 0.124375 0.46368243243243246 0.00875 0.02195945945945946
1 0.10625 0.46283783783783783 0.01 0.02027027027027027
