0 0.70625 0.45787037037037037 0.022916666666666665 0.06018518518518518
0 0.35130208333333335 0.4740740740740741 0.030729166666666665 0.07222222222222222
0 0.6205729166666667 0.3736111111111111 0.016145833333333335 0.041666666666666664
0 0.43020833333333336 0.3398148148148148 0.008333333333333333 0.020370370370370372
0 0.41328125 0.37777777777777777 0.0140625 0.03333333333333333
0 0.57265625 0.34074074074074073 0.009895833333333333 0.020370370370370372
0 0.53984375 0.32685185185185184 0.0067708333333333336 0.018518518518518517
0 0.43359375 0.3296296296296296 0.005729166666666666 0.020370370370370372
0 0.3671875 0.32731481481481484 0.00625 0.017592592592592594
0 0.3221354166666667 0.3287037037037037 0.005729166666666666 0.016666666666666666
0 0.4044270833333333 0.32685185185185184 0.0067708333333333336 0.020370370370370372
0 0.23307291666666666 0.3194444444444444 0.0046875 0.012962962962962963
