1 0.672607421875 0.5458984375 0.03955078125 0.068359375
1 0.0927734375 0.6552734375 0.0732421875 0.10091145833333333
1 0.35546875 0.4391276041666667 0.013671875 0.024088541666666668
1 0.150146484375 0.4674479166666667 0.01806640625 0.032552083333333336
1 0.542236328125 0.4534505208333333 0.01806640625 0.031901041666666664
1 0.38134765625 0.4173177083333333 0.0087890625 0.015625
1 0.501953125 0.4264322916666667 0.0107421875 0.020833333333333332
1 0.388916015625 0.4065755208333333 0.00537109375 0.012369791666666666
1 0.2607421875 0.4166666666666667 0.0087890625 0.014322916666666666
1 0.079833984375 0.4303385416666667 0.01025390625 0.014322916666666666
1 0.20166015625 0.4114583333333333 0.0068359375 0.010416666666666666
1 0.464599609375 0.404296875 0.00537109375 0.01171875
