0 0.131103515625 0.6705729166666666 0.06689453125 0.11328125
1 0.958740234375 0.6477864583333334 0.07666015625 0.10546875
1 0.623291015625 0.4609375 0.01708984375 0.029947916666666668
0 0.384521484375 0.4677734375 0.01708984375 0.033203125
0 0.430908203125 0.4348958333333333 0.00830078125 0.016927083333333332
1 0.560302734375 0.4326171875 0.00927734375 0.016276041666666668
0 0.44580078125 0.4228515625 0.0048828125 0.012369791666666666
2 0.552490234375 0.4235026041666667 0.00830078125 0.024088541666666668
2 0.4375 0.42578125 0.0078125 0.024739583333333332
2 0.439697265625 0.4231770833333333 0.00732421875 0.0234375
1 0.539306640625 0.4208984375 0.00634765625 0.013671875
2 0.548095703125 0.4222005208333333 0.00634765625 0.022786458333333332
