0 0.25703125 0.75 0.053125 0.14166666666666666
0 0.317578125 0.5555555555555556 0.02578125 0.06666666666666667
0 0.76953125 0.4909722222222222 0.0234375 0.06527777777777778
1 0.8828125 0.5465277777777777 0.034375 0.09027777777777778
1 0.925 0.49236111111111114 0.0265625 0.06527777777777778
0 0.6265625 0.4486111111111111 0.0171875 0.041666666666666664
0 0.4984375 0.44027777777777777 0.009375 0.027777777777777776
0 0.310546875 0.5041666666666667 0.01640625 0.044444444444444446
0 0.272265625 0.48680555555555555 0.01171875 0.029166666666666667
0 0.3921875 0.44513888888888886 0.0078125 0.02361111111111111
1 0.922265625 0.4340277777777778 0.01640625 0.043055555555555555
