0 0.288125 0.43125 0.05125 0.16875
0 0.36125 0.3390625 0.035 0.128125
1 0.468125 0.28125 0.02625 0.09375
0 0.678125 0.390625 0.04375 0.15
1 0.19875 0.315625 0.0425 0.14375
0 0.955 0.79375 0.08 0.33125
0 0.73875 0.5046875 0.06 0.209375
1 0.76625 0.29375 0.0275 0.1125
0 0.671875 0.240625 0.02375 0.0875
0 0.715625 0.225 0.02125 0.06875
1 0.2975 0.2734375 0.0275 0.109375
0 0.94125 0.2453125 0.0225 0.090625
2 0.85875 0.2171875 0.02 0.084375
0 0.219375 0.228125 0.03375 0.06875
2 0.8275 0.271875 0.015 0.09375
1 0.02375 0.5046875 0.0475 0.221875
1 0.98375 0.225 0.0175 0.075
