0 0.245361328125 0.6015625 0.05126953125 0.08723958333333333
1 0.845458984375 0.5849609375 0.05029296875 0.07877604166666667
1 0.62109375 0.4622395833333333 0.013671875 0.02734375
2 0.6044921875 0.4459635416666667 0.0166015625 0.037760416666666664
0 0.421142578125 0.4645182291666667 0.01318359375 0.027994791666666668
2 0.434326171875 0.4449869791666667 0.01220703125 0.037109375
2 0.4404296875 0.4410807291666667 0.0107421875 0.034505208333333336
2 0.59619140625 0.44140625 0.01171875 0.032552083333333336
1 0.57861328125 0.4358723958333333 0.0087890625 0.018880208333333332
0 0.451904296875 0.4371744791666667 0.00830078125 0.016276041666666668
0 0.457275390625 0.4283854166666667 0.00634765625 0.013020833333333334
1 0.5634765625 0.4280598958333333 0.0068359375 0.013671875
0 0.46728515625 0.4205729166666667 0.0048828125 0.010416666666666666
0 0.4970703125 0.4130859375 0.0048828125 0.007161458333333333
1 0.556640625 0.4147135416666667 0.0048828125 0.009114583333333334
1 0.54443359375 0.41796875 0.0048828125 0.01171875
0 0.48291015625 0.4166666666666667 0.005859375 0.009114583333333334
