2 0.4544270833333333 0.4236111111111111 0.0203125 0.04722222222222222
2 0.5848958333333333 0.3768518518518518 0.010416666666666666 0.027777777777777776
2 0.30885416666666665 0.5259259259259259 0.040625 0.09814814814814815
2 0.81796875 0.47824074074074074 0.0171875 0.05092592592592592
2 0.746875 0.40879629629629627 0.011458333333333333 0.030555555555555555
2 0.6033854166666667 0.3574074074074074 0.0067708333333333336 0.020370370370370372
2 0.7109375 0.3597222222222222 0.005208333333333333 0.01574074074074074
2 0.7239583333333334 0.37546296296296294 0.00625 0.019444444444444445
2 0.6111979166666667 0.34444444444444444 0.005729166666666666 0.016666666666666666
2 0.6950520833333333 0.3458333333333333 0.0046875 0.010185185185185186
2 0.67734375 0.337037037037037 0.0046875 0.009259259259259259
2 0.6901041666666666 0.32037037037037036 0.005208333333333333 0.009259259259259259
2 0.59453125 0.3263888888888889 0.0046875 0.010185185185185186
