0 0.168125 0.3265625 0.03375 0.128125
0 0.07125 0.409375 0.045 0.1625
1 0.534375 0.45 0.05125 0.1875
0 0.123125 0.734375 0.10375 0.2875
1 0.323125 0.209375 0.02375 0.0875
0 0.916875 0.3703125 0.06125 0.115625
0 0.238125 0.2421875 0.02125 0.084375
2 0.765625 0.2109375 0.02375 0.084375
1 0.556875 0.315625 0.03375 0.125
1 0.545625 0.2546875 0.02625 0.096875
1 0.449375 0.190625 0.02125 0.075
1 0.199375 0.28125 0.02625 0.1
0 0.815625 0.178125 0.01875 0.075
2 0.645 0.175 0.0175 0.06875
1 0.99125 0.1984375 0.015 0.103125
1 0.55625 0.2328125 0.0225 0.121875
