1 0.87451171875 0.5823567708333334 0.044921875 0.076171875
1 0.485107421875 0.4671223958333333 0.01904296875 0.034505208333333336
0 0.207763671875 0.5989583333333334 0.04541015625 0.07942708333333333
1 0.633056640625 0.4895833333333333 0.02490234375 0.045572916666666664
0 0.144287109375 0.5211588541666666 0.02783203125 0.044921875
1 0.293212890625 0.4586588541666667 0.01611328125 0.031901041666666664
0 0.0703125 0.5094401041666666 0.021484375 0.041015625
1 0.156005859375 0.4544270833333333 0.01416015625 0.022135416666666668
1 0.90478515625 0.4580078125 0.017578125 0.031901041666666664
1 0.836181640625 0.4319661458333333 0.01123046875 0.025390625
1 0.792724609375 0.416015625 0.00927734375 0.018229166666666668
0 0.83544921875 0.4026692708333333 0.005859375 0.013671875
0 0.92529296875 0.4231770833333333 0.0078125 0.018229166666666668
1 0.071044921875 0.4541015625 0.01025390625 0.018880208333333332
0 0.980224609375 0.4345703125 0.01123046875 0.024088541666666668
0 0.88818359375 0.4156901041666667 0.0078125 0.016276041666666668
1 0.7734375 0.4072265625 0.0068359375 0.016276041666666668
0 0.856689453125 0.4072265625 0.00537109375 0.012369791666666666
0 0.80517578125 0.39453125 0.0048828125 0.009114583333333334
0 0.81640625 0.3974609375 0.0048828125 0.009765625
0 0.791015625 0.3919270833333333 0.0048828125 0.009114583333333334
1 0.75732421875 0.4000651041666667 0.0048828125 0.012369791666666666
