1 0.71015625 0.5534722222222223 0.025 0.0625
1 0.335546875 0.6465277777777778 0.03359375 0.09027777777777778
1 0.512890625 0.4708333333333333 0.01328125 0.030555555555555555
1 0.46484375 0.45 0.0078125 0.022222222222222223
1 0.1125 0.5715277777777777 0.0171875 0.05694444444444444
1 0.35390625 0.47708333333333336 0.0078125 0.029166666666666667
1 0.31015625 0.49583333333333335 0.0109375 0.030555555555555555
1 0.340625 0.45069444444444445 0.0078125 0.015277777777777777
1 0.40703125 0.4388888888888889 0.0078125 0.019444444444444445
1 0.446875 0.4423611111111111 0.0078125 0.020833333333333332
1 0.361328125 0.4673611111111111 0.01015625 0.02638888888888889
1 0.358203125 0.46041666666666664 0.00859375 0.029166666666666667
