1 0.45703125 0.4097222222222222 0.0140625 0.03333333333333333
1 0.675 0.41458333333333336 0.0140625 0.03194444444444444
1 0.71171875 0.3680555555555556 0.0078125 0.013888888888888888
1 0.65234375 0.38125 0.0078125 0.018055555555555554
1 0.736328125 0.35694444444444445 0.00859375 0.013888888888888888
1 0.5359375 0.38055555555555554 0.0078125 0.019444444444444445
1 0.671875 0.3541666666666667 0.0078125 0.013888888888888888
1 0.660546875 0.3701388888888889 0.00859375 0.018055555555555554
1 0.64296875 0.36180555555555555 0.0078125 0.015277777777777777
1 0.66015625 0.35 0.0078125 0.013888888888888888
1 0.62734375 0.3486111111111111 0.0078125 0.013888888888888888
1 0.165625 0.41805555555555557 0.0078125 0.022222222222222223
1 0.421875 0.3638888888888889 0.0078125 0.013888888888888888
