1 0.8193359375 0.53515625 0.0380859375 0.055989583333333336
0 0.339599609375 0.4814453125 0.02099609375 0.039713541666666664
0 0.50244140625 0.4235026041666667 0.009765625 0.018880208333333332
1 0.721923828125 0.4508463541666667 0.01708984375 0.029296875
1 0.70703125 0.42578125 0.0107421875 0.020833333333333332
1 0.716064453125 0.4111328125 0.00927734375 0.017578125
1 0.7392578125 0.4046223958333333 0.0087890625 0.014973958333333334
0 0.5771484375 0.4026692708333333 0.0087890625 0.014973958333333334
0 0.6474609375 0.3961588541666667 0.0048828125 0.011067708333333334
0 0.6904296875 0.3929036458333333 0.0048828125 0.009765625
1 0.8037109375 0.3968098958333333 0.0048828125 0.011067708333333334
1 0.768310546875 0.3990885416666667 0.00634765625 0.01171875
0 0.73828125 0.392578125 0.0048828125 0.0078125
1 0.8349609375 0.3974609375 0.005859375 0.012369791666666666
1 0.8779296875 0.3984375 0.0048828125 0.010416666666666666
0 0.7900390625 0.3932291666666667 0.0048828125 0.009114583333333334
