2 0.915283203125 0.6725260416666666 0.11376953125 0.19921875
2 0.799072265625 0.5891927083333334 0.07275390625 0.14583333333333334
2 0.12109375 0.708984375 0.111328125 0.22135416666666666
2 0.241943359375 0.5830078125 0.06396484375 0.13997395833333334
0 0.334716796875 0.5152994791666666 0.02783203125 0.054036458333333336
1 0.67529296875 0.5009765625 0.0263671875 0.048828125
1 0.604248046875 0.455078125 0.01806640625 0.03125
0 0.396728515625 0.45703125 0.01904296875 0.03125
1 0.5595703125 0.4228515625 0.0107421875 0.018880208333333332
1 0.54443359375 0.4114583333333333 0.0078125 0.014322916666666666
1 0.533935546875 0.4046223958333333 0.00732421875 0.012369791666666666
0 0.430419921875 0.4222005208333333 0.01220703125 0.018880208333333332
0 0.44384765625 0.41015625 0.005859375 0.013020833333333334
0 0.4541015625 0.3990885416666667 0.0048828125 0.010416666666666666
1 0.525390625 0.3997395833333333 0.0048828125 0.01171875
1 0.521484375 0.3948567708333333 0.0048828125 0.009765625
1 0.5185546875 0.390625 0.0048828125 0.009114583333333334
0 0.44775390625 0.4055989583333333 0.0048828125 0.014322916666666666
1 0.51416015625 0.3873697916666667 0.0048828125 0.0078125
0 0.4599609375 0.3942057291666667 0.0048828125 0.007161458333333333
