1 0.22875 0.4875 0.035 0.1
0 0.66625 0.528125 0.0325 0.1125
1 0.639375 0.4109375 0.01875 0.078125
0 0.954375 0.78125 0.05875 0.06875
1 0.426875 0.365625 0.01125 0.05625
0 0.28875 0.3984375 0.02 0.053125
1 0.569375 0.33125 0.00875 0.0375
0 0.700625 0.4015625 0.03125 0.046875
0 0.624375 0.3421875 0.01125 0.040625
0 0.499375 0.3171875 0.00875 0.034375
1 0.454375 0.3375 0.01125 0.03125
1 0.535 0.3140625 0.0075 0.034375
0 0.3825 0.34375 0.0225 0.0375
0 0.5125 0.24375 0.0075 0.025
1 0.54375 0.3078125 0.01 0.021875
1 0.59 0.3125 0.0075 0.03125
