1 0.566650390625 0.4404296875 0.01220703125 0.021484375
0 0.40087890625 0.443359375 0.0126953125 0.022135416666666668
1 0.67919921875 0.5016276041666666 0.03515625 0.046223958333333336
2 0.41162109375 0.4300130208333333 0.0126953125 0.031901041666666664
2 0.556640625 0.4274088541666667 0.0107421875 0.030598958333333332
2 0.537841796875 0.4231770833333333 0.00732421875 0.015625
0 0.42626953125 0.4251302083333333 0.0068359375 0.015625
0 0.431640625 0.4173177083333333 0.0048828125 0.01171875
2 0.55029296875 0.4251302083333333 0.009765625 0.028645833333333332
0 0.441162109375 0.4114583333333333 0.00537109375 0.010416666666666666
