1 0.56689453125 0.4407552083333333 0.0107421875 0.0234375
1 0.6787109375 0.5029296875 0.0283203125 0.048828125
0 0.296630859375 0.5133463541666666 0.02685546875 0.048828125
0 0.401123046875 0.4436848958333333 0.01318359375 0.022786458333333332
2 0.411376953125 0.4303385416666667 0.01123046875 0.029947916666666668
1 0.537841796875 0.4231770833333333 0.00732421875 0.015625
2 0.555908203125 0.4283854166666667 0.01123046875 0.029947916666666668
1 0.527587890625 0.416015625 0.00537109375 0.01171875
0 0.42626953125 0.4244791666666667 0.0078125 0.014322916666666666
0 0.431640625 0.4173177083333333 0.0048828125 0.01171875
0 0.44091796875 0.4114583333333333 0.0048828125 0.009114583333333334
2 0.416259765625 0.4267578125 0.01025390625 0.027994791666666668
1 0.51318359375 0.4085286458333333 0.0048828125 0.009765625
