0 0.242919921875 0.6175130208333334 0.06103515625 0.10091145833333333
0 0.38330078125 0.4899088541666667 0.0263671875 0.048828125
1 0.678466796875 0.4892578125 0.02685546875 0.043619791666666664
0 0.432373046875 0.4436848958333333 0.01416015625 0.027994791666666668
1 0.609130859375 0.4440104166666667 0.01611328125 0.028645833333333332
1 0.575439453125 0.4235026041666667 0.01025390625 0.018880208333333332
0 0.45556640625 0.4235026041666667 0.0107421875 0.017578125
1 0.65087890625 0.4169921875 0.009765625 0.016276041666666668
1 0.614501953125 0.41015625 0.00830078125 0.014322916666666666
0 0.469970703125 0.4137369791666667 0.00830078125 0.012369791666666666
1 0.737548828125 0.4261067708333333 0.01123046875 0.021484375
0 0.69921875 0.408203125 0.0078125 0.015625
1 0.83837890625 0.43359375 0.01171875 0.020833333333333332
1 0.566162109375 0.412109375 0.01025390625 0.014322916666666666
0 0.668212890625 0.4020182291666667 0.00634765625 0.011067708333333334
0 0.82421875 0.4176432291666667 0.0087890625 0.012369791666666666
1 0.953125 0.43359375 0.01171875 0.016927083333333332
0 0.86572265625 0.4192708333333333 0.0087890625 0.01171875
