1 0.45234375 0.3451388888888889 0.021875 0.04861111111111111
1 0.507421875 0.3326388888888889 0.01640625 0.04027777777777778
1 0.3390625 0.3597222222222222 0.025 0.05555555555555555
1 0.705859375 0.49375 0.03203125 0.08472222222222223
0 0.283984375 0.31875 0.01328125 0.04027777777777778
0 0.238671875 0.2972222222222222 0.01015625 0.03611111111111111
0 0.10234375 0.2777777777777778 0.0078125 0.022222222222222223
1 0.740234375 0.4041666666666667 0.01484375 0.041666666666666664
0 0.162890625 0.2826388888888889 0.01015625 0.034722222222222224
1 0.70234375 0.3597222222222222 0.0109375 0.027777777777777776
1 0.526171875 0.31527777777777777 0.01015625 0.027777777777777776
1 0.48828125 0.2916666666666667 0.0078125 0.016666666666666666
1 0.81640625 0.9472222222222222 0.084375 0.1
1 0.56953125 0.30416666666666664 0.0078125 0.016666666666666666
1 0.510546875 0.3013888888888889 0.01171875 0.025
1 0.626171875 0.32083333333333336 0.00859375 0.016666666666666666
