1 0.328857421875 0.5494791666666666 0.03857421875 0.06510416666666667
1 0.401611328125 0.4733072916666667 0.02001953125 0.036458333333333336
1 0.694091796875 0.5266927083333334 0.03271484375 0.055989583333333336
1 0.441162109375 0.4407552083333333 0.01220703125 0.022135416666666668
1 0.566650390625 0.4368489583333333 0.01123046875 0.020833333333333332
1 0.814697265625 0.4736328125 0.02001953125 0.031901041666666664
1 0.551025390625 0.4270833333333333 0.00830078125 0.015625
1 0.45654296875 0.4293619791666667 0.0078125 0.016276041666666668
1 0.810546875 0.4361979166666667 0.0078125 0.014322916666666666
1 0.53759765625 0.4231770833333333 0.005859375 0.01171875
1 0.747802734375 0.4270833333333333 0.00634765625 0.01171875
1 0.652587890625 0.4267578125 0.00732421875 0.012369791666666666
1 0.676513671875 0.4176432291666667 0.00537109375 0.009765625
1 0.724365234375 0.4228515625 0.00537109375 0.011067708333333334
