0 0.76875 0.63125 0.0525 0.16875
1 0.605625 0.409375 0.02625 0.0875
1 0.3 0.5671875 0.04 0.140625
2 0.415 0.4015625 0.0225 0.078125
0 0.5625 0.3640625 0.0175 0.065625
1 0.389375 0.3609375 0.01875 0.065625
1 0.369375 0.3078125 0.01125 0.046875
1 0.460625 0.3109375 0.01375 0.046875
1 0.4475 0.275 0.0075 0.03125
1 0.5525 0.3015625 0.0125 0.034375
1 0.529375 0.2578125 0.00875 0.028125
1 0.38875 0.328125 0.015 0.05
0 0.47125 0.2703125 0.0075 0.028125
0 0.496875 0.2625 0.00875 0.025
0 0.41875 0.2890625 0.0125 0.028125
1 0.576875 0.25625 0.01375 0.04375
