2 0.04765625 0.6930555555555555 0.05677083333333333 0.11944444444444445
2 0.33619791666666665 0.4810185185185185 0.024479166666666666 0.06759259259259259
2 0.84453125 0.44537037037037036 0.0234375 0.05
2 0.32734375 0.425462962962963 0.0171875 0.04722222222222222
2 0.11380208333333333 0.43703703703703706 0.0140625 0.03333333333333333
2 0.23463541666666668 0.4101851851851852 0.016145833333333335 0.03518518518518519
2 0.2830729166666667 0.36064814814814816 0.0078125 0.023148148148148147
2 0.44609375 0.34629629629629627 0.0078125 0.025925925925925925
2 0.6075520833333333 0.36064814814814816 0.013020833333333334 0.030555555555555555
2 0.013541666666666667 0.4324074074074074 0.009375 0.02962962962962963
2 0.6075520833333333 0.3162037037037037 0.0078125 0.021296296296296296
2 0.44869791666666664 0.3236111111111111 0.0078125 0.021296296296296296
2 0.11953125 0.3962962962962963 0.008854166666666666 0.025925925925925925
