0 0.068603515625 0.4554036458333333 0.01416015625 0.021484375
1 0.07861328125 0.4404296875 0.009765625 0.016276041666666668
0 0.168701171875 0.4388020833333333 0.00927734375 0.015625
1 0.21435546875 0.4182942708333333 0.0048828125 0.011067708333333334
0 0.221435546875 0.4280598958333333 0.00634765625 0.012369791666666666
1 0.16162109375 0.4267578125 0.0078125 0.012369791666666666
0 0.265625 0.4202473958333333 0.005859375 0.009765625
1 0.25390625 0.4124348958333333 0.0048828125 0.009765625
0 0.29638671875 0.4156901041666667 0.0048828125 0.012369791666666666
1 0.3046875 0.404296875 0.0048828125 0.009114583333333334
1 0.32568359375 0.4013671875 0.0048828125 0.008463541666666666
0 0.318115234375 0.4117838541666667 0.00634765625 0.008463541666666666
1 0.28271484375 0.4078776041666667 0.0048828125 0.008463541666666666
