1 0.422607421875 0.447265625 0.01611328125 0.028645833333333332
1 0.4033203125 0.4345703125 0.013671875 0.021484375
0 0.177490234375 0.5042317708333334 0.02001953125 0.042317708333333336
0 0.17431640625 0.6419270833333334 0.04296875 0.08984375
1 0.779052734375 0.4990234375 0.02099609375 0.044921875
1 0.570556640625 0.4664713541666667 0.01904296875 0.035807291666666664
0 0.197265625 0.4606119791666667 0.0166015625 0.025390625
0 0.2373046875 0.4410807291666667 0.009765625 0.018880208333333332
0 0.355712890625 0.4212239583333333 0.00927734375 0.015625
0 0.2939453125 0.4293619791666667 0.0107421875 0.014973958333333334
0 0.451171875 0.4124348958333333 0.0078125 0.014973958333333334
1 0.496826171875 0.4195963541666667 0.01416015625 0.022786458333333332
0 0.559814453125 0.4065755208333333 0.00634765625 0.012369791666666666
0 0.69287109375 0.4026692708333333 0.0048828125 0.011067708333333334
1 0.578125 0.4134114583333333 0.0087890625 0.018229166666666668
1 0.70068359375 0.4091796875 0.0087890625 0.017578125
1 0.830322265625 0.4091796875 0.00830078125 0.013671875
0 0.807373046875 0.4016927083333333 0.00537109375 0.010416666666666666
0 0.884765625 0.4016927083333333 0.0048828125 0.010416666666666666
1 0.950439453125 0.408203125 0.00732421875 0.014322916666666666
