0 0.30712890625 0.5543619791666666 0.041015625 0.07096354166666667
1 0.77197265625 0.5478515625 0.0439453125 0.046223958333333336
1 0.859375 0.4957682291666667 0.0283203125 0.047526041666666664
0 0.40576171875 0.4641927083333333 0.0205078125 0.033854166666666664
1 0.659423828125 0.4602864583333333 0.02001953125 0.03515625
1 0.72021484375 0.44140625 0.015625 0.02734375
1 0.61669921875 0.4352213541666667 0.0146484375 0.025390625
1 0.593505859375 0.421875 0.01220703125 0.018229166666666668
1 0.666748046875 0.4270833333333333 0.01123046875 0.015625
0 0.4453125 0.4358723958333333 0.013671875 0.017578125
0 0.45703125 0.421875 0.0087890625 0.015625
1 0.638916015625 0.4166666666666667 0.00732421875 0.015625
0 0.910888671875 0.455078125 0.02197265625 0.018229166666666668
0 0.767333984375 0.4212239583333333 0.00830078125 0.014322916666666666
1 0.577880859375 0.4173177083333333 0.00830078125 0.010416666666666666
0 0.6953125 0.4124348958333333 0.0048828125 0.011067708333333334
0 0.798583984375 0.4280598958333333 0.01220703125 0.020182291666666668
0 0.742431640625 0.41796875 0.00830078125 0.010416666666666666
1 0.573486328125 0.4127604166666667 0.00732421875 0.013020833333333334
0 0.552734375 0.4065755208333333 0.0048828125 0.009765625
0 0.497314453125 0.4088541666666667 0.00830078125 0.009114583333333334
1 0.59228515625 0.4108072916666667 0.0048828125 0.010416666666666666
0 0.46435546875 0.4104817708333333 0.0048828125 0.012369791666666666
0 0.46044921875 0.4137369791666667 0.0048828125 0.009765625
1 0.621826171875 0.4143880208333333 0.00830078125 0.009765625
