0 0.68 0.47550675675675674 0.0325 0.0625
1 0.790625 0.41807432432432434 0.01875 0.03209459459459459
0 0.644375 0.43327702702702703 0.02125 0.03885135135135135
0 0.53625 0.41216216216216217 0.0125 0.02702702702702703
1 0.70625 0.4079391891891892 0.015 0.02533783783783784
0 0.59125 0.4214527027027027 0.0125 0.028716216216216218
1 0.633125 0.40371621621621623 0.01125 0.02027027027027027
0 0.485625 0.40625 0.01125 0.02195945945945946
1 0.585 0.40033783783783783 0.0125 0.02027027027027027
1 0.954375 0.4341216216216216 0.02125 0.037162162162162164
0 0.368125 0.40540540540540543 0.00875 0.016891891891891893
