2 0.1865234375 0.4329427083333333 0.0087890625 0.015625
2 0.168212890625 0.423828125 0.01025390625 0.014322916666666666
2 0.24560546875 0.4228515625 0.0078125 0.012369791666666666
2 0.21142578125 0.4147135416666667 0.0087890625 0.018229166666666668
2 0.10205078125 0.43359375 0.01171875 0.018229166666666668
2 0.2236328125 0.4130859375 0.0078125 0.016276041666666668
2 0.283447265625 0.4134114583333333 0.00732421875 0.018229166666666668
2 0.291748046875 0.412109375 0.00634765625 0.018229166666666668
2 0.255126953125 0.4137369791666667 0.00634765625 0.011067708333333334
2 0.07666015625 0.4557291666666667 0.013671875 0.0234375
