1 0.50125 0.4703125 0.0425 0.078125
0 0.38125 0.4359375 0.04 0.090625
0 0.0775 0.8125 0.0775 0.2375
0 0.175 0.54375 0.0475 0.13125
0 0.549375 0.1765625 0.02125 0.071875
0 0.2175 0.4140625 0.0275 0.078125
1 0.3975 0.3046875 0.04 0.071875
0 0.509375 0.378125 0.01875 0.0625
1 0.47 0.3625 0.015 0.0625
1 0.523125 0.278125 0.01625 0.05625
1 0.499375 0.284375 0.01625 0.0625
0 0.469375 0.275 0.01125 0.04375
1 0.435 0.2671875 0.0125 0.040625
1 0.406875 0.1953125 0.02875 0.090625
2 0.7925 0.3515625 0.03 0.109375
1 0.014375 0.490625 0.02875 0.09375
1 0.073125 0.4171875 0.02375 0.065625
1 0.10375 0.3734375 0.0175 0.053125
1 0.12125 0.3265625 0.0125 0.034375
1 0.09 0.353125 0.0125 0.04375
1 0.151875 0.315625 0.01125 0.03125
1 0.17125 0.30625 0.01 0.03125
0 0.23 0.3078125 0.0075 0.028125
0 0.223125 0.334375 0.01375 0.0375
0 0.210625 0.35625 0.01375 0.05
0 0.2625 0.303125 0.0075 0.025
0 0.2 0.321875 0.0075 0.03125
0 0.28875 0.2984375 0.0075 0.028125
1 0.135625 0.3 0.00875 0.025
0 0.224375 0.375 0.01625 0.05625
1 0.1075 0.3359375 0.0125 0.034375
0 0.03875 0.3234375 0.0075 0.028125
1 0.0475 0.325 0.0075 0.03125
0 0.4575 0.340625 0.015 0.04375
