0 0.724375 0.535472972972973 0.06625 0.11148648648648649
0 0.531875 0.5177364864864865 0.03875 0.07263513513513513
0 0.430625 0.5059121621621622 0.03125 0.0625
0 0.3525 0.4983108108108108 0.0275 0.060810810810810814
0 0.24875 0.4890202702702703 0.0275 0.05574324324324324
2 0.575 0.4983108108108108 0.025 0.04391891891891892
0 0.14 0.4839527027027027 0.0275 0.052364864864864864
1 0.055625 0.558277027027027 0.10625 0.17398648648648649
1 0.579375 0.44763513513513514 0.02875 0.0472972972972973
0 0.60375 0.4983108108108108 0.0275 0.05067567567567568
1 0.02125 0.5050675675675675 0.035 0.08445945945945946
1 0.071875 0.5168918918918919 0.03875 0.10810810810810811
