1 0.555625 0.46283783783783783 0.03125 0.057432432432432436
0 0.13625 0.5405405405405406 0.0625 0.09121621621621621
0 0.1775 0.4704391891891892 0.0275 0.05574324324324324
1 0.476875 0.43074324324324326 0.02125 0.04054054054054054
0 0.1525 0.44172297297297297 0.02 0.03885135135135135
1 0.750625 0.5481418918918919 0.04375 0.11317567567567567
1 0.37625 0.4096283783783784 0.02 0.03209459459459459
0 0.021875 0.4172297297297297 0.01375 0.02702702702702703
0 0.084375 0.4282094594594595 0.01875 0.03209459459459459
0 0.25625 0.39949324324324326 0.015 0.028716216216216218
1 0.048125 0.3876689189189189 0.01125 0.018581081081081082
1 0.1425 0.3927364864864865 0.015 0.02195945945945946
2 0.373125 0.3547297297297297 0.01125 0.016891891891891893
2 0.75125 0.35219594594594594 0.01 0.018581081081081082
