1 0.682861328125 0.5393880208333334 0.03271484375 0.06315104166666667
1 0.615234375 0.4755859375 0.0224609375 0.037109375
1 0.55810546875 0.42578125 0.0107421875 0.01953125
1 0.360595703125 0.4690755208333333 0.02099609375 0.034505208333333336
1 0.95849609375 0.7900390625 0.08203125 0.16341145833333334
1 0.22509765625 0.4407552083333333 0.015625 0.024739583333333332
1 0.385009765625 0.44921875 0.01513671875 0.028645833333333332
1 0.391357421875 0.4365234375 0.01220703125 0.026692708333333332
1 0.538818359375 0.4163411458333333 0.00927734375 0.016276041666666668
1 0.175537109375 0.4625651041666667 0.01708984375 0.029296875
1 0.369873046875 0.41796875 0.01025390625 0.015625
1 0.331787109375 0.4137369791666667 0.00830078125 0.014973958333333334
1 0.479248046875 0.4088541666666667 0.00732421875 0.013020833333333334
1 0.201904296875 0.4222005208333333 0.01025390625 0.014973958333333334
1 0.39501953125 0.4055989583333333 0.0078125 0.013020833333333334
1 0.27880859375 0.412109375 0.0078125 0.013020833333333334
1 0.150146484375 0.4192708333333333 0.00830078125 0.014322916666666666
1 0.33984375 0.4039713541666667 0.0068359375 0.011067708333333334
1 0.142333984375 0.4108072916666667 0.00634765625 0.010416666666666666
1 0.296142578125 0.4033203125 0.00634765625 0.011067708333333334
1 0.218994140625 0.4150390625 0.00830078125 0.013671875
1 0.2158203125 0.4059244791666667 0.005859375 0.011067708333333334
1 0.01904296875 0.4342447916666667 0.01171875 0.016927083333333332
