1 0.42421875 0.3590277777777778 0.015625 0.043055555555555555
0 0.4046875 0.35555555555555557 0.015625 0.041666666666666664
1 0.655078125 0.4097222222222222 0.01484375 0.041666666666666664
1 0.802734375 0.39652777777777776 0.01015625 0.029166666666666667
1 0.494921875 0.30833333333333335 0.00859375 0.019444444444444445
0 0.195703125 0.33125 0.01328125 0.034722222222222224
0 0.48515625 0.3055555555555556 0.0078125 0.019444444444444445
0 0.37890625 0.29097222222222224 0.0078125 0.018055555555555554
1 0.59609375 0.32708333333333334 0.0078125 0.018055555555555554
0 0.5046875 0.29444444444444445 0.0078125 0.013888888888888888
