0 0.331875 0.5859375 0.04375 0.146875
0 0.55125 0.41875 0.0225 0.08125
0 0.6375 0.4765625 0.035 0.109375
0 0.444375 0.3984375 0.02375 0.078125
1 0.926875 0.725 0.07375 0.225
0 0.116875 0.5984375 0.06875 0.159375
0 0.593125 0.3734375 0.01875 0.065625
2 0.536875 0.340625 0.01375 0.05625
0 0.56875 0.33125 0.0175 0.05
0 0.461875 0.34375 0.01625 0.05
0 0.449375 0.315625 0.01125 0.0375
0 0.5075 0.296875 0.0075 0.0375
0 0.48875 0.2921875 0.01 0.021875
1 0.53375 0.3109375 0.0075 0.046875
1 0.473125 0.2875 0.00875 0.0375
1 0.826875 0.9484375 0.05625 0.090625
1 0.4425 0.284375 0.0075 0.025
1 0.413125 0.2859375 0.00875 0.028125
