1 0.22900390625 0.626953125 0.0517578125 0.09895833333333333
1 0.474365234375 0.5146484375 0.03173828125 0.054036458333333336
1 0.5185546875 0.4716796875 0.0205078125 0.035807291666666664
1 0.2978515625 0.4612630208333333 0.0166015625 0.030598958333333332
1 0.222900390625 0.4869791666666667 0.02197265625 0.040364583333333336
1 0.49853515625 0.4527994791666667 0.0166015625 0.029296875
1 0.48583984375 0.4381510416666667 0.01171875 0.0234375
1 0.34130859375 0.4388020833333333 0.01171875 0.01953125
1 0.216064453125 0.4345703125 0.00830078125 0.014973958333333334
1 0.36279296875 0.427734375 0.0087890625 0.015625
1 0.069091796875 0.4573567708333333 0.01318359375 0.018880208333333332
1 0.472412109375 0.4208984375 0.00830078125 0.017578125
1 0.390625 0.4124348958333333 0.005859375 0.011067708333333334
1 0.38134765625 0.4176432291666667 0.0078125 0.013671875
1 0.302490234375 0.419921875 0.00732421875 0.013020833333333334
1 0.340576171875 0.4270833333333333 0.00732421875 0.015625
1 0.234130859375 0.4143880208333333 0.00634765625 0.012369791666666666
1 0.400390625 0.4055989583333333 0.0048828125 0.009114583333333334
1 0.40673828125 0.4029947916666667 0.0048828125 0.006510416666666667
