0 0.16162109375 0.623046875 0.0478515625 0.08723958333333333
0 0.349365234375 0.4794921875 0.01806640625 0.038411458333333336
1 0.8408203125 0.6370442708333334 0.0654296875 0.10481770833333333
1 0.65087890625 0.4781901041666667 0.0234375 0.037109375
0 0.418212890625 0.4339192708333333 0.01025390625 0.021484375
0 0.465576171875 0.4156901041666667 0.00732421875 0.014973958333333334
1 0.57470703125 0.4264322916666667 0.0087890625 0.020833333333333332
0 0.4931640625 0.4075520833333333 0.0048828125 0.010416666666666666
1 0.5634765625 0.4033203125 0.005859375 0.011067708333333334
1 0.542236328125 0.3987630208333333 0.00537109375 0.009765625
1 0.57470703125 0.4117838541666667 0.0068359375 0.014973958333333334
0 0.496337890625 0.4026692708333333 0.00537109375 0.009765625
0 0.49267578125 0.4016927083333333 0.0048828125 0.009114583333333334
0 0.48291015625 0.3971354166666667 0.0048828125 0.006510416666666667
