2 0.6372395833333333 0.5106481481481482 0.0296875 0.0824074074074074
2 0.24765625 0.43703703703703706 0.024479166666666666 0.06111111111111111
2 0.41458333333333336 0.35324074074074074 0.016666666666666666 0.03611111111111111
2 0.38671875 0.3662037037037037 0.0171875 0.03796296296296296
2 0.5770833333333333 0.41898148148148145 0.021875 0.049074074074074076
2 0.56953125 0.3699074074074074 0.015104166666666667 0.03796296296296296
2 0.5033854166666667 0.32546296296296295 0.0109375 0.025
2 0.36640625 0.3365740740740741 0.0109375 0.023148148148148147
2 0.3265625 0.3189814814814815 0.008333333333333333 0.017592592592592594
2 0.5752604166666667 0.34675925925925927 0.0109375 0.023148148148148147
