1 0.413125 0.7234375 0.08875 0.284375
0 0.5025 0.45625 0.05 0.16875
1 0.553125 0.3515625 0.03625 0.134375
1 0.79625 0.609375 0.0675 0.2375
1 0.806875 0.4125 0.04875 0.1625
0 0.6625 0.2765625 0.03 0.109375
0 0.59 0.296875 0.0325 0.11875
1 0.6325 0.259375 0.025 0.13125
0 0.73625 0.190625 0.02 0.06875
1 0.73625 0.1171875 0.0225 0.059375
0 0.6025 0.028125 0.0225 0.05625
0 0.759375 0.2296875 0.02625 0.109375
1 0.798125 0.2359375 0.02625 0.096875
0 0.3125 0.071875 0.16 0.14375
0 0.48375 0.0390625 0.0325 0.078125
1 0.660625 0.1296875 0.01125 0.046875
1 0.695 0.146875 0.0175 0.05625
0 0.715 0.159375 0.015 0.05
1 0.751875 0.1828125 0.01375 0.078125
