0 0.328125 0.6020833333333333 0.03125 0.0875
0 0.453515625 0.4909722222222222 0.00859375 0.02361111111111111
2 0.498046875 0.5965277777777778 0.03046875 0.08472222222222223
2 0.72421875 0.49166666666666664 0.0125 0.030555555555555555
0 0.66796875 0.47708333333333336 0.0109375 0.02361111111111111
0 0.60703125 0.48125 0.009375 0.02361111111111111
0 0.716796875 0.4736111111111111 0.00859375 0.022222222222222223
0 0.523828125 0.48680555555555555 0.01015625 0.020833333333333332
0 0.36875 0.4986111111111111 0.009375 0.022222222222222223
0 0.170703125 0.7284722222222222 0.05703125 0.1486111111111111
