2 0.849609375 0.6588541666666666 0.08984375 0.17708333333333334
1 0.642578125 0.5045572916666666 0.017578125 0.03515625
0 0.42236328125 0.4752604166666667 0.0107421875 0.0234375
1 0.51171875 0.4583333333333333 0.0078125 0.015625
1 0.5771484375 0.4700520833333333 0.01171875 0.020833333333333332
0 0.38525390625 0.4641927083333333 0.0087890625 0.016927083333333332
1 0.40087890625 0.4544270833333333 0.0068359375 0.013020833333333334
1 0.44482421875 0.4563802083333333 0.0068359375 0.014322916666666666
2 0.478515625 0.4361979166666667 0.005859375 0.0078125
2 0.4990234375 0.4329427083333333 0.005859375 0.009114583333333334
2 0.576171875 0.43359375 0.005859375 0.0078125
2 0.384765625 0.4401041666666667 0.005859375 0.0078125
