1 0.7171875 0.5041666666666667 0.0375 0.075
1 0.200390625 0.6097222222222223 0.03515625 0.08055555555555556
1 0.290234375 0.48194444444444445 0.01171875 0.030555555555555555
1 0.54765625 0.45 0.015625 0.03611111111111111
1 0.5484375 0.42430555555555555 0.009375 0.02638888888888889
1 0.55703125 0.38333333333333336 0.0078125 0.022222222222222223
1 0.5859375 0.4041666666666667 0.0125 0.03333333333333333
1 0.459375 0.4027777777777778 0.0078125 0.025
1 0.37265625 0.4326388888888889 0.0171875 0.04583333333333333
1 0.6375 0.3888888888888889 0.0078125 0.027777777777777776
1 0.74296875 0.37222222222222223 0.0078125 0.022222222222222223
