1 0.408935546875 0.4925130208333333 0.02685546875 0.048828125
1 0.451904296875 0.4378255208333333 0.01611328125 0.027994791666666668
1 0.59375 0.4417317708333333 0.0166015625 0.027994791666666668
1 0.48193359375 0.4033203125 0.0078125 0.014973958333333334
1 0.57568359375 0.4104817708333333 0.009765625 0.017578125
1 0.5703125 0.4020182291666667 0.0078125 0.014973958333333334
1 0.48583984375 0.3971354166666667 0.005859375 0.013020833333333334
1 0.723876953125 0.4270833333333333 0.01123046875 0.020833333333333332
1 0.63818359375 0.3984375 0.0068359375 0.013020833333333334
1 0.955810546875 0.4212239583333333 0.00927734375 0.014322916666666666
1 0.752685546875 0.4127604166666667 0.00830078125 0.015625
