1 0.719970703125 0.5208333333333334 0.02783203125 0.05078125
1 0.6357421875 0.4645182291666667 0.017578125 0.029296875
0 0.316650390625 0.5322265625 0.03369140625 0.059244791666666664
0 0.412841796875 0.4612630208333333 0.01806640625 0.031901041666666664
1 0.5947265625 0.4417317708333333 0.01171875 0.016276041666666668
0 0.43994140625 0.4407552083333333 0.013671875 0.024739583333333332
0 0.45703125 0.427734375 0.01171875 0.020833333333333332
0 0.471435546875 0.4192708333333333 0.00830078125 0.018229166666666668
1 0.55810546875 0.416015625 0.0068359375 0.009114583333333334
1 0.54443359375 0.4052734375 0.0048828125 0.008463541666666666
1 0.574951171875 0.4248046875 0.00732421875 0.014973958333333334
1 0.583740234375 0.4049479166666667 0.00537109375 0.0078125
1 0.5498046875 0.41015625 0.0048828125 0.01171875
1 0.620849609375 0.4088541666666667 0.00537109375 0.010416666666666666
1 0.5693359375 0.4020182291666667 0.0048828125 0.011067708333333334
0 0.478515625 0.4137369791666667 0.0048828125 0.012369791666666666
