0 0.362890625 0.5076388888888889 0.01484375 0.04583333333333333
0 0.844140625 0.5506944444444445 0.02265625 0.07083333333333333
0 0.769921875 0.48194444444444445 0.01484375 0.044444444444444446
0 0.22109375 0.6694444444444444 0.0390625 0.1
2 0.584765625 0.4222222222222222 0.01171875 0.03888888888888889
0 0.4125 0.4618055555555556 0.009375 0.029166666666666667
0 0.762890625 0.44930555555555557 0.01015625 0.02638888888888889
0 0.65078125 0.4284722222222222 0.0078125 0.020833333333333332
2 0.618359375 0.42083333333333334 0.01171875 0.03888888888888889
0 0.550390625 0.42986111111111114 0.00859375 0.02361111111111111
0 0.451171875 0.4305555555555556 0.00859375 0.019444444444444445
0 0.53515625 0.42291666666666666 0.0078125 0.020833333333333332
0 0.4328125 0.44305555555555554 0.0078125 0.025
2 0.406640625 0.4284722222222222 0.01015625 0.034722222222222224
0 0.766796875 0.4340277777777778 0.00859375 0.02361111111111111
2 0.43359375 0.4215277777777778 0.0109375 0.03194444444444444
0 0.46328125 0.42083333333333334 0.0078125 0.016666666666666666
2 0.45 0.40555555555555556 0.0078125 0.025
