0 0.275390625 0.6006944444444444 0.03046875 0.08194444444444444
0 0.6109375 0.4951388888888889 0.0125 0.0375
0 0.57265625 0.48055555555555557 0.0109375 0.027777777777777776
0 0.37265625 0.5236111111111111 0.015625 0.04722222222222222
0 0.4234375 0.4888888888888889 0.0109375 0.030555555555555555
2 0.675 0.4701388888888889 0.0203125 0.08194444444444444
2 0.738671875 0.4708333333333333 0.02109375 0.07777777777777778
2 0.39375 0.475 0.01875 0.075
1 0.5515625 0.46458333333333335 0.0078125 0.02361111111111111
2 0.434375 0.4486111111111111 0.0078125 0.027777777777777776
2 0.34296875 0.48819444444444443 0.0140625 0.04583333333333333
0 0.44609375 0.4701388888888889 0.009375 0.02638888888888889
2 0.41484375 0.4527777777777778 0.009375 0.019444444444444445
0 0.53828125 0.45416666666666666 0.0078125 0.016666666666666666
0 0.459765625 0.4583333333333333 0.00703125 0.016666666666666666
