0 0.407470703125 0.4912109375 0.01904296875 0.039713541666666664
1 0.625 0.4521484375 0.0146484375 0.027994791666666668
0 0.43017578125 0.4436848958333333 0.01171875 0.022786458333333332
0 0.45166015625 0.4293619791666667 0.0078125 0.016276041666666668
1 0.88134765625 0.5810546875 0.048828125 0.07877604166666667
0 0.440673828125 0.4195963541666667 0.00732421875 0.013671875
1 0.55126953125 0.4215494791666667 0.0078125 0.014973958333333334
1 0.528076171875 0.4137369791666667 0.00537109375 0.009765625
0 0.443603515625 0.4147135416666667 0.00537109375 0.013020833333333334
0 0.4833984375 0.4055989583333333 0.0048828125 0.0078125
0 0.453125 0.4095052083333333 0.0048828125 0.009114583333333334
0 0.45849609375 0.4072265625 0.0048828125 0.008463541666666666
1 0.552978515625 0.4055989583333333 0.00537109375 0.009114583333333334
1 0.6162109375 0.4026692708333333 0.0048828125 0.007161458333333333
