1 0.7671875 0.6034722222222222 0.046875 0.10694444444444444
1 0.25703125 0.6173611111111111 0.0328125 0.07916666666666666
1 0.377734375 0.5111111111111111 0.01796875 0.044444444444444446
1 0.671875 0.48680555555555555 0.01875 0.04861111111111111
1 0.39609375 0.4826388888888889 0.0125 0.03194444444444444
1 0.5796875 0.44930555555555557 0.009375 0.02638888888888889
1 0.3703125 0.4666666666666667 0.0078125 0.025
1 0.39375 0.44027777777777777 0.0078125 0.013888888888888888
1 0.315625 0.4625 0.0078125 0.019444444444444445
1 0.253125 0.4652777777777778 0.0078125 0.019444444444444445
