1 0.27001953125 0.556640625 0.0439453125 0.06640625
1 0.81640625 0.5501302083333334 0.041015625 0.06770833333333333
1 0.763916015625 0.4957682291666667 0.02490234375 0.043619791666666664
1 0.552490234375 0.4485677083333333 0.01513671875 0.026041666666666668
1 0.749267578125 0.4680989583333333 0.01611328125 0.03125
1 0.58984375 0.435546875 0.01171875 0.020833333333333332
1 0.610595703125 0.4270833333333333 0.00927734375 0.016927083333333332
1 0.635009765625 0.4186197916666667 0.00732421875 0.015625
1 0.65478515625 0.4095052083333333 0.005859375 0.01171875
1 0.734375 0.4264322916666667 0.0107421875 0.015625
1 0.877685546875 0.4430338541666667 0.01220703125 0.021484375
1 0.85546875 0.4124348958333333 0.0068359375 0.011067708333333334
1 0.66455078125 0.40625 0.0048828125 0.009114583333333334
1 0.869384765625 0.4248046875 0.00830078125 0.016276041666666668
1 0.671875 0.4036458333333333 0.0048828125 0.009114583333333334
1 0.164794921875 0.4309895833333333 0.01513671875 0.01171875
1 0.37646484375 0.4069010416666667 0.009765625 0.0078125
1 0.73486328125 0.416015625 0.0087890625 0.014322916666666666
1 0.75244140625 0.4059244791666667 0.0048828125 0.007161458333333333
1 0.915283203125 0.4091796875 0.00732421875 0.009765625
1 0.7607421875 0.4039713541666667 0.0048828125 0.007161458333333333
1 0.7333984375 0.4072265625 0.0048828125 0.009765625
