0 0.352294921875 0.5113932291666666 0.03076171875 0.052734375
1 0.83349609375 0.4856770833333333 0.0244140625 0.037760416666666664
1 0.782470703125 0.4417317708333333 0.01220703125 0.024088541666666668
0 0.557861328125 0.4453125 0.01513671875 0.026041666666666668
0 0.6103515625 0.4280598958333333 0.01171875 0.018880208333333332
0 0.6416015625 0.4156901041666667 0.0068359375 0.013671875
1 0.753173828125 0.4235026041666667 0.00732421875 0.014973958333333334
0 0.65966796875 0.4111328125 0.0048828125 0.009765625
0 0.66455078125 0.4059244791666667 0.0068359375 0.018880208333333332
2 0.736083984375 0.4095052083333333 0.00830078125 0.015625
