0 0.4365234375 0.4348958333333333 0.015625 0.02734375
1 0.76611328125 0.4973958333333333 0.0302734375 0.049479166666666664
0 0.384765625 0.47265625 0.021484375 0.0390625
0 0.5224609375 0.4153645833333333 0.01171875 0.022135416666666668
1 0.6904296875 0.4469401041666667 0.0166015625 0.034505208333333336
0 0.59912109375 0.4026692708333333 0.0068359375 0.014973958333333334
1 0.68896484375 0.4287109375 0.0126953125 0.022786458333333332
0 0.6552734375 0.3932291666666667 0.0068359375 0.01171875
1 0.74853515625 0.3994140625 0.0078125 0.016276041666666668
1 0.719482421875 0.4049479166666667 0.00927734375 0.018229166666666668
1 0.705810546875 0.4137369791666667 0.00927734375 0.020182291666666668
