1 0.32421875 0.5645833333333333 0.0265625 0.07083333333333333
1 0.744921875 0.5826388888888889 0.02578125 0.07916666666666666
1 0.705859375 0.49027777777777776 0.01484375 0.05
1 0.50859375 0.4666666666666667 0.0109375 0.030555555555555555
1 0.6234375 0.4444444444444444 0.009375 0.022222222222222223
1 0.75 0.4625 0.0109375 0.027777777777777776
1 0.75703125 0.4361111111111111 0.0078125 0.019444444444444445
1 0.893359375 0.44930555555555557 0.00859375 0.020833333333333332
1 0.8296875 0.4534722222222222 0.0078125 0.020833333333333332
1 0.95078125 0.4513888888888889 0.0078125 0.016666666666666666
