1 0.33515625 0.6430555555555556 0.04375 0.10277777777777777
1 0.4671875 0.4388888888888889 0.0078125 0.027777777777777776
1 0.85234375 0.49236111111111114 0.028125 0.07083333333333333
1 0.39921875 0.4861111111111111 0.015625 0.03888888888888889
1 0.65078125 0.4409722222222222 0.015625 0.04027777777777778
1 0.637109375 0.42430555555555555 0.01640625 0.029166666666666667
1 0.625 0.3902777777777778 0.0078125 0.016666666666666666
1 0.5390625 0.4131944444444444 0.0125 0.02361111111111111
1 0.66328125 0.40555555555555556 0.009375 0.019444444444444445
1 0.70859375 0.36666666666666664 0.0078125 0.013888888888888888
1 0.69375 0.3736111111111111 0.0078125 0.013888888888888888
1 0.70546875 0.3902777777777778 0.0078125 0.019444444444444445
