1 0.241015625 0.6895833333333333 0.04296875 0.1125
1 0.819140625 0.5972222222222222 0.03359375 0.08888888888888889
1 0.656640625 0.4951388888888889 0.02109375 0.043055555555555555
1 0.430859375 0.4888888888888889 0.01640625 0.044444444444444446
1 0.518359375 0.44583333333333336 0.01171875 0.030555555555555555
1 0.7125 0.45208333333333334 0.0140625 0.029166666666666667
1 0.6015625 0.4305555555555556 0.0078125 0.019444444444444445
1 0.7203125 0.4076388888888889 0.0078125 0.020833333333333332
1 0.666015625 0.4173611111111111 0.00859375 0.020833333333333332
1 0.765625 0.43194444444444446 0.0078125 0.025
