1 0.203125 0.615625 0.05125 0.1625
1 0.904375 0.425 0.03625 0.09375
0 0.58625 0.428125 0.0275 0.0875
0 0.37125 0.409375 0.02 0.06875
1 0.841875 0.721875 0.08375 0.2125
0 0.60125 0.33125 0.015 0.05
0 0.66125 0.3125 0.01 0.04375
0 0.428125 0.35625 0.01875 0.05625
0 0.72625 0.3734375 0.0225 0.071875
0 0.459375 0.3296875 0.01375 0.046875
0 0.904375 0.290625 0.02125 0.0375
0 0.780625 0.3078125 0.01625 0.053125
0 0.37875 0.3203125 0.0125 0.040625
1 0.72625 0.2796875 0.01 0.034375
1 0.57125 0.2796875 0.0075 0.028125
1 0.12375 0.3484375 0.0175 0.046875
2 0.166875 0.3375 0.01375 0.04375
1 0.021875 0.3984375 0.01875 0.059375
1 0.301875 0.3125 0.01125 0.0375
1 0.92375 0.3421875 0.0225 0.065625
0 0.815625 0.2796875 0.01125 0.046875
1 0.601875 0.2796875 0.01125 0.034375
1 0.5225 0.2640625 0.01 0.034375
2 0.28125 0.30625 0.01 0.0375
0 0.54625 0.265625 0.01 0.03125
0 0.216875 0.3171875 0.01125 0.034375
0 0.34 0.290625 0.0075 0.01875
1 0.44875 0.28125 0.0075 0.03125
0 0.661875 0.2796875 0.01125 0.021875
0 0.42125 0.28125 0.0075 0.01875
1 0.415 0.265625 0.0075 0.025
2 0.831875 0.1421875 0.01375 0.034375
0 0.80875 0.1421875 0.0125 0.034375
0 0.78875 0.13125 0.01 0.03125
0 0.38125 0.28125 0.0075 0.01875
1 0.98 0.271875 0.01 0.0375
