1 0.648046875 0.5138888888888888 0.02421875 0.05555555555555555
1 0.47265625 0.4625 0.0140625 0.03888888888888889
1 0.23671875 0.6611111111111111 0.0375 0.09722222222222222
1 0.2859375 0.5076388888888889 0.0234375 0.05416666666666667
1 0.358203125 0.45555555555555555 0.00859375 0.025
1 0.2453125 0.4888888888888889 0.0109375 0.027777777777777776
1 0.160546875 0.48819444444444443 0.00859375 0.02361111111111111
1 0.17421875 0.4722222222222222 0.0078125 0.019444444444444445
1 0.192578125 0.4875 0.00859375 0.025
1 0.273046875 0.46111111111111114 0.00859375 0.022222222222222223
1 0.665625 0.42430555555555555 0.0078125 0.02361111111111111
1 0.79609375 0.4340277777777778 0.0078125 0.029166666666666667
1 0.56484375 0.4222222222222222 0.009375 0.019444444444444445
1 0.09609375 0.49722222222222223 0.0078125 0.027777777777777776
1 0.021875 0.5145833333333333 0.0078125 0.020833333333333332
1 0.530859375 0.41458333333333336 0.00859375 0.018055555555555554
1 0.815625 0.42430555555555555 0.0078125 0.020833333333333332
1 0.63671875 0.41180555555555554 0.0078125 0.018055555555555554
1 0.078125 0.49166666666666664 0.0078125 0.013888888888888888
1 0.70703125 0.4152777777777778 0.0078125 0.022222222222222223
1 0.978125 0.42777777777777776 0.0078125 0.022222222222222223
1 0.60546875 0.4083333333333333 0.0078125 0.013888888888888888
1 0.991796875 0.4527777777777778 0.01171875 0.03333333333333333
