1 0.841796875 0.6295572916666666 0.0546875 0.08984375
0 0.05224609375 0.6907552083333334 0.0595703125 0.10807291666666667
1 0.63623046875 0.5104166666666666 0.0205078125 0.036458333333333336
0 0.3291015625 0.5338541666666666 0.021484375 0.046875
0 0.39111328125 0.5006510416666666 0.0166015625 0.032552083333333336
1 0.58544921875 0.48828125 0.0146484375 0.026041666666666668
1 0.56201171875 0.4759114583333333 0.0107421875 0.01953125
0 0.42626953125 0.4817708333333333 0.0087890625 0.020833333333333332
0 0.4375 0.474609375 0.0078125 0.016927083333333332
0 0.06591796875 0.4915364583333333 0.0126953125 0.022135416666666668
0 0.14892578125 0.4811197916666667 0.0087890625 0.01953125
1 0.54052734375 0.470703125 0.0068359375 0.016927083333333332
1 0.5205078125 0.4641927083333333 0.005859375 0.014322916666666666
1 0.5107421875 0.4596354166666667 0.005859375 0.013020833333333334
0 0.4296875 0.46875 0.005859375 0.013020833333333334
1 0.080078125 0.48046875 0.01171875 0.018229166666666668
0 0.23046875 0.470703125 0.005859375 0.014322916666666666
0 0.42578125 0.4661458333333333 0.005859375 0.0078125
1 0.494140625 0.4563802083333333 0.005859375 0.009114583333333334
