1 0.49560546875 0.4358723958333333 0.01171875 0.026692708333333332
1 0.367919921875 0.5517578125 0.04052734375 0.068359375
1 0.8095703125 0.5250651041666666 0.03125 0.055338541666666664
1 0.56591796875 0.4192708333333333 0.013671875 0.0234375
1 0.93310546875 0.5003255208333334 0.0283203125 0.050130208333333336
1 0.76025390625 0.4498697916666667 0.015625 0.03125
1 0.9775390625 0.4661458333333333 0.0185546875 0.032552083333333336
1 0.830322265625 0.4391276041666667 0.01416015625 0.026692708333333332
1 0.857177734375 0.4182942708333333 0.00927734375 0.016276041666666668
1 0.96435546875 0.4244791666666667 0.009765625 0.016927083333333332
1 0.90185546875 0.435546875 0.015625 0.022135416666666668
1 0.6572265625 0.4140625 0.0126953125 0.0234375
1 0.776611328125 0.4140625 0.01123046875 0.018229166666666668
