0 0.177734375 0.6070963541666666 0.052734375 0.087890625
1 0.620849609375 0.4788411458333333 0.02294921875 0.042317708333333336
0 0.13671875 0.4912109375 0.03125 0.027994791666666668
0 0.242919921875 0.5091145833333334 0.02880859375 0.049479166666666664
1 0.755615234375 0.578125 0.05029296875 0.057291666666666664
1 0.4912109375 0.4501953125 0.01953125 0.034505208333333336
1 0.38232421875 0.443359375 0.017578125 0.032552083333333336
0 0.051513671875 0.4866536458333333 0.02197265625 0.037109375
1 0.942626953125 0.537109375 0.03466796875 0.0625
1 0.7578125 0.4518229166666667 0.0224609375 0.0390625
1 0.691162109375 0.4251302083333333 0.01123046875 0.022135416666666668
1 0.654052734375 0.412109375 0.00927734375 0.014322916666666666
1 0.21875 0.4466145833333333 0.01171875 0.024739583333333332
0 0.8193359375 0.4251302083333333 0.009765625 0.01953125
0 0.754150390625 0.4091796875 0.00732421875 0.014973958333333334
0 0.72509765625 0.4026692708333333 0.005859375 0.013671875
1 0.626953125 0.4000651041666667 0.0068359375 0.013671875
1 0.615234375 0.3935546875 0.005859375 0.011067708333333334
1 0.066650390625 0.4541015625 0.01611328125 0.016276041666666668
0 0.9384765625 0.4599609375 0.0244140625 0.030598958333333332
0 0.701171875 0.3977864583333333 0.0087890625 0.01171875
0 0.683349609375 0.392578125 0.00537109375 0.010416666666666666
0 0.66943359375 0.3889973958333333 0.0048828125 0.008463541666666666
