1 0.191650390625 0.6507161458333334 0.05908203125 0.10481770833333333
1 0.63916015625 0.5341796875 0.033203125 0.06315104166666667
1 0.57080078125 0.4534505208333333 0.0146484375 0.029296875
1 0.385986328125 0.46875 0.01708984375 0.033854166666666664
1 0.37109375 0.4423828125 0.0126953125 0.024088541666666668
1 0.541748046875 0.4280598958333333 0.01025390625 0.018880208333333332
1 0.485107421875 0.419921875 0.01025390625 0.016927083333333332
1 0.32666015625 0.4306640625 0.01171875 0.018880208333333332
1 0.397705078125 0.416015625 0.00830078125 0.014322916666666666
1 0.2607421875 0.4270833333333333 0.009765625 0.014322916666666666
1 0.203369140625 0.4202473958333333 0.00732421875 0.012369791666666666
1 0.165771484375 0.4290364583333333 0.00830078125 0.014322916666666666
1 0.320068359375 0.4156901041666667 0.00732421875 0.014973958333333334
1 0.04443359375 0.4781901041666667 0.0224609375 0.031901041666666664
1 0.082275390625 0.4283854166666667 0.00927734375 0.014322916666666666
1 0.02392578125 0.4410807291666667 0.01171875 0.017578125
1 0.143310546875 0.4235026041666667 0.00927734375 0.013671875
