2 0.15390625 0.5916666666666667 0.0484375 0.11851851851851852
2 0.37109375 0.38287037037037036 0.019270833333333334 0.04537037037037037
2 0.3927083333333333 0.36157407407407405 0.015625 0.03796296296296296
2 0.7744791666666667 0.575925925925926 0.04895833333333333 0.11296296296296296
2 0.6372395833333333 0.38564814814814813 0.0171875 0.04537037037037037
2 0.36354166666666665 0.3458333333333333 0.013541666666666667 0.032407407407407406
2 0.58203125 0.34629629629629627 0.011979166666666667 0.03148148148148148
2 0.5286458333333334 0.32037037037037036 0.008333333333333333 0.024074074074074074
2 0.3151041666666667 0.3439814814814815 0.011458333333333333 0.026851851851851852
2 0.2609375 0.3449074074074074 0.011458333333333333 0.025
2 0.44869791666666664 0.3101851851851852 0.008854166666666666 0.022222222222222223
2 0.14375 0.35 0.008333333333333333 0.024074074074074074
2 0.7268229166666667 0.31574074074074077 0.008854166666666666 0.027777777777777776
2 0.18697916666666667 0.324537037037037 0.009375 0.028703703703703703
2 0.30546875 0.3087962962962963 0.008854166666666666 0.028703703703703703
2 0.7473958333333334 0.3300925925925926 0.008333333333333333 0.026851851851851852
2 0.646875 0.29259259259259257 0.00625 0.016666666666666666
2 0.6111979166666667 0.29583333333333334 0.0078125 0.01574074074074074
2 0.6872395833333333 0.2962962962962963 0.005729166666666666 0.022222222222222223
2 0.70703125 0.3106481481481482 0.0109375 0.021296296296296296
2 0.044270833333333336 0.36435185185185187 0.008333333333333333 0.023148148148148147
2 0.07994791666666666 0.3425925925925926 0.008854166666666666 0.022222222222222223
