0 0.20625 0.5009259259259259 0.027083333333333334 0.07222222222222222
0 0.30807291666666664 0.41388888888888886 0.018229166666666668 0.046296296296296294
0 0.27291666666666664 0.3962962962962963 0.014583333333333334 0.03518518518518519
0 0.8153645833333333 0.4962962962962963 0.028645833333333332 0.06666666666666667
0 0.06640625 0.4310185185185185 0.011979166666666667 0.030555555555555555
0 0.17890625 0.399537037037037 0.013020833333333334 0.026851851851851852
0 0.18203125 0.37083333333333335 0.0078125 0.017592592592592594
0 0.9421875 0.524074074074074 0.04375 0.11666666666666667
0 0.81953125 0.4162037037037037 0.0171875 0.03611111111111111
0 0.32395833333333335 0.34814814814814815 0.00625 0.016666666666666666
0 0.6299479166666667 0.37592592592592594 0.011979166666666667 0.027777777777777776
0 0.4596354166666667 0.3458333333333333 0.0067708333333333336 0.021296296296296296
0 0.022916666666666665 0.4115740740740741 0.008333333333333333 0.019444444444444445
0 0.7513020833333334 0.34305555555555556 0.0067708333333333336 0.012037037037037037
0 0.8255208333333334 0.35185185185185186 0.008333333333333333 0.016666666666666666
0 0.8072916666666666 0.3421296296296296 0.008333333333333333 0.013888888888888888
0 0.3125 0.33101851851851855 0.005208333333333333 0.012037037037037037
