2 0.25755208333333335 0.5717592592592593 0.03802083333333333 0.10092592592592593
2 0.17708333333333334 0.487962962962963 0.027083333333333334 0.06296296296296296
2 0.6294270833333333 0.38842592592592595 0.0203125 0.041666666666666664
2 0.9713541666666666 0.4898148148148148 0.027083333333333334 0.06296296296296296
2 0.3953125 0.36666666666666664 0.013541666666666667 0.02962962962962963
2 0.007291666666666667 0.4703703703703704 0.014583333333333334 0.037037037037037035
2 0.2830729166666667 0.3768518518518518 0.0109375 0.027777777777777776
2 0.19010416666666666 0.39444444444444443 0.011458333333333333 0.025925925925925925
2 0.15052083333333333 0.3925925925925926 0.010416666666666666 0.022222222222222223
2 0.01796875 0.42824074074074076 0.008854166666666666 0.023148148148148147
