2 0.7674479166666667 0.47824074074074074 0.024479166666666666 0.06574074074074074
2 0.43072916666666666 0.4111111111111111 0.020833333333333332 0.06666666666666667
2 0.5322916666666667 0.36342592592592593 0.01875 0.04351851851851852
2 0.76875 0.412962962962963 0.016666666666666666 0.044444444444444446
2 0.6122395833333333 0.3560185185185185 0.011979166666666667 0.028703703703703703
2 0.6903645833333333 0.36342592592592593 0.009895833333333333 0.025
2 0.803125 0.37962962962962965 0.008333333333333333 0.024074074074074074
2 0.5606770833333333 0.3282407407407407 0.0078125 0.017592592592592594
2 0.8848958333333333 0.399537037037037 0.005208333333333333 0.019444444444444445
2 0.72265625 0.3509259259259259 0.008854166666666666 0.020370370370370372
