2 0.551953125 0.4513888888888889 0.01640625 0.05277777777777778
0 0.61171875 0.47638888888888886 0.01875 0.058333333333333334
0 0.684375 0.5097222222222222 0.025 0.06944444444444445
0 0.301953125 0.6756944444444445 0.03828125 0.10972222222222222
0 0.32890625 0.5569444444444445 0.025 0.06388888888888888
2 0.332421875 0.5111111111111111 0.01796875 0.05
0 0.49140625 0.43333333333333335 0.0109375 0.027777777777777776
2 0.0109375 0.6333333333333333 0.021875 0.06666666666666667
0 0.080078125 0.5798611111111112 0.01640625 0.043055555555555555
0 0.920703125 0.4236111111111111 0.01484375 0.03611111111111111
0 0.848046875 0.41458333333333336 0.01328125 0.03194444444444444
0 0.851953125 0.44930555555555557 0.01640625 0.04583333333333333
0 0.782421875 0.40694444444444444 0.01015625 0.027777777777777776
2 0.7140625 0.42430555555555555 0.015625 0.04027777777777778
0 0.140234375 0.5347222222222222 0.01328125 0.03333333333333333
0 0.6578125 0.41388888888888886 0.0109375 0.03333333333333333
0 0.770703125 0.4354166666666667 0.01484375 0.043055555555555555
0 0.33984375 0.4861111111111111 0.0140625 0.041666666666666664
2 0.40234375 0.44375 0.0109375 0.02638888888888889
0 0.6859375 0.39652777777777776 0.009375 0.02361111111111111
0 0.7328125 0.4013888888888889 0.009375 0.025
0 0.341796875 0.4666666666666667 0.01328125 0.03611111111111111
