0 0.2197265625 0.5960286458333334 0.0400390625 0.07747395833333333
0 0.18603515625 0.5374348958333334 0.03125 0.055338541666666664
0 0.15283203125 0.4791666666666667 0.015625 0.029947916666666668
1 0.360595703125 0.4498697916666667 0.01318359375 0.026041666666666668
1 0.81689453125 0.5416666666666666 0.033203125 0.06380208333333333
1 0.506103515625 0.4772135416666667 0.02001953125 0.0390625
1 0.23095703125 0.4300130208333333 0.0048828125 0.013671875
1 0.20947265625 0.4261067708333333 0.005859375 0.009765625
1 0.2958984375 0.4391276041666667 0.0087890625 0.018880208333333332
1 0.252197265625 0.43359375 0.00830078125 0.018229166666666668
