1 0.71953125 0.49722222222222223 0.0296875 0.08611111111111111
1 0.553125 0.4111111111111111 0.015625 0.03888888888888889
1 0.84765625 0.7902777777777777 0.059375 0.20833333333333334
1 0.65703125 0.39375 0.0109375 0.03194444444444444
1 0.779296875 0.4409722222222222 0.01328125 0.043055555555555555
1 0.7359375 0.37916666666666665 0.009375 0.030555555555555555
1 0.383984375 0.4638888888888889 0.02265625 0.05
1 0.833984375 0.4201388888888889 0.01171875 0.03194444444444444
1 0.8671875 0.4013888888888889 0.0078125 0.027777777777777776
1 0.9015625 0.38958333333333334 0.0078125 0.020833333333333332
