0 0.462158203125 0.5052083333333334 0.02587890625 0.049479166666666664
0 0.617431640625 0.4768880208333333 0.01806640625 0.035807291666666664
0 0.758544921875 0.4612630208333333 0.01318359375 0.025390625
1 0.96630859375 0.4710286458333333 0.013671875 0.025390625
1 0.912109375 0.4485677083333333 0.0068359375 0.014322916666666666
1 0.953125 0.4602864583333333 0.01171875 0.018229166666666668
1 0.934326171875 0.453125 0.00830078125 0.014322916666666666
0 0.82470703125 0.4453125 0.0048828125 0.014322916666666666
0 0.8046875 0.4485677083333333 0.0087890625 0.022135416666666668
1 0.742919921875 0.427734375 0.00537109375 0.010416666666666666
1 0.75537109375 0.4319661458333333 0.0048828125 0.009765625
0 0.72021484375 0.427734375 0.0048828125 0.010416666666666666
1 0.66650390625 0.419921875 0.005859375 0.010416666666666666
1 0.864990234375 0.44140625 0.00634765625 0.01171875
1 0.99462890625 0.4954427083333333 0.0107421875 0.032552083333333336
1 0.93994140625 0.44140625 0.005859375 0.0078125
1 0.95166015625 0.4453125 0.0068359375 0.009114583333333334
1 0.963623046875 0.4488932291666667 0.00634765625 0.009765625
1 0.978759765625 0.4534505208333333 0.00830078125 0.012369791666666666
1 0.995361328125 0.4599609375 0.00732421875 0.013671875
1 0.93408203125 0.4381510416666667 0.0048828125 0.0078125
1 0.9287109375 0.4361979166666667 0.0048828125 0.006510416666666667
1 0.92626953125 0.4342447916666667 0.0048828125 0.006510416666666667
1 0.45458984375 0.408203125 0.0048828125 0.006510416666666667
