0 0.322509765625 0.5452473958333334 0.03466796875 0.046223958333333336
1 0.80615234375 0.5621744791666666 0.04296875 0.06966145833333333
1 0.67236328125 0.4759114583333333 0.0185546875 0.033854166666666664
1 0.6162109375 0.4456380208333333 0.01171875 0.016276041666666668
1 0.715576171875 0.4462890625 0.01318359375 0.024088541666666668
1 0.601318359375 0.4319661458333333 0.01025390625 0.018880208333333332
1 0.821044921875 0.4908854166666667 0.02294921875 0.028645833333333332
0 0.402099609375 0.4645182291666667 0.01904296875 0.035807291666666664
1 0.67333984375 0.4361979166666667 0.013671875 0.014322916666666666
0 0.42333984375 0.4404296875 0.0146484375 0.022786458333333332
1 0.6259765625 0.4296875 0.0107421875 0.016927083333333332
0 0.762451171875 0.4319661458333333 0.00830078125 0.013671875
0 0.659912109375 0.4222005208333333 0.00927734375 0.013671875
0 0.918701171875 0.4593098958333333 0.01513671875 0.022786458333333332
0 0.852294921875 0.447265625 0.01416015625 0.015625
0 0.56201171875 0.4173177083333333 0.0078125 0.014322916666666666
0 0.435791015625 0.4267578125 0.01025390625 0.017578125
0 0.487060546875 0.4208984375 0.01025390625 0.011067708333333334
