1 0.18359375 0.6236111111111111 0.028125 0.07222222222222222
1 0.303125 0.5118055555555555 0.0171875 0.043055555555555555
1 0.3296875 0.46875 0.0109375 0.034722222222222224
1 0.29140625 0.45416666666666666 0.0109375 0.025
1 0.551953125 0.4201388888888889 0.01796875 0.03194444444444444
1 0.648046875 0.4652777777777778 0.02890625 0.058333333333333334
1 0.482421875 0.4166666666666667 0.01171875 0.025
1 0.402734375 0.41875 0.00859375 0.02361111111111111
1 0.2921875 0.4270833333333333 0.0078125 0.015277777777777777
1 0.20234375 0.4597222222222222 0.0078125 0.022222222222222223
1 0.11953125 0.4736111111111111 0.0078125 0.016666666666666666
1 0.382421875 0.3888888888888889 0.00859375 0.013888888888888888
