1 0.480625 0.44425675675675674 0.03125 0.057432432432432436
0 0.05375 0.4822635135135135 0.035 0.05912162162162162
0 0.19125 0.5768581081081081 0.06 0.10304054054054054
1 0.334375 0.4096283783783784 0.02375 0.03885135135135135
1 0.29625 0.3952702702702703 0.0175 0.033783783783783786
0 0.055 0.4079391891891892 0.02 0.03547297297297297
0 0.155 0.3893581081081081 0.0125 0.02533783783783784
0 0.179375 0.3716216216216216 0.00875 0.02027027027027027
0 0.21625 0.37753378378378377 0.01 0.02195945945945946
1 0.324375 0.38260135135135137 0.01375 0.02533783783783784
1 0.39625 0.3716216216216216 0.0125 0.02364864864864865
1 0.346875 0.3657094594594595 0.00875 0.018581081081081082
0 0.2275 0.3733108108108108 0.0125 0.02027027027027027
