0 0.173125 0.546875 0.04875 0.14375
0 0.66375 0.484375 0.035 0.125
0 0.678125 0.33125 0.02125 0.0625
0 0.38875 0.3875 0.025 0.075
0 0.540625 0.296875 0.01125 0.04375
1 0.481875 0.325 0.01125 0.05625
0 0.693125 0.29375 0.01125 0.05
1 0.591875 0.278125 0.00875 0.0375
0 0.72625 0.2734375 0.01 0.040625
1 0.244375 0.2984375 0.01125 0.040625
0 0.0875 0.3140625 0.0125 0.040625
0 0.13875 0.2953125 0.0125 0.040625
0 0.918125 0.2859375 0.01375 0.053125
1 0.18 0.30625 0.015 0.04375
1 0.325 0.290625 0.01 0.03125
0 0.204375 0.290625 0.00875 0.03125
