1 0.087109375 0.5222222222222223 0.01484375 0.044444444444444446
1 0.21953125 0.4930555555555556 0.0078125 0.030555555555555555
1 0.300390625 0.5486111111111112 0.01796875 0.05555555555555555
1 0.384765625 0.4888888888888889 0.00859375 0.030555555555555555
1 0.524609375 0.5173611111111112 0.02109375 0.05416666666666667
1 0.25234375 0.4861111111111111 0.0078125 0.025
1 0.3390625 0.4736111111111111 0.0078125 0.022222222222222223
1 0.32265625 0.46875 0.0078125 0.018055555555555554
1 0.17109375 0.46458333333333335 0.0078125 0.015277777777777777
1 0.284375 0.4638888888888889 0.0078125 0.013888888888888888
1 0.2265625 0.46944444444444444 0.0078125 0.013888888888888888
