0 0.315625 0.6069444444444444 0.034375 0.07777777777777778
1 0.6875 0.4548611111111111 0.021875 0.07916666666666666
0 0.4 0.5131944444444444 0.015625 0.04861111111111111
2 0.417578125 0.46111111111111114 0.01796875 0.06388888888888888
0 0.62578125 0.47708333333333336 0.015625 0.04027777777777778
2 0.373046875 0.4638888888888889 0.01796875 0.06388888888888888
2 0.748046875 0.45694444444444443 0.02421875 0.07777777777777778
0 0.55859375 0.42291666666666666 0.0078125 0.020833333333333332
0 0.5890625 0.45555555555555555 0.009375 0.030555555555555555
0 0.803515625 0.4756944444444444 0.01328125 0.034722222222222224
0 0.46953125 0.44513888888888886 0.0078125 0.02361111111111111
0 0.44609375 0.4708333333333333 0.0078125 0.030555555555555555
0 0.806640625 0.4361111111111111 0.00859375 0.022222222222222223
0 0.57109375 0.4375 0.009375 0.022222222222222223
0 0.9421875 0.44027777777777777 0.0078125 0.025
