2 0.7697916666666667 0.7106481481481481 0.06458333333333334 0.17685185185185184
2 0.13255208333333332 0.5222222222222223 0.044270833333333336 0.09444444444444444
2 0.6705729166666666 0.3902777777777778 0.013020833333333334 0.03611111111111111
2 0.4080729166666667 0.35324074074074074 0.013020833333333334 0.032407407407407406
2 0.6317708333333333 0.33240740740740743 0.007291666666666667 0.018518518518518517
2 0.7010416666666667 0.33101851851851855 0.008333333333333333 0.021296296296296296
2 0.50390625 0.3060185185185185 0.005729166666666666 0.012037037037037037
2 0.18489583333333334 0.3439814814814815 0.011458333333333333 0.023148148148148147
2 0.49322916666666666 0.31712962962962965 0.010416666666666666 0.021296296296296296
2 0.46510416666666665 0.2986111111111111 0.005208333333333333 0.010185185185185186
2 0.6880208333333333 0.32546296296296295 0.005208333333333333 0.012037037037037037
