1 0.63037109375 0.4814453125 0.01953125 0.041015625
1 0.43505859375 0.4518229166666667 0.0126953125 0.024739583333333332
1 0.582763671875 0.4488932291666667 0.01220703125 0.025390625
1 0.556396484375 0.4345703125 0.00830078125 0.016276041666666668
1 0.384765625 0.494140625 0.025390625 0.044270833333333336
1 0.055908203125 0.8307291666666666 0.10498046875 0.18619791666666666
1 0.470458984375 0.4235026041666667 0.00537109375 0.012369791666666666
1 0.546142578125 0.4267578125 0.00830078125 0.013671875
1 0.464599609375 0.4274088541666667 0.00732421875 0.014973958333333334
1 0.720703125 0.4440104166666667 0.009765625 0.020833333333333332
1 0.836181640625 0.44140625 0.00732421875 0.015625
1 0.787841796875 0.43359375 0.00634765625 0.014322916666666666
1 0.9033203125 0.4397786458333333 0.0068359375 0.013671875
1 0.855712890625 0.4274088541666667 0.00634765625 0.011067708333333334
1 0.98046875 0.4671223958333333 0.0146484375 0.024088541666666668
1 0.887939453125 0.4322916666666667 0.00634765625 0.010416666666666666
1 0.4765625 0.4195963541666667 0.0048828125 0.009765625
1 0.541748046875 0.4202473958333333 0.00537109375 0.008463541666666666
1 0.93017578125 0.4361979166666667 0.0068359375 0.013020833333333334
1 0.609375 0.4261067708333333 0.0048828125 0.011067708333333334
1 0.48193359375 0.4169921875 0.0048828125 0.009765625
1 0.75146484375 0.4205729166666667 0.0048828125 0.01171875
1 0.683837890625 0.4205729166666667 0.00537109375 0.009114583333333334
1 0.71826171875 0.4235026041666667 0.005859375 0.011067708333333334
1 0.771484375 0.423828125 0.0068359375 0.010416666666666666
