1 0.799609375 0.44930555555555557 0.01484375 0.034722222222222224
1 0.522265625 0.43194444444444446 0.01328125 0.03333333333333333
1 0.11796875 0.6916666666666667 0.0375 0.11666666666666667
1 0.69140625 0.39791666666666664 0.0078125 0.020833333333333332
1 0.547265625 0.3993055555555556 0.00859375 0.02361111111111111
1 0.10234375 0.4534722222222222 0.0125 0.029166666666666667
1 0.5171875 0.3784722222222222 0.0078125 0.020833333333333332
1 0.49296875 0.3715277777777778 0.0078125 0.018055555555555554
1 0.1796875 0.39861111111111114 0.0078125 0.022222222222222223
1 0.60859375 0.3763888888888889 0.0078125 0.022222222222222223
