1 0.94189453125 0.810546875 0.1142578125 0.171875
1 0.629638671875 0.4860026041666667 0.02685546875 0.039713541666666664
1 0.593017578125 0.4462890625 0.01611328125 0.026692708333333332
1 0.294677734375 0.5152994791666666 0.03271484375 0.056640625
1 0.415771484375 0.4388020833333333 0.01220703125 0.022135416666666668
1 0.236083984375 0.462890625 0.01708984375 0.028645833333333332
1 0.41650390625 0.4150390625 0.009765625 0.014973958333333334
1 0.440673828125 0.4254557291666667 0.01123046875 0.018880208333333332
1 0.568115234375 0.4248046875 0.01025390625 0.018880208333333332
1 0.5546875 0.4134114583333333 0.0078125 0.014322916666666666
1 0.4697265625 0.40625 0.0068359375 0.01171875
1 0.198974609375 0.4222005208333333 0.00927734375 0.017578125
1 0.484375 0.400390625 0.0048828125 0.009114583333333334
1 0.103271484375 0.4143880208333333 0.00732421875 0.013671875
1 0.02197265625 0.439453125 0.013671875 0.020833333333333332
1 0.2177734375 0.4088541666666667 0.0087890625 0.013020833333333334
1 0.159423828125 0.4026692708333333 0.00634765625 0.008463541666666666
1 0.54443359375 0.404296875 0.0048828125 0.010416666666666666
1 0.490234375 0.4000651041666667 0.0048828125 0.008463541666666666
1 0.2568359375 0.3984375 0.005859375 0.010416666666666666
1 0.38037109375 0.4000651041666667 0.005859375 0.009765625
1 0.026123046875 0.416015625 0.00927734375 0.015625
1 0.548583984375 0.4075520833333333 0.00634765625 0.013020833333333334
