0 0.35009765625 0.5100911458333334 0.0283203125 0.050130208333333336
1 0.730224609375 0.5061848958333334 0.02880859375 0.050130208333333336
0 0.446533203125 0.4430338541666667 0.01220703125 0.022786458333333332
1 0.61181640625 0.4417317708333333 0.01171875 0.022786458333333332
2 0.6005859375 0.4290364583333333 0.01171875 0.029947916666666668
2 0.455810546875 0.4290364583333333 0.01220703125 0.03125
0 0.4697265625 0.4235026041666667 0.0078125 0.014973958333333334
0 0.474365234375 0.4166666666666667 0.00537109375 0.01171875
0 0.48291015625 0.4108072916666667 0.005859375 0.010416666666666666
1 0.5810546875 0.4235026041666667 0.0078125 0.014973958333333334
1 0.570068359375 0.4166666666666667 0.00732421875 0.013020833333333334
0 0.49755859375 0.4069010416666667 0.0048828125 0.009114583333333334
1 0.5546875 0.4088541666666667 0.0048828125 0.010416666666666666
2 0.4599609375 0.4254557291666667 0.0107421875 0.029296875
1 0.5673828125 0.4059244791666667 0.0048828125 0.008463541666666666
0 0.51171875 0.4049479166666667 0.0048828125 0.006510416666666667
