1 0.476171875 0.4666666666666667 0.01171875 0.030555555555555555
1 0.68984375 0.4791666666666667 0.015625 0.03888888888888889
1 0.571875 0.43472222222222223 0.0078125 0.022222222222222223
1 0.537890625 0.4479166666666667 0.00859375 0.02638888888888889
1 0.32734375 0.5236111111111111 0.01875 0.05
1 0.683203125 0.54375 0.02421875 0.0625
1 0.73203125 0.4423611111111111 0.009375 0.02638888888888889
1 0.71953125 0.42083333333333334 0.0078125 0.019444444444444445
1 0.59609375 0.42291666666666666 0.0078125 0.018055555555555554
1 0.61875 0.40694444444444444 0.0078125 0.013888888888888888
