1 0.12578125 0.7451388888888889 0.0671875 0.16805555555555557
1 0.287109375 0.5479166666666667 0.02109375 0.059722222222222225
1 0.2265625 0.4895833333333333 0.0109375 0.029166666666666667
1 0.598046875 0.50625 0.01484375 0.043055555555555555
1 0.277734375 0.5131944444444444 0.01484375 0.04027777777777778
1 0.3375 0.47291666666666665 0.0078125 0.02361111111111111
1 0.166796875 0.4826388888888889 0.00859375 0.020833333333333332
1 0.45 0.4847222222222222 0.0125 0.03333333333333333
1 0.06796875 0.48055555555555557 0.0078125 0.022222222222222223
1 0.16171875 0.47152777777777777 0.0078125 0.02361111111111111
1 0.6859375 0.46041666666666664 0.0109375 0.02638888888888889
1 0.501171875 0.45625 0.00859375 0.02638888888888889
1 0.23984375 0.47152777777777777 0.0078125 0.02361111111111111
1 0.055859375 0.4736111111111111 0.00859375 0.019444444444444445
1 0.46484375 0.45694444444444443 0.0078125 0.022222222222222223
1 0.55859375 0.46041666666666664 0.009375 0.02638888888888889
1 0.10703125 0.48055555555555557 0.009375 0.025
1 0.38984375 0.4597222222222222 0.0078125 0.019444444444444445
1 0.5796875 0.4527777777777778 0.0078125 0.027777777777777776
1 0.41875 0.45069444444444445 0.0078125 0.020833333333333332
1 0.35859375 0.4576388888888889 0.0078125 0.015277777777777777
1 0.4453125 0.4527777777777778 0.0078125 0.019444444444444445
1 0.40625 0.4513888888888889 0.0078125 0.016666666666666666
1 0.32734375 0.4527777777777778 0.0078125 0.013888888888888888
