0 0.25830078125 0.5540364583333334 0.0263671875 0.05078125
1 0.6796875 0.533203125 0.02734375 0.05078125
1 0.60888671875 0.4934895833333333 0.0205078125 0.033854166666666664
1 0.52490234375 0.4596354166666667 0.0107421875 0.020833333333333332
0 0.35009765625 0.498046875 0.0146484375 0.029947916666666668
0 0.36962890625 0.4752604166666667 0.0107421875 0.0234375
0 0.09326171875 0.4928385416666667 0.0126953125 0.024739583333333332
0 0.22119140625 0.4674479166666667 0.0107421875 0.0234375
0 0.3017578125 0.4524739583333333 0.009765625 0.016927083333333332
0 0.39013671875 0.458984375 0.0087890625 0.014322916666666666
1 0.48486328125 0.4388020833333333 0.0068359375 0.013020833333333334
1 0.46826171875 0.435546875 0.0068359375 0.01171875
1 0.49658203125 0.4453125 0.0087890625 0.015625
1 0.4189453125 0.435546875 0.005859375 0.01171875
1 0.3544921875 0.4453125 0.005859375 0.010416666666666666
