1 0.72265625 0.572265625 0.03125 0.061197916666666664
0 0.169921875 0.5768229166666666 0.033203125 0.059895833333333336
0 0.2529296875 0.505859375 0.01953125 0.03515625
1 0.564453125 0.4947916666666667 0.017578125 0.036458333333333336
0 0.23193359375 0.486328125 0.0107421875 0.024739583333333332
1 0.35595703125 0.4694010416666667 0.0107421875 0.022135416666666668
1 0.28564453125 0.4674479166666667 0.0087890625 0.020833333333333332
0 0.07666015625 0.4856770833333333 0.0107421875 0.018229166666666668
0 0.1630859375 0.4837239583333333 0.009765625 0.01953125
1 0.17041015625 0.46875 0.0107421875 0.018229166666666668
