0 0.098388671875 0.6149088541666666 0.05517578125 0.08658854166666667
1 0.727294921875 0.4951171875 0.02685546875 0.044921875
1 0.65869140625 0.4521484375 0.01953125 0.030598958333333332
0 0.473388671875 0.4508463541666667 0.01611328125 0.029296875
0 0.3642578125 0.4837239583333333 0.0234375 0.040364583333333336
0 0.495361328125 0.4329427083333333 0.01416015625 0.0234375
1 0.6162109375 0.431640625 0.0126953125 0.0234375
1 0.589111328125 0.4208984375 0.01123046875 0.018880208333333332
1 0.5712890625 0.4127604166666667 0.009765625 0.016927083333333332
0 0.4873046875 0.4192708333333333 0.0087890625 0.020833333333333332
1 0.532470703125 0.400390625 0.00634765625 0.01171875
0 0.48193359375 0.4124348958333333 0.0087890625 0.013671875
1 0.555908203125 0.4072265625 0.00732421875 0.013671875
