1 0.577392578125 0.4410807291666667 0.01123046875 0.022786458333333332
1 0.2529296875 0.5533854166666666 0.0390625 0.06640625
1 0.393310546875 0.462890625 0.01611328125 0.03125
1 0.610595703125 0.4742838541666667 0.02001953125 0.035807291666666664
1 0.56103515625 0.4300130208333333 0.009765625 0.018880208333333332
1 0.07958984375 0.4918619791666667 0.0205078125 0.037109375
1 0.445556640625 0.4228515625 0.00830078125 0.016276041666666668
1 0.098876953125 0.4453125 0.01025390625 0.016927083333333332
1 0.281494140625 0.4475911458333333 0.01416015625 0.021484375
1 0.5537109375 0.4215494791666667 0.0087890625 0.017578125
1 0.532470703125 0.4055989583333333 0.00537109375 0.010416666666666666
1 0.344482421875 0.423828125 0.00830078125 0.014322916666666666
1 0.349853515625 0.4182942708333333 0.00634765625 0.011067708333333334
1 0.540771484375 0.4085286458333333 0.00732421875 0.012369791666666666
1 0.42431640625 0.408203125 0.0078125 0.01171875
1 0.49365234375 0.4020182291666667 0.0048828125 0.009765625
1 0.43408203125 0.4013671875 0.0048828125 0.008463541666666666
1 0.394287109375 0.4069010416666667 0.00537109375 0.010416666666666666
