2 0.34921875 0.4912037037037037 0.0328125 0.09166666666666666
2 0.76953125 0.48935185185185187 0.030729166666666665 0.07685185185185185
2 0.30494791666666665 0.40879629629629627 0.018229166666666668 0.049074074074074076
2 0.23411458333333332 0.5907407407407408 0.04114583333333333 0.11296296296296296
2 0.6635416666666667 0.3902777777777778 0.015625 0.049074074074074076
2 0.35208333333333336 0.42777777777777776 0.020833333333333332 0.05740740740740741
2 0.5411458333333333 0.3527777777777778 0.0125 0.037037037037037035
2 0.2546875 0.39444444444444443 0.017708333333333333 0.04259259259259259
2 0.15 0.3814814814814815 0.009375 0.03148148148148148
2 0.23125 0.34305555555555556 0.009375 0.021296296296296296
2 0.36484375 0.33287037037037037 0.0109375 0.026851851851851852
2 0.06588541666666667 0.38564814814814813 0.009895833333333333 0.023148148148148147
2 0.028385416666666666 0.37175925925925923 0.005729166666666666 0.017592592592592594
2 0.8565104166666667 0.3611111111111111 0.0109375 0.025925925925925925
2 0.7833333333333333 0.34444444444444444 0.009375 0.025925925925925925
2 0.7661458333333333 0.3282407407407407 0.011458333333333333 0.023148148148148147
