2 0.7625 0.7125 0.08 0.21875
0 0.630625 0.5046875 0.04125 0.121875
1 0.724375 0.4578125 0.03375 0.103125
1 0.280625 0.2578125 0.04375 0.146875
0 0.529375 0.3875 0.02375 0.05
2 0.700625 0.3546875 0.01875 0.059375
0 0.595625 0.2359375 0.01375 0.046875
1 0.4825 0.3421875 0.015 0.046875
1 0.343125 0.3609375 0.01875 0.046875
1 0.405625 0.3140625 0.01125 0.034375
0 0.499375 0.3125 0.00875 0.0375
1 0.66625 0.353125 0.0175 0.05625
1 0.575625 0.3375 0.01375 0.05625
1 0.4375 0.296875 0.0075 0.03125
0 0.141875 0.5390625 0.04375 0.121875
0 0.770625 0.334375 0.01875 0.05625
