1 0.72216796875 0.6116536458333334 0.0517578125 0.091796875
1 0.41845703125 0.4449869791666667 0.0146484375 0.027994791666666668
1 0.4443359375 0.4143880208333333 0.01171875 0.025390625
1 0.560546875 0.4296875 0.01171875 0.0234375
1 0.240234375 0.4202473958333333 0.0087890625 0.017578125
1 0.02783203125 0.4593098958333333 0.017578125 0.027994791666666668
1 0.54443359375 0.4095052083333333 0.0107421875 0.02734375
1 0.428466796875 0.3912760416666667 0.00537109375 0.010416666666666666
1 0.42431640625 0.4046223958333333 0.0087890625 0.013671875
1 0.25830078125 0.3990885416666667 0.005859375 0.010416666666666666
1 0.531494140625 0.3981119791666667 0.00634765625 0.013671875
1 0.49365234375 0.3935546875 0.005859375 0.012369791666666666
1 0.38525390625 0.3990885416666667 0.0068359375 0.01171875
1 0.33251953125 0.3971354166666667 0.0048828125 0.010416666666666666
1 0.017822265625 0.4283854166666667 0.00927734375 0.015625
1 0.366943359375 0.3912760416666667 0.00537109375 0.009114583333333334
1 0.08056640625 0.4091796875 0.0048828125 0.013671875
1 0.11474609375 0.4134114583333333 0.0068359375 0.013020833333333334
1 0.130126953125 0.404296875 0.00537109375 0.010416666666666666
1 0.162109375 0.4065755208333333 0.005859375 0.012369791666666666
1 0.2744140625 0.3942057291666667 0.0048828125 0.011067708333333334
1 0.18359375 0.4000651041666667 0.0068359375 0.011067708333333334
1 0.22802734375 0.3961588541666667 0.0048828125 0.009765625
1 0.042724609375 0.4150390625 0.00634765625 0.012369791666666666
