1 0.500625 0.475 0.04125 0.075
0 0.175625 0.54375 0.04625 0.1375
0 0.07375 0.8140625 0.075 0.228125
1 0.073125 0.415625 0.02375 0.075
1 0.420625 0.478125 0.04125 0.075
0 0.21875 0.409375 0.025 0.075
1 0.01625 0.4796875 0.03 0.090625
0 0.51 0.3765625 0.02 0.065625
1 0.481875 0.3546875 0.01875 0.053125
2 0.791875 0.35625 0.02875 0.10625
0 0.54875 0.1765625 0.0175 0.071875
1 0.5225 0.2796875 0.015 0.059375
0 0.47 0.271875 0.0125 0.04375
1 0.1075 0.3328125 0.0125 0.034375
1 0.12 0.325 0.0125 0.03125
1 0.15125 0.315625 0.0125 0.03125
1 0.41875 0.4234375 0.02 0.053125
1 0.1025 0.3734375 0.02 0.046875
0 0.22375 0.3796875 0.02 0.053125
0 0.223125 0.334375 0.01375 0.0375
0 0.26125 0.3015625 0.0075 0.028125
0 0.20625 0.3296875 0.01 0.034375
0 0.289375 0.3 0.00875 0.025
0 0.230625 0.309375 0.00875 0.03125
0 0.19875 0.325 0.0075 0.03125
0 0.21125 0.3546875 0.01 0.046875
0 0.30625 0.296875 0.0075 0.01875
0 0.105 0.30625 0.0075 0.03125
