0 0.660625 0.3 0.03125 0.125
0 0.375 0.4515625 0.0525 0.184375
1 0.5325 0.2140625 0.02 0.078125
0 0.033125 0.334375 0.03875 0.0875
1 0.156875 0.2359375 0.01875 0.071875
1 0.819375 0.234375 0.02125 0.0875
1 0.326875 0.2390625 0.01875 0.084375
2 0.698125 0.21875 0.01875 0.08125
1 0.65875 0.1765625 0.015 0.065625
1 0.504375 0.1859375 0.01875 0.071875
1 0.05375 0.2796875 0.03 0.096875
0 0.9175 0.1890625 0.02 0.084375
0 0.334375 0.2078125 0.01625 0.071875
2 0.673125 0.084375 0.01875 0.09375
2 0.815625 0.178125 0.01625 0.06875
