2 0.346875 0.40555555555555556 0.019791666666666666 0.05
2 0.2989583333333333 0.45 0.029166666666666667 0.06851851851851852
2 0.2703125 0.3763888888888889 0.015625 0.03425925925925926
2 0.3216145833333333 0.37962962962962965 0.0171875 0.04259259259259259
2 0.6088541666666667 0.37962962962962965 0.019791666666666666 0.046296296296296294
2 0.2140625 0.37453703703703706 0.010416666666666666 0.030555555555555555
2 0.6981770833333333 0.45925925925925926 0.030729166666666665 0.07407407407407407
2 0.5403645833333334 0.33796296296296297 0.013020833333333334 0.03148148148148148
2 0.4432291666666667 0.32314814814814813 0.010416666666666666 0.027777777777777776
2 0.28619791666666666 0.324537037037037 0.008854166666666666 0.021296296296296296
2 0.0953125 0.3800925925925926 0.010416666666666666 0.026851851851851852
2 0.8020833333333334 0.3439814814814815 0.014583333333333334 0.030555555555555555
2 0.15755208333333334 0.3453703703703704 0.0078125 0.022222222222222223
2 0.6395833333333333 0.3013888888888889 0.008333333333333333 0.019444444444444445
2 0.7760416666666666 0.3263888888888889 0.010416666666666666 0.032407407407407406
2 0.7481770833333333 0.3189814814814815 0.013020833333333334 0.019444444444444445
2 0.6270833333333333 0.2912037037037037 0.007291666666666667 0.017592592592592594
2 0.0484375 0.36157407407407405 0.008333333333333333 0.019444444444444445
2 0.6776041666666667 0.2972222222222222 0.007291666666666667 0.018518518518518517
2 0.7229166666666667 0.30185185185185187 0.009375 0.024074074074074074
2 0.7010416666666667 0.30787037037037035 0.009375 0.025
