2 0.8541666666666666 0.6449074074074074 0.059375 0.09537037037037037
2 0.759375 0.625462962962963 0.041666666666666664 0.125
2 0.30833333333333335 0.49027777777777776 0.03229166666666667 0.07685185185185185
2 0.6278645833333333 0.3662037037037037 0.0140625 0.03425925925925926
2 0.5026041666666666 0.38657407407407407 0.01875 0.05092592592592592
2 0.83125 0.4078703703703704 0.014583333333333334 0.03611111111111111
2 0.6408854166666667 0.36203703703703705 0.008854166666666666 0.03148148148148148
2 0.7770833333333333 0.3587962962962963 0.008333333333333333 0.023148148148148147
2 0.6513020833333333 0.33425925925925926 0.0078125 0.022222222222222223
2 0.9809895833333333 0.6907407407407408 0.033854166666666664 0.0962962962962963
2 0.6341145833333334 0.3101851851851852 0.005729166666666666 0.012962962962962963
