1 0.64892578125 0.490234375 0.0244140625 0.044270833333333336
1 0.101806640625 0.5559895833333334 0.03955078125 0.0703125
1 0.40185546875 0.4524739583333333 0.0166015625 0.029947916666666668
1 0.59375 0.447265625 0.013671875 0.024739583333333332
1 0.568115234375 0.4309895833333333 0.00927734375 0.016927083333333332
1 0.4541015625 0.4235026041666667 0.0087890625 0.014973958333333334
1 0.247802734375 0.4313151041666667 0.01123046875 0.018880208333333332
1 0.544921875 0.4163411458333333 0.005859375 0.012369791666666666
1 0.550048828125 0.419921875 0.00732421875 0.014322916666666666
1 0.46826171875 0.4186197916666667 0.0068359375 0.013020833333333334
1 0.404296875 0.4153645833333333 0.005859375 0.009114583333333334
1 0.35302734375 0.419921875 0.0068359375 0.010416666666666666
1 0.47705078125 0.4117838541666667 0.0048828125 0.009765625
1 0.4169921875 0.4111328125 0.0048828125 0.008463541666666666
1 0.30615234375 0.4104817708333333 0.0048828125 0.008463541666666666
