2 0.7153645833333333 0.4652777777777778 0.024479166666666666 0.06574074074074074
2 0.22994791666666667 0.4449074074074074 0.0296875 0.06388888888888888
2 0.37005208333333334 0.3439814814814815 0.0109375 0.026851851851851852
2 0.78984375 0.3699074074074074 0.013020833333333334 0.03981481481481482
2 0.6575520833333334 0.34675925925925927 0.011979166666666667 0.041666666666666664
2 0.6125 0.3453703703703704 0.010416666666666666 0.024074074074074074
2 0.7380208333333333 0.3476851851851852 0.008333333333333333 0.019444444444444445
2 0.328125 0.3263888888888889 0.008333333333333333 0.021296296296296296
2 0.17890625 0.34675925925925927 0.008854166666666666 0.025
2 0.24921875 0.33055555555555555 0.009895833333333333 0.022222222222222223
2 0.53046875 0.32037037037037036 0.0078125 0.016666666666666666
2 0.6356770833333333 0.33240740740740743 0.0078125 0.027777777777777776
