1 0.84033203125 0.728515625 0.091796875 0.13932291666666666
0 0.25439453125 0.5263671875 0.0341796875 0.056640625
0 0.564453125 0.4427083333333333 0.0146484375 0.026041666666666668
1 0.822265625 0.4918619791666667 0.0244140625 0.042317708333333336
1 0.874755859375 0.4537760416666667 0.01708984375 0.026041666666666668
0 0.696533203125 0.4248046875 0.00927734375 0.018880208333333332
1 0.8896484375 0.4332682291666667 0.0126953125 0.020182291666666668
0 0.747314453125 0.4186197916666667 0.00927734375 0.015625
2 0.214111328125 0.4202473958333333 0.00830078125 0.018880208333333332
0 0.790283203125 0.4134114583333333 0.00634765625 0.01171875
