2 0.2908854166666667 0.6333333333333333 0.049479166666666664 0.12962962962962962
2 0.2989583333333333 0.5125 0.034375 0.0824074074074074
2 0.7390625 0.4587962962962963 0.029166666666666667 0.075
2 0.28541666666666665 0.44722222222222224 0.022916666666666665 0.05555555555555555
2 0.49583333333333335 0.362962962962963 0.013541666666666667 0.03518518518518519
2 0.2578125 0.3439814814814815 0.008333333333333333 0.019444444444444445
2 0.16640625 0.3787037037037037 0.0078125 0.025925925925925925
2 0.22630208333333332 0.39166666666666666 0.015104166666666667 0.02962962962962963
2 0.34453125 0.35138888888888886 0.0109375 0.025
2 0.06666666666666667 0.38425925925925924 0.009375 0.020370370370370372
