0 0.11962890625 0.6468098958333334 0.0693359375 0.10872395833333333
0 0.392333984375 0.4762369791666667 0.02099609375 0.039713541666666664
1 0.7099609375 0.486328125 0.0205078125 0.040364583333333336
0 0.490234375 0.4361979166666667 0.0107421875 0.020833333333333332
1 0.670654296875 0.4446614583333333 0.01416015625 0.026041666666666668
2 0.277099609375 0.4410807291666667 0.02392578125 0.017578125
0 0.557373046875 0.4228515625 0.00732421875 0.014973958333333334
1 0.703125 0.4251302083333333 0.0087890625 0.015625
2 0.611083984375 0.4182942708333333 0.00537109375 0.012369791666666666
2 0.554931640625 0.4137369791666667 0.01123046875 0.009765625
1 0.6806640625 0.4329427083333333 0.009765625 0.018229166666666668
2 0.540771484375 0.4117838541666667 0.00830078125 0.016276041666666668
1 0.769287109375 0.4231770833333333 0.00732421875 0.013020833333333334
0 0.67822265625 0.416015625 0.0048828125 0.010416666666666666
2 0.63427734375 0.4075520833333333 0.0068359375 0.013020833333333334
0 0.75 0.4166666666666667 0.0048828125 0.010416666666666666
1 0.82763671875 0.4254557291666667 0.005859375 0.012369791666666666
1 0.893798828125 0.4293619791666667 0.00634765625 0.011067708333333334
0 0.81591796875 0.4205729166666667 0.0048828125 0.009114583333333334
0 0.87255859375 0.423828125 0.0048828125 0.009114583333333334
0 0.911376953125 0.4267578125 0.00537109375 0.009765625
0 0.92578125 0.42578125 0.0048828125 0.009114583333333334
0 0.90673828125 0.4235026041666667 0.0048828125 0.009765625
2 0.671875 0.4059244791666667 0.0048828125 0.011067708333333334
