2 0.38958333333333334 0.37407407407407406 0.01875 0.037037037037037035
2 0.7239583333333334 0.49675925925925923 0.034375 0.0824074074074074
2 0.2421875 0.5157407407407407 0.035416666666666666 0.08888888888888889
2 0.6239583333333333 0.37916666666666665 0.016666666666666666 0.04722222222222222
2 0.278125 0.3449074074074074 0.010416666666666666 0.025
2 0.3307291666666667 0.34444444444444444 0.009375 0.025925925925925925
2 0.40625 0.35648148148148145 0.014583333333333334 0.03333333333333333
2 0.3763020833333333 0.34629629629629627 0.0109375 0.027777777777777776
2 0.52578125 0.32592592592592595 0.008854166666666666 0.025925925925925925
2 0.5763020833333333 0.34629629629629627 0.0171875 0.037037037037037035
2 0.4510416666666667 0.3162037037037037 0.009375 0.023148148148148147
2 0.31484375 0.3162037037037037 0.009895833333333333 0.019444444444444445
2 0.16276041666666666 0.350462962962963 0.008854166666666666 0.021296296296296296
2 0.06588541666666667 0.3648148148148148 0.0078125 0.020370370370370372
2 0.2 0.3287037037037037 0.00625 0.016666666666666666
2 0.71171875 0.32037037037037036 0.009895833333333333 0.025925925925925925
