0 0.424560546875 0.4889322916666667 0.02392578125 0.040364583333333336
1 0.897216796875 0.5641276041666666 0.03466796875 0.061848958333333336
1 0.73046875 0.4602864583333333 0.0234375 0.03515625
0 0.505126953125 0.4508463541666667 0.01416015625 0.027994791666666668
1 0.67236328125 0.4329427083333333 0.0078125 0.016927083333333332
0 0.541748046875 0.4280598958333333 0.00732421875 0.016276041666666668
0 0.559326171875 0.4192708333333333 0.00537109375 0.01171875
1 0.645751953125 0.4225260416666667 0.00732421875 0.013020833333333334
2 0.642333984375 0.4163411458333333 0.00537109375 0.018880208333333332
2 0.562255859375 0.4137369791666667 0.00634765625 0.016276041666666668
1 0.63427734375 0.4169921875 0.0048828125 0.009765625
