1 0.74267578125 0.5091145833333334 0.0283203125 0.05859375
0 0.210205078125 0.5286458333333334 0.03759765625 0.052083333333333336
1 0.539794921875 0.4602864583333333 0.02197265625 0.0390625
0 0.285400390625 0.4583333333333333 0.01318359375 0.028645833333333332
1 0.520263671875 0.4375 0.01318359375 0.028645833333333332
1 0.624755859375 0.4261067708333333 0.01416015625 0.024088541666666668
0 0.337646484375 0.4378255208333333 0.01123046875 0.021484375
0 0.403564453125 0.4251302083333333 0.00830078125 0.016927083333333332
0 0.4716796875 0.41796875 0.0107421875 0.016927083333333332
1 0.723388671875 0.4195963541666667 0.01025390625 0.020182291666666668
1 0.873046875 0.4195963541666667 0.01171875 0.021484375
0 0.833251953125 0.412109375 0.01025390625 0.015625
0 0.5791015625 0.4134114583333333 0.0078125 0.015625
0 0.7080078125 0.4104817708333333 0.0087890625 0.016276041666666668
2 0.762451171875 0.3971354166666667 0.00732421875 0.015625
