1 0.25234375 0.6090277777777777 0.0421875 0.10416666666666667
1 0.7296875 0.5479166666666667 0.01875 0.059722222222222225
1 0.320703125 0.5243055555555556 0.01796875 0.04583333333333333
1 0.302734375 0.5013888888888889 0.01328125 0.03611111111111111
1 0.569921875 0.5055555555555555 0.01328125 0.03611111111111111
1 0.44609375 0.4861111111111111 0.009375 0.027777777777777776
1 0.56953125 0.46805555555555556 0.0078125 0.019444444444444445
1 0.247265625 0.48125 0.00859375 0.02638888888888889
1 0.18984375 0.47152777777777777 0.0078125 0.02361111111111111
1 0.25390625 0.4652777777777778 0.0078125 0.022222222222222223
1 0.344921875 0.47152777777777777 0.00859375 0.02638888888888889
1 0.07734375 0.45902777777777776 0.0078125 0.020833333333333332
1 0.09375 0.46597222222222223 0.0078125 0.02361111111111111
1 0.178515625 0.46319444444444446 0.00859375 0.020833333333333332
1 0.4953125 0.4625 0.0078125 0.022222222222222223
1 0.5484375 0.4701388888888889 0.0078125 0.020833333333333332
1 0.4625 0.46597222222222223 0.0078125 0.018055555555555554
1 0.6640625 0.47638888888888886 0.0078125 0.022222222222222223
1 0.13125 0.4666666666666667 0.009375 0.025
1 0.02421875 0.4652777777777778 0.0078125 0.019444444444444445
1 0.67265625 0.46805555555555556 0.0078125 0.019444444444444445
1 0.44296875 0.4597222222222222 0.0078125 0.019444444444444445
