1 0.258125 0.625 0.14625 0.25675675675675674
0 0.67625 0.49493243243243246 0.03 0.060810810810810814
1 0.4375 0.5548986486486487 0.08 0.14358108108108109
1 0.494375 0.527027027027027 0.04875 0.10472972972972973
0 0.774375 0.49324324324324326 0.03375 0.06418918918918919
0 0.56 0.49577702702702703 0.0275 0.052364864864864864
0 0.92125 0.49493243243243246 0.065 0.09121621621621621
0 0.391875 0.5059121621621622 0.01625 0.03209459459459459
1 0.17375 0.5253378378378378 0.02 0.030405405405405407
1 0.080625 0.5253378378378378 0.01375 0.02027027027027027
1 0.351875 0.5202702702702703 0.03125 0.05405405405405406
1 0.1275 0.5253378378378378 0.02 0.030405405405405407
1 0.403125 0.5244932432432432 0.03625 0.07263513513513513
1 0.031875 0.5346283783783784 0.01375 0.02533783783783784
0 0.50625 0.4983108108108108 0.015 0.04391891891891892
0 0.45125 0.5008445945945946 0.015 0.03547297297297297
1 0.22375 0.5211148648648649 0.0175 0.03885135135135135
