1 0.375625 0.571875 0.07125 0.20625
0 0.30125 0.4953125 0.055 0.178125
0 0.655 0.4390625 0.0475 0.153125
1 0.610625 0.378125 0.03375 0.125
1 0.521875 0.29375 0.02875 0.0875
0 0.6175 0.296875 0.0275 0.09375
1 0.9725 0.475 0.0525 0.16875
1 0.065625 0.70625 0.09625 0.26875
1 0.306875 0.353125 0.03125 0.10625
1 0.230625 0.246875 0.04125 0.14375
0 0.515625 0.23125 0.02625 0.04375
0 0.57875 0.240625 0.025 0.05625
1 0.465625 0.265625 0.02375 0.075
0 0.43 0.2484375 0.0175 0.065625
0 0.120625 0.1375 0.07875 0.13125
1 0.29125 0.2828125 0.0175 0.078125
0 0.355625 0.228125 0.01625 0.0625
1 0.2825 0.25 0.015 0.06875
1 0.9025 0.9203125 0.0475 0.153125
1 0.298125 0.2140625 0.01125 0.046875
0 0.170625 0.25625 0.02625 0.06875
