2 0.7703125 0.45046296296296295 0.019791666666666666 0.05462962962962963
2 0.41770833333333335 0.4166666666666667 0.021875 0.05185185185185185
2 0.6932291666666667 0.36574074074074076 0.011458333333333333 0.025925925925925925
2 0.5372395833333333 0.34629629629629627 0.0109375 0.024074074074074074
2 0.7171875 0.3541666666666667 0.007291666666666667 0.021296296296296296
2 0.5828125 0.33564814814814814 0.007291666666666667 0.019444444444444445
2 0.6328125 0.33564814814814814 0.00625 0.01574074074074074
2 0.68671875 0.33935185185185185 0.005729166666666666 0.017592592592592594
2 0.8395833333333333 0.3648148148148148 0.005208333333333333 0.014814814814814815
2 0.7216145833333333 0.33611111111111114 0.005729166666666666 0.011111111111111112
