2 0.7744791666666667 0.5324074074074074 0.0375 0.08703703703703704
2 0.23541666666666666 0.4287037037037037 0.03229166666666667 0.06111111111111111
2 0.6216145833333333 0.31342592592592594 0.0067708333333333336 0.023148148148148147
2 0.6286458333333333 0.34074074074074073 0.009375 0.024074074074074074
2 0.5947916666666667 0.31342592592592594 0.005208333333333333 0.013888888888888888
2 0.43385416666666665 0.3236111111111111 0.009375 0.025
2 0.4557291666666667 0.30324074074074076 0.005208333333333333 0.017592592592592594
2 0.6833333333333333 0.3212962962962963 0.005208333333333333 0.014814814814814815
2 0.7046875 0.3287037037037037 0.007291666666666667 0.024074074074074074
2 0.44375 0.2967592592592593 0.005208333333333333 0.013888888888888888
2 0.6135416666666667 0.3101851851851852 0.005208333333333333 0.014814814814814815
2 0.20494791666666667 0.3263888888888889 0.009895833333333333 0.025
