1 0.2296875 0.5888888888888889 0.059375 0.12222222222222222
2 0.9481770833333333 0.6787037037037037 0.04010416666666667 0.1111111111111111
2 0.3078125 0.36018518518518516 0.014583333333333334 0.03148148148148148
2 0.5276041666666667 0.41435185185185186 0.023958333333333335 0.05092592592592592
2 0.6223958333333334 0.38564814814814813 0.013541666666666667 0.030555555555555555
2 0.8684895833333334 0.46435185185185185 0.015104166666666667 0.03611111111111111
2 0.7234375 0.3861111111111111 0.010416666666666666 0.024074074074074074
2 0.8505208333333333 0.4273148148148148 0.009375 0.025
2 0.7481770833333333 0.37916666666666665 0.0078125 0.017592592592592594
2 0.7692708333333333 0.36898148148148147 0.005208333333333333 0.012037037037037037
