1 0.45859375 0.49027777777777776 0.0125 0.03888888888888889
0 0.444140625 0.4895833333333333 0.01328125 0.0375
1 0.69921875 0.4625 0.0171875 0.03888888888888889
0 0.121484375 0.9395833333333333 0.06640625 0.11527777777777778
1 0.21171875 0.9354166666666667 0.059375 0.11805555555555555
0 0.266796875 0.5145833333333333 0.01328125 0.03194444444444444
1 0.61953125 0.42916666666666664 0.0078125 0.025
1 0.4859375 0.4409722222222222 0.0078125 0.020833333333333332
0 0.36875 0.4548611111111111 0.0078125 0.020833333333333332
1 0.5890625 0.41597222222222224 0.0078125 0.018055555555555554
0 0.47734375 0.44375 0.0078125 0.02361111111111111
