0 0.376171875 0.2972222222222222 0.01328125 0.027777777777777776
1 0.851171875 0.81875 0.05703125 0.1763888888888889
1 0.523828125 0.34791666666666665 0.01171875 0.03194444444444444
1 0.717578125 0.4097222222222222 0.01484375 0.03888888888888889
0 0.273046875 0.31527777777777777 0.01640625 0.041666666666666664
0 0.490625 0.3368055555555556 0.009375 0.029166666666666667
1 0.603125 0.3263888888888889 0.0078125 0.016666666666666666
0 0.5953125 0.3229166666666667 0.0078125 0.015277777777777777
0 0.520703125 0.2972222222222222 0.00859375 0.013888888888888888
1 0.71171875 0.3625 0.0078125 0.019444444444444445
1 0.63359375 0.325 0.0078125 0.013888888888888888
0 0.62734375 0.32222222222222224 0.0078125 0.013888888888888888
0 0.56640625 0.2986111111111111 0.0078125 0.013888888888888888
