1 0.2607421875 0.5846354166666666 0.048828125 0.078125
1 0.402099609375 0.4625651041666667 0.02294921875 0.031901041666666664
1 0.58740234375 0.4560546875 0.0166015625 0.031901041666666664
1 0.442626953125 0.43359375 0.01123046875 0.022135416666666668
1 0.56201171875 0.43359375 0.0107421875 0.01953125
1 0.55029296875 0.4251302083333333 0.0087890625 0.015625
1 0.46630859375 0.4215494791666667 0.0078125 0.014973958333333334
1 0.47607421875 0.4192708333333333 0.0068359375 0.013020833333333334
1 0.36767578125 0.4270833333333333 0.0078125 0.015625
1 0.067626953125 0.4560546875 0.01806640625 0.029296875
1 0.0390625 0.5003255208333334 0.02734375 0.038411458333333336
1 0.41748046875 0.4195963541666667 0.0048828125 0.009765625
1 0.39208984375 0.4134114583333333 0.0048828125 0.0078125
1 0.18408203125 0.4290364583333333 0.0078125 0.014322916666666666
1 0.200439453125 0.4261067708333333 0.00732421875 0.013671875
1 0.345703125 0.4215494791666667 0.0048828125 0.011067708333333334
1 0.5361328125 0.4166666666666667 0.0048828125 0.009114583333333334
1 0.53173828125 0.4153645833333333 0.0048828125 0.009114583333333334
1 0.29931640625 0.4182942708333333 0.0048828125 0.008463541666666666
1 0.54345703125 0.4208984375 0.005859375 0.012369791666666666
1 0.489501953125 0.4156901041666667 0.00537109375 0.008463541666666666
1 0.128173828125 0.4264322916666667 0.00634765625 0.010416666666666666
1 0.2236328125 0.4163411458333333 0.005859375 0.009765625
1 0.234619140625 0.421875 0.00634765625 0.010416666666666666
1 0.30517578125 0.4134114583333333 0.0048828125 0.0078125
1 0.05126953125 0.4404296875 0.0087890625 0.016276041666666668
1 0.25927734375 0.4127604166666667 0.0048828125 0.006510416666666667
1 0.042236328125 0.435546875 0.00732421875 0.014322916666666666
1 0.28369140625 0.416015625 0.0048828125 0.009114583333333334
1 0.3330078125 0.4108072916666667 0.0048828125 0.006510416666666667
