0 0.24625 0.47719594594594594 0.025 0.048986486486486486
0 0.346875 0.4847972972972973 0.02625 0.05067567567567568
0 0.693125 0.5143581081081081 0.05375 0.09966216216216216
0 0.519375 0.49915540540540543 0.03375 0.06925675675675676
0 0.42375 0.48817567567567566 0.0325 0.060810810810810814
1 0.091875 0.5337837837837838 0.10625 0.16216216216216217
1 0.044375 0.4890202702702703 0.04625 0.0929054054054054
0 0.589375 0.4839527027027027 0.02625 0.04560810810810811
2 0.5625 0.4856418918918919 0.0275 0.04560810810810811
0 0.139375 0.46621621621621623 0.02375 0.05067567567567568
0 0.97875 0.5734797297297297 0.04 0.13006756756756757
2 0.566875 0.44003378378378377 0.02375 0.04560810810810811
