1 0.5 0.4734375 0.0425 0.078125
1 0.420625 0.4796875 0.04125 0.071875
2 0.794375 0.35 0.03125 0.11875
0 0.076875 0.803125 0.06875 0.225
0 0.175 0.546875 0.045 0.125
0 0.365 0.4671875 0.04 0.078125
1 0.40875 0.4390625 0.035 0.059375
0 0.219375 0.409375 0.02125 0.075
0 0.54875 0.1765625 0.0175 0.071875
1 0.47 0.3609375 0.015 0.059375
0 0.509375 0.375 0.01625 0.0625
1 0.523125 0.2796875 0.01625 0.059375
0 0.47 0.2703125 0.0125 0.046875
1 0.07375 0.4171875 0.0225 0.065625
1 0.1025 0.375 0.0175 0.05
1 0.48625 0.35625 0.0225 0.04375
1 0.21125 0.3546875 0.0125 0.046875
0 0.15125 0.3140625 0.0125 0.034375
1 0.435625 0.2625 0.01375 0.04375
1 0.015 0.4859375 0.025 0.090625
1 0.12 0.325 0.0125 0.0375
0 0.230625 0.309375 0.00875 0.025
0 0.223125 0.334375 0.01375 0.0375
0 0.2625 0.303125 0.0075 0.025
1 0.090625 0.3546875 0.01125 0.040625
0 0.199375 0.321875 0.00875 0.03125
1 0.17125 0.3078125 0.01 0.028125
0 0.206875 0.328125 0.00875 0.03125
1 0.1075 0.334375 0.0125 0.0375
1 0.046875 0.3265625 0.00875 0.028125
1 0.22375 0.3734375 0.0175 0.053125
0 0.29 0.2984375 0.0075 0.021875
1 0.085 0.3515625 0.01 0.040625
1 0.20875 0.2984375 0.0075 0.028125
