0 0.21435546875 0.6451822916666666 0.05859375 0.1015625
1 0.617431640625 0.4440104166666667 0.01611328125 0.029947916666666668
0 0.380126953125 0.49609375 0.02880859375 0.049479166666666664
1 0.585205078125 0.4231770833333333 0.01220703125 0.01953125
1 0.700439453125 0.5003255208333334 0.02685546875 0.034505208333333336
0 0.436279296875 0.4430338541666667 0.01416015625 0.031901041666666664
1 0.571044921875 0.4098307291666667 0.00830078125 0.014973958333333334
1 0.659423828125 0.416015625 0.00927734375 0.018229166666666668
1 0.8486328125 0.4322916666666667 0.01171875 0.020833333333333332
1 0.74951171875 0.4254557291666667 0.0126953125 0.017578125
0 0.70849609375 0.4065755208333333 0.0078125 0.013671875
0 0.755126953125 0.4117838541666667 0.00634765625 0.013671875
1 0.59765625 0.3981119791666667 0.0048828125 0.012369791666666666
0 0.463134765625 0.423828125 0.01025390625 0.013020833333333334
0 0.87890625 0.4176432291666667 0.009765625 0.014973958333333334
0 0.47412109375 0.4108072916666667 0.0078125 0.014322916666666666
0 0.837158203125 0.4182942708333333 0.00927734375 0.012369791666666666
0 0.971435546875 0.43359375 0.01220703125 0.01953125
1 0.62158203125 0.4085286458333333 0.0107421875 0.013671875
