0 0.50341796875 0.4537760416666667 0.0166015625 0.032552083333333336
0 0.572021484375 0.4443359375 0.01708984375 0.026692708333333332
1 0.815673828125 0.7333984375 0.06396484375 0.134765625
1 0.8515625 0.5341796875 0.029296875 0.054036458333333336
0 0.40380859375 0.4772135416666667 0.0234375 0.041666666666666664
0 0.67919921875 0.4329427083333333 0.009765625 0.01953125
1 0.877685546875 0.4713541666666667 0.01708984375 0.02734375
1 0.9072265625 0.4544270833333333 0.015625 0.022135416666666668
0 0.73291015625 0.4287109375 0.01171875 0.021484375
0 0.7998046875 0.4296875 0.0107421875 0.018229166666666668
1 0.9208984375 0.4449869791666667 0.0107421875 0.017578125
1 0.924560546875 0.4371744791666667 0.00732421875 0.014973958333333334
