0 0.262451171875 0.5299479166666666 0.03173828125 0.052083333333333336
1 0.55078125 0.4651692708333333 0.015625 0.030598958333333332
1 0.659912109375 0.5380859375 0.03466796875 0.061848958333333336
1 0.61669921875 0.4560546875 0.0126953125 0.025390625
0 0.7490234375 0.4521484375 0.0107421875 0.021484375
0 0.3388671875 0.4713541666666667 0.015625 0.028645833333333332
1 0.919189453125 0.5595703125 0.04052734375 0.064453125
1 0.70556640625 0.4817708333333333 0.025390625 0.0390625
1 0.50048828125 0.4440104166666667 0.0107421875 0.020833333333333332
1 0.5341796875 0.4313151041666667 0.0068359375 0.014973958333333334
0 0.352294921875 0.453125 0.01123046875 0.020833333333333332
0 0.67236328125 0.4397786458333333 0.0078125 0.016276041666666668
1 0.5654296875 0.4420572916666667 0.0107421875 0.01953125
1 0.408203125 0.435546875 0.013671875 0.024739583333333332
0 0.88134765625 0.4765625 0.015625 0.028645833333333332
0 0.61962890625 0.4293619791666667 0.0048828125 0.012369791666666666
0 0.328857421875 0.4466145833333333 0.00927734375 0.016927083333333332
0 0.51171875 0.4254557291666667 0.005859375 0.012369791666666666
0 0.55810546875 0.4182942708333333 0.0048828125 0.009765625
0 0.059814453125 0.4596354166666667 0.00927734375 0.018229166666666668
1 0.467041015625 0.4384765625 0.01318359375 0.018880208333333332
0 0.583984375 0.4225260416666667 0.0048828125 0.01171875
1 0.025634765625 0.4547526041666667 0.00927734375 0.013671875
0 0.5341796875 0.4127604166666667 0.0048828125 0.009114583333333334
