0 0.156982421875 0.4352213541666667 0.01123046875 0.017578125
1 0.13037109375 0.4248046875 0.0078125 0.014973958333333334
1 0.185302734375 0.4150390625 0.00634765625 0.014973958333333334
0 0.22607421875 0.4212239583333333 0.0078125 0.014322916666666666
1 0.232421875 0.4091796875 0.005859375 0.012369791666666666
1 0.049072265625 0.4384765625 0.01220703125 0.017578125
0 0.075927734375 0.4518229166666667 0.01416015625 0.022135416666666668
0 0.295166015625 0.4088541666666667 0.00537109375 0.01171875
0 0.2666015625 0.4143880208333333 0.005859375 0.012369791666666666
1 0.2724609375 0.4046223958333333 0.0048828125 0.008463541666666666
