2 0.6341145833333334 0.3939814814814815 0.018229166666666668 0.028703703703703703
2 0.41822916666666665 0.38564814814814813 0.014583333333333334 0.03611111111111111
2 0.5049479166666667 0.3398148148148148 0.005729166666666666 0.016666666666666666
2 0.6559895833333333 0.4101851851851852 0.016145833333333335 0.04259259259259259
2 0.6372395833333333 0.34953703703703703 0.005729166666666666 0.019444444444444445
2 0.56875 0.3287037037037037 0.007291666666666667 0.009259259259259259
2 0.4984375 0.3375 0.005208333333333333 0.019444444444444445
2 0.6091145833333333 0.3314814814814815 0.008854166666666666 0.009259259259259259
2 0.5908854166666667 0.3314814814814815 0.0067708333333333336 0.009259259259259259
2 0.5098958333333333 0.3189814814814815 0.005208333333333333 0.012037037037037037
2 0.5515625 0.31666666666666665 0.005208333333333333 0.011111111111111112
2 0.48671875 0.32222222222222224 0.0067708333333333336 0.014814814814814815
