1 0.7015625 0.48055555555555557 0.0125 0.03611111111111111
1 0.32421875 0.5756944444444444 0.0265625 0.06527777777777778
1 0.730078125 0.5805555555555556 0.02734375 0.08055555555555556
1 0.49296875 0.4756944444444444 0.0125 0.034722222222222224
1 0.5796875 0.4444444444444444 0.009375 0.027777777777777776
1 0.725 0.4548611111111111 0.0078125 0.02361111111111111
1 0.640234375 0.4270833333333333 0.00703125 0.020833333333333332
1 0.761328125 0.4326388888888889 0.01015625 0.02361111111111111
1 0.712890625 0.40694444444444444 0.00703125 0.013888888888888888
1 0.7328125 0.40069444444444446 0.0078125 0.0125
1 0.68046875 0.41805555555555557 0.0078125 0.013888888888888888
