1 0.208125 0.5109375 0.04875 0.146875
0 0.915 0.728125 0.0775 0.21875
1 0.405625 0.5765625 0.03125 0.128125
1 0.45625 0.428125 0.025 0.075
0 0.733125 0.484375 0.03375 0.09375
2 0.9475 0.4546875 0.0425 0.121875
1 0.38375 0.4453125 0.0325 0.059375
0 0.84125 0.3921875 0.0375 0.065625
1 0.304375 0.3703125 0.02375 0.046875
2 0.3675 0.3734375 0.0225 0.040625
0 0.61375 0.359375 0.0175 0.05625
2 0.620625 0.2703125 0.01375 0.046875
1 0.5625 0.3046875 0.01 0.040625
1 0.391875 0.3296875 0.01625 0.028125
