2 0.9049479166666666 0.7787037037037037 0.0546875 0.1648148148148148
2 0.11484375 0.6361111111111111 0.05572916666666667 0.13148148148148148
2 0.37604166666666666 0.41712962962962963 0.026041666666666668 0.058333333333333334
2 0.7653645833333333 0.4828703703703704 0.025520833333333333 0.06388888888888888
2 0.50390625 0.3731481481481482 0.0171875 0.03888888888888889
2 0.8513020833333333 0.4537037037037037 0.016145833333333335 0.04259259259259259
2 0.6111979166666667 0.37175925925925923 0.011979166666666667 0.032407407407407406
2 0.48203125 0.31342592592592594 0.0078125 0.021296296296296296
2 0.7442708333333333 0.38055555555555554 0.010416666666666666 0.02962962962962963
2 0.8265625 0.3958333333333333 0.008333333333333333 0.025
2 0.4361979166666667 0.325 0.008854166666666666 0.024074074074074074
2 0.41796875 0.30648148148148147 0.0078125 0.016666666666666666
2 0.3458333333333333 0.31712962962962965 0.008333333333333333 0.019444444444444445
2 0.63515625 0.3421296296296296 0.008854166666666666 0.021296296296296296
