0 0.250244140625 0.5921223958333334 0.05126953125 0.080078125
1 0.452392578125 0.4446614583333333 0.01318359375 0.024739583333333332
0 0.234375 0.4918619791666667 0.0205078125 0.038411458333333336
0 0.238037109375 0.455078125 0.01318359375 0.0234375
1 0.762939453125 0.474609375 0.02099609375 0.044270833333333336
0 0.324462890625 0.4274088541666667 0.00927734375 0.017578125
1 0.4306640625 0.431640625 0.01171875 0.022135416666666668
1 0.5859375 0.4622395833333333 0.0185546875 0.03515625
1 0.596923828125 0.4130859375 0.00732421875 0.013671875
1 0.271484375 0.4381510416666667 0.0078125 0.018229166666666668
0 0.382080078125 0.419921875 0.00732421875 0.014322916666666666
1 0.521728515625 0.4208984375 0.01025390625 0.017578125
0 0.474853515625 0.4140625 0.00634765625 0.014322916666666666
1 0.7177734375 0.4111328125 0.005859375 0.014973958333333334
0 0.581298828125 0.4069010416666667 0.00634765625 0.01171875
0 0.7109375 0.4029947916666667 0.0048828125 0.01171875
1 0.839599609375 0.4108072916666667 0.00634765625 0.015625
0 0.823974609375 0.4029947916666667 0.00634765625 0.01171875
