1 0.383125 0.79375 0.10375 0.33125
1 0.534375 0.596875 0.06875 0.23125
0 0.728125 0.503125 0.05625 0.1875
0 0.645 0.396875 0.04 0.15625
1 0.9575 0.3234375 0.035 0.121875
1 0.025625 0.346875 0.02625 0.10625
1 0.379375 0.23125 0.01875 0.0625
0 0.13875 0.4296875 0.04 0.153125
0 0.069375 0.2703125 0.02125 0.090625
0 0.485 0.234375 0.015 0.0625
0 0.298125 0.2203125 0.01375 0.059375
1 0.7625 0.253125 0.0225 0.0875
1 0.8925 0.1984375 0.035 0.115625
0 0.315625 0.2546875 0.01375 0.071875
1 0.533125 0.2484375 0.01625 0.078125
0 0.5875 0.225 0.015 0.0625
1 0.60625 0.234375 0.0175 0.075
0 0.85 0.215625 0.0125 0.05625
0 0.9475 0.25625 0.03 0.1125
0 0.758125 0.2265625 0.01625 0.071875
1 0.19125 0.225 0.015 0.0625
1 0.660625 0.2296875 0.01625 0.071875
0 0.019375 0.4203125 0.03875 0.065625
0 0.04125 0.2265625 0.0175 0.065625
