0 0.364501953125 0.5009765625 0.02490234375 0.044921875
0 0.494140625 0.4417317708333333 0.0107421875 0.022786458333333332
1 0.781005859375 0.5211588541666666 0.02783203125 0.052734375
1 0.71826171875 0.4654947916666667 0.017578125 0.029947916666666668
0 0.567626953125 0.427734375 0.00927734375 0.016927083333333332
1 0.710693359375 0.4388020833333333 0.01025390625 0.020833333333333332
2 0.576416015625 0.40625 0.00634765625 0.014322916666666666
2 0.464111328125 0.4153645833333333 0.01025390625 0.020833333333333332
2 0.481689453125 0.4186197916666667 0.01416015625 0.013020833333333334
1 0.7705078125 0.4293619791666667 0.0078125 0.016276041666666668
0 0.64501953125 0.4189453125 0.0048828125 0.012369791666666666
0 0.724853515625 0.4176432291666667 0.00634765625 0.013671875
1 0.8291015625 0.4296875 0.0068359375 0.013020833333333334
