1 0.905517578125 0.6389973958333334 0.06591796875 0.10091145833333333
1 0.671875 0.513671875 0.0302734375 0.05078125
1 0.20068359375 0.5725911458333334 0.048828125 0.07356770833333333
1 0.547607421875 0.4697265625 0.01708984375 0.034505208333333336
1 0.445068359375 0.4524739583333333 0.01708984375 0.029947916666666668
1 0.149169921875 0.4850260416666667 0.02099609375 0.0390625
1 0.3369140625 0.443359375 0.017578125 0.03515625
1 0.24462890625 0.4407552083333333 0.0166015625 0.033854166666666664
1 0.0537109375 0.44921875 0.0166015625 0.02734375
1 0.1572265625 0.4446614583333333 0.013671875 0.02734375
1 0.0185546875 0.4833984375 0.0224609375 0.031901041666666664
