1 0.3125 0.7381944444444445 0.05 0.1375
0 0.265234375 0.7326388888888888 0.05234375 0.14027777777777778
0 0.062109375 0.6319444444444444 0.02578125 0.075
1 0.469921875 0.45555555555555555 0.01171875 0.03611111111111111
0 0.45859375 0.4583333333333333 0.0078125 0.030555555555555555
1 0.662109375 0.4263888888888889 0.00859375 0.03333333333333333
1 0.4953125 0.4236111111111111 0.0109375 0.025
0 0.390625 0.4354166666666667 0.0078125 0.015277777777777777
0 0.44296875 0.41944444444444445 0.0078125 0.013888888888888888
0 0.48671875 0.4222222222222222 0.0078125 0.013888888888888888
1 0.6140625 0.40902777777777777 0.0078125 0.018055555555555554
1 0.51796875 0.4 0.0078125 0.013888888888888888
0 0.327734375 0.4722222222222222 0.01328125 0.025
1 0.6234375 0.3888888888888889 0.0078125 0.013888888888888888
1 0.59609375 0.40555555555555556 0.0078125 0.013888888888888888
