0 0.2373046875 0.5341796875 0.029296875 0.060546875
0 0.0869140625 0.6946614583333334 0.060546875 0.11458333333333333
1 0.699462890625 0.5045572916666666 0.02978515625 0.0546875
1 0.966064453125 0.7106119791666666 0.06787109375 0.126953125
0 0.1572265625 0.5 0.01953125 0.04296875
1 0.107421875 0.451171875 0.01171875 0.022135416666666668
1 0.54052734375 0.458984375 0.021484375 0.032552083333333336
1 0.248046875 0.4485677083333333 0.0126953125 0.026041666666666668
1 0.42041015625 0.4485677083333333 0.0146484375 0.029947916666666668
0 0.06005859375 0.4928385416666667 0.0205078125 0.03515625
1 0.76416015625 0.4342447916666667 0.013671875 0.0234375
1 0.717529296875 0.4147135416666667 0.01025390625 0.018229166666666668
1 0.8564453125 0.470703125 0.0234375 0.03515625
1 0.6748046875 0.3958333333333333 0.0048828125 0.01171875
1 0.00439453125 0.4544270833333333 0.0087890625 0.020833333333333332
0 0.91357421875 0.435546875 0.015625 0.024739583333333332
0 0.83154296875 0.4166666666666667 0.01171875 0.01953125
0 0.795654296875 0.4072265625 0.01025390625 0.016276041666666668
