2 0.13932291666666666 0.7393518518518518 0.0703125 0.15462962962962962
2 0.7145833333333333 0.4166666666666667 0.020833333333333332 0.05
2 0.9270833333333334 0.5143518518518518 0.03229166666666667 0.0787037037037037
2 0.3190104166666667 0.4074074074074074 0.016145833333333335 0.03888888888888889
2 0.584375 0.3837962962962963 0.014583333333333334 0.03425925925925926
2 0.14479166666666668 0.3962962962962963 0.008333333333333333 0.025925925925925925
2 0.0359375 0.4185185185185185 0.009375 0.020370370370370372
2 0.3611979166666667 0.36157407407407405 0.0109375 0.023148148148148147
2 0.5651041666666666 0.3527777777777778 0.013541666666666667 0.02962962962962963
2 0.4427083333333333 0.3425925925925926 0.009375 0.018518518518518517
2 0.6994791666666667 0.3388888888888889 0.010416666666666666 0.022222222222222223
2 0.12473958333333333 0.3824074074074074 0.0067708333333333336 0.014814814814814815
