1 0.76513671875 0.5315755208333334 0.033203125 0.057942708333333336
0 0.341552734375 0.537109375 0.03271484375 0.059895833333333336
0 0.4384765625 0.4527994791666667 0.01171875 0.025390625
1 0.641357421875 0.4554036458333333 0.01318359375 0.026692708333333332
1 0.596923828125 0.4293619791666667 0.00927734375 0.018880208333333332
0 0.46484375 0.4300130208333333 0.0078125 0.017578125
0 0.47265625 0.41796875 0.0048828125 0.010416666666666666
1 0.58203125 0.4208984375 0.005859375 0.011067708333333334
0 0.482421875 0.4143880208333333 0.0048828125 0.011067708333333334
1 0.59521484375 0.4143880208333333 0.005859375 0.011067708333333334
0 0.519775390625 0.4114583333333333 0.00537109375 0.009114583333333334
1 0.619140625 0.4104817708333333 0.0048828125 0.009765625
2 0.6357421875 0.4072265625 0.0048828125 0.007161458333333333
