0 0.079833984375 0.6767578125 0.07666015625 0.11653645833333333
0 0.369384765625 0.490234375 0.02001953125 0.044270833333333336
1 0.667724609375 0.4541015625 0.01513671875 0.034505208333333336
1 0.7607421875 0.4993489583333333 0.0283203125 0.048177083333333336
0 0.475341796875 0.4534505208333333 0.01416015625 0.030598958333333332
1 0.57958984375 0.4205729166666667 0.01171875 0.0234375
1 0.61474609375 0.4326171875 0.0126953125 0.025390625
0 0.4892578125 0.4322916666666667 0.009765625 0.022135416666666668
1 0.559326171875 0.4114583333333333 0.00732421875 0.016927083333333332
0 0.475341796875 0.4208984375 0.00927734375 0.016276041666666668
1 0.540771484375 0.404296875 0.00732421875 0.015625
1 0.525146484375 0.3987630208333333 0.00634765625 0.014973958333333334
