0 0.148193359375 0.7115885416666666 0.08544921875 0.13411458333333334
1 0.87841796875 0.5257161458333334 0.0283203125 0.050130208333333336
1 0.6796875 0.50390625 0.0263671875 0.048177083333333336
1 0.723876953125 0.4729817708333333 0.01806640625 0.034505208333333336
0 0.38037109375 0.4908854166666667 0.021484375 0.04296875
0 0.884765625 0.4739583333333333 0.017578125 0.028645833333333332
1 0.654296875 0.4547526041666667 0.0126953125 0.029296875
0 0.7744140625 0.4537760416666667 0.013671875 0.0234375
1 0.593505859375 0.458984375 0.01611328125 0.028645833333333332
0 0.705078125 0.4407552083333333 0.0107421875 0.01953125
1 0.605712890625 0.439453125 0.00927734375 0.018229166666666668
