0 0.11625 0.6190878378378378 0.0725 0.12331081081081081
1 0.64625 0.4222972972972973 0.03 0.0472972972972973
0 0.365 0.4721283783783784 0.0275 0.05574324324324324
0 0.4 0.4214527027027027 0.0225 0.03885135135135135
1 0.683125 0.4552364864864865 0.03375 0.052364864864864864
0 0.45 0.3902027027027027 0.015 0.033783783783783786
0 0.47375 0.375 0.0125 0.02364864864864865
1 0.608125 0.3927364864864865 0.01625 0.02533783783783784
0 0.04875 0.3893581081081081 0.015 0.028716216216216218
0 0.116875 0.37584459459459457 0.01125 0.02533783783783784
1 0.75125 0.5481418918918919 0.05 0.08952702702702703
