1 0.4175 0.4875 0.035 0.1125
1 0.48625 0.3890625 0.02 0.071875
1 0.709375 0.5078125 0.03875 0.121875
0 0.656875 0.3796875 0.02125 0.071875
0 0.546875 0.35 0.01625 0.05625
1 0.631875 0.3046875 0.01375 0.046875
0 0.6125 0.2890625 0.01 0.034375
0 0.529375 0.3125 0.01125 0.04375
0 0.698125 0.31875 0.01125 0.04375
1 0.24125 0.3921875 0.02 0.071875
1 0.165 0.3484375 0.015 0.046875
0 0.271875 0.325 0.01125 0.04375
2 0.2425 0.321875 0.01 0.0375
0 0.4625 0.2640625 0.0075 0.028125
1 0.14125 0.334375 0.0125 0.04375
