1 0.671142578125 0.5100911458333334 0.03173828125 0.054036458333333336
1 0.90087890625 0.6350911458333334 0.0634765625 0.10091145833333333
1 0.199951171875 0.5703125 0.04345703125 0.07421875
1 0.54736328125 0.4697265625 0.01953125 0.037109375
1 0.44580078125 0.4534505208333333 0.01953125 0.030598958333333332
1 0.245361328125 0.4417317708333333 0.01318359375 0.021484375
1 0.1484375 0.4827473958333333 0.0205078125 0.035807291666666664
1 0.15771484375 0.4456380208333333 0.0146484375 0.022786458333333332
1 0.336181640625 0.4436848958333333 0.01611328125 0.030598958333333332
1 0.01953125 0.4837239583333333 0.0224609375 0.032552083333333336
1 0.053955078125 0.4505208333333333 0.01416015625 0.022135416666666668
