2 0.17529296875 0.6243489583333334 0.08203125 0.16796875
0 0.3056640625 0.5338541666666666 0.0400390625 0.06510416666666667
1 0.688232421875 0.5179036458333334 0.03173828125 0.054036458333333336
1 0.6103515625 0.46484375 0.0205078125 0.03515625
0 0.387451171875 0.4612630208333333 0.01708984375 0.033203125
2 0.846435546875 0.6402994791666666 0.09814453125 0.18294270833333334
0 0.4296875 0.4244791666666667 0.0107421875 0.01953125
1 0.562744140625 0.4270833333333333 0.01318359375 0.020833333333333332
1 0.5478515625 0.4147135416666667 0.0087890625 0.014322916666666666
0 0.444091796875 0.4134114583333333 0.00732421875 0.013020833333333334
1 0.5380859375 0.4075520833333333 0.0068359375 0.013020833333333334
1 0.529541015625 0.4010416666666667 0.00537109375 0.013020833333333334
0 0.45556640625 0.4010416666666667 0.0068359375 0.01171875
0 0.449462890625 0.4065755208333333 0.00634765625 0.013671875
1 0.525390625 0.396484375 0.0048828125 0.009114583333333334
1 0.5224609375 0.3929036458333333 0.0048828125 0.008463541666666666
