2 0.6578125 0.4076388888888889 0.0203125 0.05138888888888889
1 0.49453125 0.3347222222222222 0.015625 0.03611111111111111
1 0.246484375 0.43819444444444444 0.03046875 0.0763888888888889
1 0.45390625 0.2965277777777778 0.009375 0.02361111111111111
1 0.24296875 0.33611111111111114 0.015625 0.03888888888888889
1 0.291796875 0.29097222222222224 0.00859375 0.020833333333333332
1 0.38125 0.275 0.0078125 0.016666666666666666
1 0.48671875 0.2875 0.0078125 0.016666666666666666
1 0.5265625 0.2791666666666667 0.0078125 0.013888888888888888
1 0.41015625 0.2659722222222222 0.0078125 0.015277777777777777
