1 0.0609375 0.7645833333333333 0.046875 0.1375
1 0.83671875 0.7819444444444444 0.053125 0.1527777777777778
1 0.730859375 0.5333333333333333 0.02578125 0.06111111111111111
1 0.494921875 0.4909722222222222 0.01953125 0.04583333333333333
1 0.766796875 0.475 0.01640625 0.03611111111111111
1 0.627734375 0.4527777777777778 0.01484375 0.03333333333333333
1 0.6921875 0.4388888888888889 0.009375 0.027777777777777776
1 0.80546875 0.4597222222222222 0.0078125 0.022222222222222223
1 0.840625 0.4486111111111111 0.0078125 0.025
1 0.75 0.42986111111111114 0.0078125 0.018055555555555554
1 0.73984375 0.4361111111111111 0.0078125 0.016666666666666666
1 0.803125 0.4305555555555556 0.0078125 0.013888888888888888
