1 0.138427734375 0.6565755208333334 0.06591796875 0.111328125
1 0.73046875 0.6145833333333334 0.056640625 0.09895833333333333
1 0.3603515625 0.5006510416666666 0.0322265625 0.049479166666666664
1 0.453369140625 0.4417317708333333 0.01513671875 0.026692708333333332
1 0.22900390625 0.4671223958333333 0.0185546875 0.029296875
1 0.57275390625 0.4420572916666667 0.0126953125 0.0234375
1 0.55517578125 0.4264322916666667 0.009765625 0.016927083333333332
1 0.4765625 0.4108072916666667 0.0078125 0.013020833333333334
1 0.327392578125 0.4264322916666667 0.00830078125 0.014322916666666666
1 0.29296875 0.4173177083333333 0.005859375 0.01171875
1 0.182373046875 0.4322916666666667 0.00732421875 0.013020833333333334
1 0.025634765625 0.4557291666666667 0.01123046875 0.01953125
1 0.367919921875 0.404296875 0.00537109375 0.010416666666666666
1 0.195556640625 0.4195963541666667 0.00732421875 0.012369791666666666
1 0.539794921875 0.40625 0.00732421875 0.013020833333333334
1 0.23388671875 0.4098307291666667 0.0048828125 0.009765625
1 0.052490234375 0.4401041666666667 0.01025390625 0.015625
1 0.12841796875 0.4274088541666667 0.0078125 0.012369791666666666
