0 0.327880859375 0.5185546875 0.02783203125 0.051432291666666664
1 0.618408203125 0.4674479166666667 0.01806640625 0.032552083333333336
1 0.694580078125 0.5247395833333334 0.02587890625 0.053385416666666664
0 0.3916015625 0.466796875 0.0166015625 0.029947916666666668
0 0.428955078125 0.4378255208333333 0.01220703125 0.021484375
1 0.5791015625 0.4384765625 0.0107421875 0.022786458333333332
1 0.56298828125 0.423828125 0.0078125 0.016927083333333332
0 0.451171875 0.423828125 0.0078125 0.015625
0 0.459228515625 0.4163411458333333 0.00732421875 0.013671875
1 0.554931640625 0.4143880208333333 0.00830078125 0.013671875
1 0.544921875 0.4065755208333333 0.0068359375 0.012369791666666666
0 0.46630859375 0.4095052083333333 0.005859375 0.01171875
