0 0.10755208333333334 0.6273148148148148 0.050520833333333334 0.11018518518518519
0 0.33177083333333335 0.45787037037037037 0.025 0.058333333333333334
0 0.3125 0.41712962962962963 0.016666666666666666 0.041666666666666664
0 0.21979166666666666 0.4074074074074074 0.015625 0.03333333333333333
0 0.1 0.43703703703703706 0.015625 0.03518518518518519
0 0.7768229166666667 0.41388888888888886 0.022395833333333334 0.05925925925925926
0 0.5640625 0.3597222222222222 0.011458333333333333 0.030555555555555555
0 0.41015625 0.34675925925925927 0.013020833333333334 0.028703703703703703
0 0.09322916666666667 0.4013888888888889 0.010416666666666666 0.019444444444444445
0 0.2546875 0.36527777777777776 0.008333333333333333 0.019444444444444445
