2 0.23463541666666668 0.6425925925925926 0.05260416666666667 0.12222222222222222
2 0.26197916666666665 0.4912037037037037 0.030208333333333334 0.06944444444444445
2 0.8971354166666666 0.5828703703703704 0.050520833333333334 0.10462962962962963
2 0.5424479166666667 0.37777777777777777 0.018229166666666668 0.037037037037037035
2 0.22395833333333334 0.39166666666666666 0.014583333333333334 0.03333333333333333
2 0.16979166666666667 0.3685185185185185 0.008333333333333333 0.025925925925925925
2 0.36692708333333335 0.34953703703703703 0.009895833333333333 0.026851851851851852
2 0.18229166666666666 0.3347222222222222 0.007291666666666667 0.017592592592592594
2 0.27708333333333335 0.3314814814814815 0.007291666666666667 0.018518518518518517
2 0.07447916666666667 0.36712962962962964 0.00625 0.017592592592592594
