0 0.238037109375 0.58984375 0.04345703125 0.08463541666666667
1 0.695556640625 0.4781901041666667 0.02197265625 0.046223958333333336
0 0.408935546875 0.46484375 0.01708984375 0.036458333333333336
0 0.478515625 0.427734375 0.01171875 0.0234375
1 0.643798828125 0.4290364583333333 0.01123046875 0.0234375
1 0.63818359375 0.4166666666666667 0.0078125 0.015625
1 0.68603515625 0.4140625 0.0078125 0.014322916666666666
0 0.621337890625 0.4069010416666667 0.00634765625 0.01171875
0 0.50537109375 0.4137369791666667 0.0087890625 0.014973958333333334
0 0.55517578125 0.4091796875 0.0087890625 0.013671875
