1 0.646875 0.4965277777777778 0.015625 0.04583333333333333
1 0.229296875 0.81875 0.06015625 0.1597222222222222
1 0.398828125 0.5097222222222222 0.01640625 0.04722222222222222
1 0.671484375 0.4395833333333333 0.01015625 0.020833333333333332
1 0.492578125 0.4583333333333333 0.01484375 0.030555555555555555
1 0.5578125 0.4395833333333333 0.0078125 0.020833333333333332
1 0.645703125 0.45625 0.01015625 0.02638888888888889
1 0.70859375 0.42430555555555555 0.0078125 0.015277777777777777
1 0.609375 0.42569444444444443 0.0078125 0.018055555555555554
1 0.646875 0.4166666666666667 0.0078125 0.013888888888888888
1 0.7296875 0.41805555555555557 0.0078125 0.013888888888888888
