1 0.214599609375 0.4957682291666667 0.02294921875 0.043619791666666664
1 0.463623046875 0.4541015625 0.01611328125 0.031901041666666664
1 0.638916015625 0.5302734375 0.03271484375 0.060546875
1 0.074951171875 0.6842447916666666 0.06591796875 0.11067708333333333
1 0.396240234375 0.4244791666666667 0.01025390625 0.0234375
1 0.255615234375 0.4231770833333333 0.00830078125 0.018229166666666668
1 0.106689453125 0.4469401041666667 0.01220703125 0.024088541666666668
1 0.364013671875 0.4108072916666667 0.00732421875 0.015625
1 0.26171875 0.4095052083333333 0.0078125 0.014322916666666666
1 0.14697265625 0.412109375 0.0068359375 0.014322916666666666
1 0.326171875 0.3971354166666667 0.005859375 0.01171875
