1 0.355859375 0.5590277777777778 0.02421875 0.059722222222222225
1 0.350390625 0.48541666666666666 0.01328125 0.034722222222222224
1 0.67265625 0.42986111111111114 0.015625 0.04583333333333333
1 0.527734375 0.4111111111111111 0.00859375 0.027777777777777776
1 0.305859375 0.47430555555555554 0.01015625 0.02638888888888889
1 0.249609375 0.4875 0.01015625 0.025
1 0.19921875 0.5104166666666666 0.009375 0.02638888888888889
1 0.98203125 0.37083333333333335 0.0140625 0.03333333333333333
1 0.819140625 0.36180555555555555 0.01171875 0.02638888888888889
1 0.9921875 0.35138888888888886 0.009375 0.025
1 0.101171875 0.55625 0.01015625 0.029166666666666667
1 0.41484375 0.4222222222222222 0.0078125 0.019444444444444445
1 0.702734375 0.3597222222222222 0.00703125 0.019444444444444445
1 0.88203125 0.34305555555555556 0.0078125 0.019444444444444445
1 0.660546875 0.3576388888888889 0.00703125 0.015277777777777777
1 0.3375 0.44027777777777777 0.0078125 0.016666666666666666
