0 0.040625 0.4171875 0.04625 0.165625
0 0.09375 0.7453125 0.105 0.309375
0 0.1375 0.33125 0.035 0.125
1 0.506875 0.45 0.05125 0.175
1 0.52625 0.3171875 0.03 0.115625
0 0.884375 0.36875 0.05875 0.10625
0 0.205625 0.2453125 0.01875 0.090625
1 0.29375 0.2140625 0.02 0.084375
1 0.418125 0.1953125 0.01875 0.078125
2 0.615625 0.1828125 0.01875 0.071875
2 0.73625 0.2140625 0.025 0.078125
1 0.16625 0.2890625 0.0225 0.103125
1 0.51625 0.259375 0.02 0.09375
1 0.964375 0.209375 0.02625 0.0875
0 0.785 0.178125 0.02 0.0875
