2 0.76171875 0.5305555555555556 0.034895833333333334 0.08518518518518518
2 0.25885416666666666 0.39675925925925926 0.022916666666666665 0.05277777777777778
2 0.47421875 0.3541666666666667 0.019270833333333334 0.032407407407407406
2 0.6578125 0.3592592592592593 0.015625 0.027777777777777776
2 0.8247395833333333 0.44675925925925924 0.022395833333333334 0.05648148148148148
2 0.8807291666666667 0.5027777777777778 0.026041666666666668 0.05925925925925926
2 0.9458333333333333 0.4439814814814815 0.013541666666666667 0.03611111111111111
2 0.6234375 0.325 0.010416666666666666 0.027777777777777776
2 0.8247395833333333 0.3861111111111111 0.0078125 0.020370370370370372
2 0.153125 0.33564814814814814 0.013541666666666667 0.032407407407407406
2 0.6026041666666667 0.32314814814814813 0.015625 0.018518518518518517
2 0.07083333333333333 0.3421296296296296 0.011458333333333333 0.023148148148148147
