0 0.281005859375 0.5133463541666666 0.02783203125 0.046223958333333336
1 0.564208984375 0.4443359375 0.01513671875 0.026692708333333332
1 0.60546875 0.4817708333333333 0.0224609375 0.0390625
1 0.539794921875 0.423828125 0.00927734375 0.016927083333333332
0 0.39306640625 0.4453125 0.01171875 0.0234375
0 0.442138671875 0.4176432291666667 0.00634765625 0.012369791666666666
0 0.4287109375 0.4241536458333333 0.0078125 0.013671875
0 0.462890625 0.408203125 0.0048828125 0.009114583333333334
0 0.45458984375 0.4117838541666667 0.0048828125 0.009765625
1 0.5263671875 0.4111328125 0.0048828125 0.011067708333333334
0 0.4697265625 0.4059244791666667 0.0048828125 0.007161458333333333
1 0.533447265625 0.4150390625 0.00634765625 0.012369791666666666
1 0.948974609375 0.8421223958333334 0.09423828125 0.201171875
