1 0.766015625 0.5708333333333333 0.03046875 0.09722222222222222
1 0.3296875 0.59375 0.0375 0.08194444444444444
1 0.4484375 0.5 0.021875 0.058333333333333334
1 0.702734375 0.5069444444444444 0.02109375 0.05555555555555555
1 0.7765625 0.4465277777777778 0.0078125 0.02638888888888889
1 0.76640625 0.5736111111111111 0.0375 0.1
1 0.80546875 0.425 0.0078125 0.019444444444444445
1 0.698828125 0.42430555555555555 0.00859375 0.020833333333333332
1 0.62578125 0.44513888888888886 0.0078125 0.02361111111111111
1 0.82734375 0.41180555555555554 0.0078125 0.015277777777777777
1 0.74140625 0.4125 0.0078125 0.013888888888888888
1 0.85078125 0.4013888888888889 0.0078125 0.013888888888888888
1 0.78515625 0.4027777777777778 0.0078125 0.013888888888888888
1 0.8078125 0.3958333333333333 0.0078125 0.013888888888888888
