1 0.28828125 0.5402777777777777 0.0234375 0.06111111111111111
1 0.50078125 0.48194444444444445 0.0109375 0.027777777777777776
1 0.53828125 0.4597222222222222 0.009375 0.022222222222222223
1 0.503125 0.45 0.0078125 0.013888888888888888
1 0.68828125 0.48680555555555555 0.0125 0.034722222222222224
1 0.66015625 0.4583333333333333 0.0078125 0.013888888888888888
1 0.06171875 0.4861111111111111 0.0078125 0.022222222222222223
1 0.856640625 0.48194444444444445 0.01171875 0.030555555555555555
1 0.28125 0.4576388888888889 0.0078125 0.018055555555555554
1 0.181640625 0.4673611111111111 0.00859375 0.015277777777777777
1 0.02421875 0.48194444444444445 0.0078125 0.016666666666666666
