1 0.74462890625 0.5462239583333334 0.03515625 0.07421875
0 0.2451171875 0.5706380208333334 0.048828125 0.072265625
0 0.271484375 0.501953125 0.021484375 0.046875
1 0.62939453125 0.4749348958333333 0.021484375 0.041015625
1 0.7666015625 0.4554036458333333 0.017578125 0.030598958333333332
0 0.103515625 0.4811197916666667 0.0185546875 0.032552083333333336
0 0.1845703125 0.4817708333333333 0.0205078125 0.032552083333333336
1 0.918701171875 0.5266927083333334 0.03466796875 0.0546875
1 0.40771484375 0.443359375 0.0126953125 0.026041666666666668
1 0.701171875 0.4287109375 0.009765625 0.021484375
1 0.250244140625 0.4462890625 0.01416015625 0.030598958333333332
1 0.509765625 0.4505208333333333 0.015625 0.028645833333333332
1 0.66650390625 0.4150390625 0.0087890625 0.017578125
1 0.64111328125 0.4049479166666667 0.0068359375 0.014322916666666666
0 0.939697265625 0.4567057291666667 0.02001953125 0.029296875
0 0.825927734375 0.4283854166666667 0.01220703125 0.022135416666666668
0 0.76611328125 0.4143880208333333 0.0087890625 0.016276041666666668
0 0.7158203125 0.40234375 0.0078125 0.014322916666666666
0 0.737060546875 0.4075520833333333 0.00537109375 0.013020833333333334
0 0.69677734375 0.3971354166666667 0.005859375 0.010416666666666666
0 0.10986328125 0.4508463541666667 0.01171875 0.020182291666666668
