1 0.360595703125 0.5442708333333334 0.03466796875 0.06510416666666667
1 0.422607421875 0.4814453125 0.02099609375 0.041015625
1 0.4443359375 0.45703125 0.0146484375 0.029947916666666668
1 0.4990234375 0.4410807291666667 0.0107421875 0.025390625
1 0.56396484375 0.4280598958333333 0.01171875 0.021484375
1 0.716552734375 0.4833984375 0.01708984375 0.038411458333333336
1 0.689697265625 0.453125 0.01708984375 0.028645833333333332
1 0.6220703125 0.4225260416666667 0.0087890625 0.018229166666666668
1 0.6962890625 0.4195963541666667 0.0087890625 0.016276041666666668
1 0.8017578125 0.4365234375 0.0146484375 0.022786458333333332
1 0.7763671875 0.4189453125 0.0087890625 0.016276041666666668
1 0.99462890625 0.423828125 0.009765625 0.016927083333333332
1 0.9580078125 0.4381510416666667 0.0146484375 0.020833333333333332
1 0.859375 0.4205729166666667 0.009765625 0.018229166666666668
2 0.590087890625 0.40234375 0.00537109375 0.01171875
