1 0.8369140625 0.658203125 0.064453125 0.10546875
1 0.657958984375 0.48828125 0.02490234375 0.04296875
1 0.047607421875 0.5299479166666666 0.03857421875 0.053385416666666664
1 0.427490234375 0.4420572916666667 0.01513671875 0.033854166666666664
1 0.379638671875 0.4703776041666667 0.02001953125 0.037109375
1 0.60302734375 0.4401041666666667 0.015625 0.029947916666666668
1 0.40185546875 0.4244791666666667 0.0126953125 0.020833333333333332
1 0.472412109375 0.4108072916666667 0.00830078125 0.014322916666666666
1 0.576904296875 0.4212239583333333 0.00830078125 0.015625
1 0.56787109375 0.4124348958333333 0.0068359375 0.012369791666666666
1 0.560791015625 0.4078776041666667 0.00634765625 0.013671875
1 0.1171875 0.4361979166666667 0.0166015625 0.022135416666666668
1 0.32470703125 0.3997395833333333 0.0048828125 0.009114583333333334
1 0.1689453125 0.4143880208333333 0.01171875 0.017578125
1 0.4912109375 0.4036458333333333 0.0048828125 0.009114583333333334
1 0.42138671875 0.4010416666666667 0.0048828125 0.0078125
1 0.3701171875 0.4026692708333333 0.0068359375 0.009765625
1 0.02197265625 0.4231770833333333 0.0107421875 0.015625
1 0.233642578125 0.4013671875 0.00537109375 0.009765625
