1 0.368125 0.790625 0.06125 0.2375
1 0.406875 0.5265625 0.03875 0.121875
1 0.6775 0.4484375 0.0325 0.096875
1 0.77625 0.6125 0.075 0.1875
1 0.666875 0.353125 0.02375 0.0625
0 0.4275 0.4234375 0.02 0.084375
0 0.454375 0.371875 0.01625 0.0625
1 0.47625 0.3359375 0.0125 0.046875
1 0.5575 0.2890625 0.01 0.040625
0 0.71875 0.328125 0.0225 0.06875
0 0.79875 0.3125 0.0225 0.0375
0 0.83125 0.2765625 0.0175 0.046875
1 0.871875 0.275 0.02375 0.04375
1 0.469375 0.278125 0.01125 0.05
0 0.945625 0.275 0.02125 0.0375
1 0.7775 0.2390625 0.01 0.034375
1 0.805625 0.23125 0.01125 0.0375
1 0.744375 0.2515625 0.01125 0.040625
1 0.63875 0.2734375 0.015 0.046875
1 0.791875 0.2921875 0.01125 0.053125
1 0.90875 0.2421875 0.01 0.040625
