1 0.044189453125 0.6458333333333334 0.07275390625 0.10286458333333333
1 0.278564453125 0.4986979166666667 0.02783203125 0.045572916666666664
1 0.250732421875 0.47265625 0.02294921875 0.033854166666666664
1 0.36572265625 0.4446614583333333 0.013671875 0.026041666666666668
1 0.59375 0.484375 0.0224609375 0.04296875
1 0.54443359375 0.4397786458333333 0.013671875 0.027994791666666668
1 0.39501953125 0.4267578125 0.0126953125 0.020182291666666668
1 0.22802734375 0.4384765625 0.0107421875 0.018880208333333332
1 0.418701171875 0.4114583333333333 0.00830078125 0.014322916666666666
1 0.522216796875 0.4202473958333333 0.00927734375 0.017578125
1 0.514404296875 0.4108072916666667 0.00830078125 0.015625
1 0.3349609375 0.4189453125 0.009765625 0.017578125
1 0.266357421875 0.40625 0.00830078125 0.01171875
1 0.139404296875 0.4095052083333333 0.00927734375 0.013020833333333334
1 0.44091796875 0.3958333333333333 0.0048828125 0.0078125
1 0.50732421875 0.4036458333333333 0.005859375 0.01171875
1 0.500732421875 0.3990885416666667 0.00537109375 0.009114583333333334
1 0.49853515625 0.3958333333333333 0.0048828125 0.0078125
1 0.427978515625 0.4055989583333333 0.00634765625 0.01171875
1 0.408203125 0.4010416666666667 0.0048828125 0.010416666666666666
1 0.44921875 0.392578125 0.0048828125 0.006510416666666667
1 0.16943359375 0.4163411458333333 0.009765625 0.014973958333333334
1 0.00634765625 0.4576822916666667 0.0126953125 0.020833333333333332
1 0.021240234375 0.4527994791666667 0.01416015625 0.021484375
1 0.032958984375 0.4251302083333333 0.01025390625 0.014322916666666666
1 0.12255859375 0.4065755208333333 0.0068359375 0.009765625
1 0.180419921875 0.4036458333333333 0.00634765625 0.010416666666666666
