0 0.70875 0.5591216216216216 0.105 0.18243243243243243
0 0.505625 0.5304054054054054 0.05375 0.10810810810810811
0 0.163125 0.5346283783783784 0.02875 0.05574324324324324
0 0.38625 0.5304054054054054 0.04 0.08445945945945946
0 0.28625 0.5278716216216216 0.0325 0.06587837837837837
0 0.259375 0.5194256756756757 0.01625 0.03547297297297297
0 0.114375 0.5346283783783784 0.02375 0.048986486486486486
0 0.575625 0.49577702702702703 0.01375 0.028716216216216218
0 0.438125 0.5067567567567568 0.01375 0.030405405405405407
0 0.349375 0.5109797297297297 0.01375 0.03209459459459459
0 0.180625 0.5261824324324325 0.01625 0.03885135135135135
1 0.060625 0.5219594594594594 0.00875 0.013513513513513514
