2 0.0986328125 0.4541015625 0.01171875 0.018880208333333332
2 0.194580078125 0.4358723958333333 0.00732421875 0.014973958333333334
2 0.255615234375 0.4244791666666667 0.00830078125 0.01171875
2 0.228515625 0.4205729166666667 0.0068359375 0.01171875
2 0.170166015625 0.4287109375 0.00927734375 0.014973958333333334
2 0.34130859375 0.4114583333333333 0.0048828125 0.009114583333333334
2 0.294921875 0.41796875 0.005859375 0.010416666666666666
2 0.26171875 0.4153645833333333 0.0048828125 0.010416666666666666
2 0.323974609375 0.4134114583333333 0.00537109375 0.01171875
2 0.287841796875 0.4117838541666667 0.00537109375 0.009765625
2 0.3076171875 0.4088541666666667 0.0048828125 0.009114583333333334
2 0.357421875 0.4072265625 0.0048828125 0.007161458333333333
2 0.352783203125 0.4016927083333333 0.00537109375 0.006510416666666667
2 0.3671875 0.4055989583333333 0.0048828125 0.006510416666666667
2 0.341796875 0.40234375 0.0048828125 0.006510416666666667
