1 0.189375 0.7375 0.08625 0.25625
0 0.333125 0.4390625 0.03625 0.134375
1 0.90375 0.36875 0.0275 0.09375
0 0.355 0.3328125 0.02 0.065625
0 0.449375 0.2625 0.01375 0.05
1 0.389375 0.259375 0.01375 0.05
0 0.7175 0.3 0.0175 0.05625
0 0.88875 0.353125 0.0275 0.0625
0 0.29625 0.290625 0.0125 0.05
1 0.488125 0.2640625 0.01375 0.046875
1 0.570625 0.2765625 0.01375 0.046875
0 0.130625 0.2609375 0.01125 0.040625
1 0.235 0.271875 0.015 0.05
1 0.348125 0.2890625 0.01375 0.046875
0 0.174375 0.2609375 0.01375 0.053125
