1 0.271875 0.5493055555555556 0.0234375 0.05416666666666667
1 0.6796875 0.5034722222222222 0.015625 0.029166666666666667
1 0.661328125 0.5381944444444444 0.02109375 0.04583333333333333
1 0.4203125 0.50625 0.015625 0.0375
1 0.505078125 0.48680555555555555 0.01171875 0.02361111111111111
1 0.67421875 0.47708333333333336 0.009375 0.020833333333333332
1 0.55703125 0.4722222222222222 0.0078125 0.019444444444444445
1 0.52421875 0.4597222222222222 0.0078125 0.013888888888888888
1 0.590234375 0.45694444444444443 0.00703125 0.013888888888888888
1 0.548046875 0.4652777777777778 0.00703125 0.013888888888888888
