1 0.39817708333333335 0.35648148148148145 0.013020833333333334 0.016666666666666666
2 0.3846354166666667 0.35648148148148145 0.0140625 0.018518518518518517
2 0.19921875 0.513425925925926 0.0390625 0.08981481481481482
2 0.6622395833333333 0.44583333333333336 0.0234375 0.06574074074074074
2 0.32083333333333336 0.36064814814814816 0.009375 0.023148148148148147
2 0.4596354166666667 0.35185185185185186 0.009895833333333333 0.022222222222222223
2 0.4940104166666667 0.33240740740740743 0.0067708333333333336 0.016666666666666666
2 0.6143229166666667 0.3578703703703704 0.0109375 0.025
2 0.1140625 0.40879629629629627 0.010416666666666666 0.028703703703703703
2 0.5151041666666667 0.3226851851851852 0.005208333333333333 0.012037037037037037
