1 0.14306640625 0.5628255208333334 0.0390625 0.072265625
1 0.771728515625 0.6728515625 0.05712890625 0.111328125
1 0.532958984375 0.4606119791666667 0.01904296875 0.031901041666666664
1 0.33740234375 0.4378255208333333 0.0107421875 0.021484375
1 0.27490234375 0.4762369791666667 0.0224609375 0.041015625
1 0.496337890625 0.431640625 0.01123046875 0.022135416666666668
1 0.476318359375 0.4153645833333333 0.00830078125 0.015625
1 0.242919921875 0.4615885416666667 0.01611328125 0.029947916666666668
1 0.359375 0.4231770833333333 0.009765625 0.01953125
1 0.37890625 0.4091796875 0.0068359375 0.012369791666666666
1 0.2060546875 0.4365234375 0.01171875 0.020182291666666668
1 0.301513671875 0.41796875 0.00927734375 0.015625
1 0.367431640625 0.400390625 0.00537109375 0.009114583333333334
1 0.4697265625 0.4078776041666667 0.0068359375 0.012369791666666666
1 0.3876953125 0.4055989583333333 0.005859375 0.01171875
1 0.230712890625 0.4078776041666667 0.00634765625 0.012369791666666666
1 0.46337890625 0.4010416666666667 0.0048828125 0.010416666666666666
1 0.142578125 0.4052734375 0.0068359375 0.012369791666666666
1 0.4560546875 0.3968098958333333 0.0048828125 0.009765625
1 0.135009765625 0.4173177083333333 0.00830078125 0.013020833333333334
1 0.1171875 0.4029947916666667 0.005859375 0.009114583333333334
1 0.102783203125 0.4111328125 0.00830078125 0.012369791666666666
1 0.4541015625 0.3951822916666667 0.0048828125 0.009114583333333334
1 0.1865234375 0.3968098958333333 0.0048828125 0.007161458333333333
1 0.203125 0.3977864583333333 0.0048828125 0.006510416666666667
1 0.220458984375 0.400390625 0.00537109375 0.009114583333333334
1 0.398681640625 0.3961588541666667 0.00537109375 0.008463541666666666
