1 0.42125 0.4765625 0.0425 0.071875
1 0.500625 0.471875 0.04125 0.06875
0 0.078125 0.8203125 0.07125 0.240625
0 0.175625 0.5484375 0.04875 0.134375
0 0.21875 0.415625 0.0275 0.08125
0 0.509375 0.3765625 0.01375 0.065625
1 0.52125 0.278125 0.0175 0.0625
1 0.486875 0.375 0.02375 0.05
0 0.468125 0.271875 0.01375 0.05
1 0.435625 0.2671875 0.01375 0.046875
1 0.07375 0.4171875 0.025 0.065625
1 0.104375 0.375 0.01875 0.05
0 0.546875 0.1734375 0.01875 0.078125
1 0.014375 0.484375 0.02625 0.0875
0 0.224375 0.3765625 0.01625 0.059375
1 0.47 0.359375 0.015 0.05625
0 0.409375 0.4125 0.02125 0.05625
0 0.213125 0.3546875 0.01375 0.046875
2 0.793125 0.3546875 0.02375 0.115625
1 0.40875 0.4421875 0.0375 0.059375
1 0.150625 0.3140625 0.01125 0.034375
1 0.120625 0.3265625 0.01125 0.034375
0 0.23125 0.309375 0.0075 0.03125
0 0.2225 0.3359375 0.01 0.040625
0 0.23875 0.29375 0.0075 0.025
0 0.20625 0.325 0.01 0.0375
1 0.09 0.353125 0.01 0.04375
0 0.261875 0.303125 0.00875 0.03125
1 0.106875 0.334375 0.00875 0.03125
1 0.170625 0.3078125 0.00875 0.028125
1 0.07125 0.3140625 0.0075 0.021875
0 0.4575 0.3390625 0.0125 0.040625
1 0.084375 0.3546875 0.01125 0.040625
1 0.0925 0.3125 0.0075 0.03125
