1 0.284765625 0.6534722222222222 0.04765625 0.10694444444444444
1 0.294921875 0.5645833333333333 0.02578125 0.05416666666666667
1 0.522265625 0.5041666666666667 0.01484375 0.03333333333333333
1 0.234765625 0.5555555555555556 0.01484375 0.041666666666666664
1 0.7484375 0.5229166666666667 0.025 0.06527777777777778
1 0.023046875 0.59375 0.01484375 0.043055555555555555
1 0.151953125 0.5729166666666666 0.01796875 0.04583333333333333
1 0.412890625 0.50625 0.00859375 0.02638888888888889
1 0.083203125 0.5465277777777777 0.00859375 0.018055555555555554
1 0.228125 0.5201388888888889 0.0078125 0.018055555555555554
