1 0.518125 0.504222972972973 0.03875 0.06925675675675676
1 0.35125 0.4535472972972973 0.025 0.04560810810810811
0 0.02875 0.47466216216216217 0.0275 0.0472972972972973
0 0.125 0.44003378378378377 0.0175 0.03547297297297297
1 0.368125 0.43158783783783783 0.01625 0.028716216216216218
0 0.1375 0.39864864864864863 0.0125 0.02027027027027027
0 0.18625 0.4206081081081081 0.0075 0.02364864864864865
0 0.215625 0.4079391891891892 0.00875 0.018581081081081082
0 0.211875 0.38513513513513514 0.01125 0.016891891891891893
1 0.278125 0.3935810810810811 0.01125 0.02027027027027027
1 0.370625 0.40371621621621623 0.01375 0.02364864864864865
0 0.193125 0.4197635135135135 0.01125 0.028716216216216218
2 0.699375 0.38682432432432434 0.01375 0.013513513513513514
