1 0.35888671875 0.5149739583333334 0.0322265625 0.055989583333333336
1 0.77099609375 0.462890625 0.0185546875 0.029947916666666668
1 0.80419921875 0.5231119791666666 0.0263671875 0.052734375
1 0.774658203125 0.4853515625 0.01904296875 0.041015625
1 0.626708984375 0.4339192708333333 0.01318359375 0.021484375
1 0.591796875 0.4436848958333333 0.0126953125 0.025390625
1 0.6474609375 0.4248046875 0.009765625 0.017578125
1 0.672607421875 0.41796875 0.00732421875 0.013020833333333334
1 0.904541015625 0.4443359375 0.01123046875 0.021484375
1 0.70361328125 0.4075520833333333 0.0048828125 0.010416666666666666
1 0.71240234375 0.4059244791666667 0.0048828125 0.009765625
1 0.76806640625 0.427734375 0.0087890625 0.015625
1 0.693359375 0.4104817708333333 0.0048828125 0.011067708333333334
1 0.79296875 0.408203125 0.0048828125 0.0078125
