1 0.237109375 0.4173611111111111 0.03359375 0.08194444444444444
1 0.33515625 0.3597222222222222 0.0234375 0.05555555555555555
1 0.384765625 0.3173611111111111 0.01640625 0.0375
1 0.50859375 0.29791666666666666 0.009375 0.02638888888888889
1 0.601171875 0.37916666666666665 0.01796875 0.04722222222222222
1 0.31171875 0.26805555555555555 0.0078125 0.027777777777777776
1 0.572265625 0.3298611111111111 0.01015625 0.03194444444444444
1 0.90859375 0.9395833333333333 0.0859375 0.11805555555555555
1 0.457421875 0.2798611111111111 0.00859375 0.02361111111111111
1 0.3859375 0.2611111111111111 0.0078125 0.022222222222222223
1 0.379296875 0.2916666666666667 0.01015625 0.027777777777777776
1 0.22265625 0.2520833333333333 0.0078125 0.020833333333333332
