1 0.55322265625 0.4427083333333333 0.013671875 0.026041666666666668
1 0.5849609375 0.4749348958333333 0.01953125 0.039713541666666664
1 0.81689453125 0.7262369791666666 0.072265625 0.134765625
0 0.28662109375 0.5029296875 0.0244140625 0.042317708333333336
0 0.39111328125 0.4449869791666667 0.01171875 0.021484375
0 0.42578125 0.4251302083333333 0.0068359375 0.014322916666666666
0 0.439697265625 0.4186197916666667 0.00537109375 0.01171875
1 0.53271484375 0.423828125 0.0078125 0.016927083333333332
1 0.5283203125 0.4156901041666667 0.0048828125 0.012369791666666666
1 0.5224609375 0.412109375 0.0048828125 0.009114583333333334
0 0.451416015625 0.4134114583333333 0.00537109375 0.010416666666666666
