1 0.190234375 0.5916666666666667 0.03828125 0.07777777777777778
1 0.80859375 0.65625 0.0453125 0.12083333333333333
1 0.504296875 0.4201388888888889 0.01328125 0.029166666666666667
1 0.7109375 0.43333333333333335 0.0109375 0.027777777777777776
1 0.57890625 0.38680555555555557 0.0078125 0.020833333333333332
0 0.344921875 0.41805555555555557 0.01015625 0.022222222222222223
0 0.3265625 0.3902777777777778 0.0078125 0.016666666666666666
1 0.7015625 0.40208333333333335 0.0078125 0.018055555555555554
0 0.423828125 0.4215277777777778 0.01484375 0.02361111111111111
0 0.406640625 0.39305555555555555 0.00703125 0.016666666666666666
