1 0.74625 0.55 0.055 0.18125
1 0.345 0.465625 0.0375 0.11875
0 0.646875 0.384375 0.02625 0.10625
1 0.400625 0.3640625 0.02125 0.078125
2 0.78375 0.2515625 0.025 0.034375
0 0.659375 0.3125 0.01625 0.06875
1 0.101875 0.9015625 0.10375 0.196875
1 0.22375 0.3265625 0.0275 0.059375
0 0.296875 0.3859375 0.03375 0.078125
1 0.934375 0.378125 0.04875 0.0875
1 0.873125 0.2421875 0.03625 0.059375
1 0.673125 0.2359375 0.01125 0.046875
1 0.645 0.265625 0.015 0.05625
2 0.450625 0.2203125 0.01375 0.053125
1 0.508125 0.2015625 0.01125 0.053125
1 0.538125 0.1953125 0.01125 0.053125
0 0.468125 0.2953125 0.01375 0.053125
0 0.546875 0.2484375 0.01125 0.046875
0 0.484375 0.2109375 0.01375 0.046875
1 0.389375 0.309375 0.01875 0.06875
1 0.71875 0.2390625 0.0225 0.034375
1 0.6325 0.196875 0.0075 0.03125
