0 0.073046875 0.60625 0.02421875 0.07083333333333333
1 0.69765625 0.45416666666666666 0.015625 0.05
0 0.408203125 0.46458333333333335 0.01484375 0.04027777777777778
1 0.871484375 0.5770833333333333 0.03359375 0.10416666666666667
1 0.425390625 0.4652777777777778 0.01640625 0.041666666666666664
1 0.50234375 0.4166666666666667 0.009375 0.027777777777777776
1 0.70703125 0.4125 0.0078125 0.027777777777777776
1 0.78515625 0.3993055555555556 0.0078125 0.02361111111111111
1 0.5984375 0.3958333333333333 0.0078125 0.022222222222222223
1 0.6890625 0.3875 0.0078125 0.019444444444444445
1 0.86328125 0.3951388888888889 0.009375 0.02361111111111111
1 0.937109375 0.3958333333333333 0.00859375 0.022222222222222223
