1 0.765625 0.4171875 0.03375 0.096875
0 0.61125 0.353125 0.0175 0.05625
0 0.520625 0.29375 0.00875 0.0375
0 0.490625 0.3296875 0.01125 0.046875
1 0.601875 0.309375 0.01125 0.04375
0 0.4075 0.325 0.0125 0.04375
1 0.11 0.4296875 0.0275 0.071875
0 0.14125 0.3765625 0.02 0.053125
0 0.19125 0.3484375 0.015 0.046875
1 0.124375 0.346875 0.01625 0.0375
0 0.563125 0.2984375 0.00875 0.040625
1 0.356875 0.315625 0.00875 0.0375
0 0.97875 0.559375 0.0375 0.1375
1 0.483125 0.2875 0.00875 0.03125
1 0.320625 0.30625 0.01375 0.025
1 0.37625 0.3078125 0.01 0.034375
1 0.15875 0.3109375 0.0075 0.028125
0 0.140625 0.3359375 0.01125 0.034375
0 0.083125 0.34375 0.01125 0.03125
1 0.22375 0.30625 0.0075 0.03125
1 0.33125 0.3109375 0.01 0.034375
