1 0.969482421875 0.7594401041666666 0.05810546875 0.150390625
0 0.437255859375 0.4365234375 0.01220703125 0.020182291666666668
1 0.600830078125 0.4622395833333333 0.01708984375 0.03125
0 0.346923828125 0.4772135416666667 0.02490234375 0.04296875
1 0.599609375 0.4283854166666667 0.01171875 0.0234375
1 0.56396484375 0.4156901041666667 0.005859375 0.011067708333333334
0 0.47705078125 0.4205729166666667 0.005859375 0.013020833333333334
0 0.4716796875 0.4124348958333333 0.0048828125 0.009765625
0 0.47705078125 0.4095052083333333 0.0048828125 0.009114583333333334
1 0.53564453125 0.4075520833333333 0.0048828125 0.009114583333333334
0 0.46728515625 0.4055989583333333 0.0048828125 0.0078125
1 0.52197265625 0.4039713541666667 0.0048828125 0.007161458333333333
