1 0.705 0.44256756756756754 0.03 0.05067567567567568
0 0.146875 0.5472972972972973 0.06125 0.0945945945945946
0 0.30125 0.4552364864864865 0.025 0.05574324324324324
0 0.3625 0.41385135135135137 0.0175 0.037162162162162164
1 0.645 0.41131756756756754 0.02 0.03885135135135135
1 0.603125 0.39780405405405406 0.01375 0.02533783783783784
1 0.85875 0.5177364864864865 0.0425 0.07939189189189189
1 0.5775 0.3910472972972973 0.01 0.02195945945945946
1 0.56375 0.3859797297297297 0.0075 0.018581081081081082
0 0.404375 0.39864864864864863 0.01125 0.02702702702702703
0 0.4225 0.3935810810810811 0.0075 0.02364864864864865
0 0.4375 0.3876689189189189 0.0075 0.015202702702702704
1 0.545 0.38344594594594594 0.0075 0.013513513513513514
