2 0.19921875 0.6181640625 0.0751953125 0.17122395833333334
0 0.318115234375 0.53125 0.03955078125 0.06510416666666667
2 0.8505859375 0.626953125 0.0908203125 0.16796875
1 0.689208984375 0.5133463541666666 0.03564453125 0.057942708333333336
0 0.38916015625 0.4612630208333333 0.01953125 0.037109375
1 0.60888671875 0.4632161458333333 0.0166015625 0.035807291666666664
1 0.559326171875 0.4264322916666667 0.00927734375 0.01953125
1 0.543701171875 0.4137369791666667 0.00732421875 0.014973958333333334
0 0.427490234375 0.4244791666666667 0.01123046875 0.020833333333333332
2 0.045654296875 0.841796875 0.09130859375 0.25
1 0.533203125 0.4072265625 0.0068359375 0.013671875
0 0.451171875 0.4013671875 0.005859375 0.011067708333333334
0 0.44091796875 0.4111328125 0.0087890625 0.014973958333333334
0 0.44580078125 0.4075520833333333 0.0048828125 0.014322916666666666
0 0.4580078125 0.3968098958333333 0.0048828125 0.008463541666666666
1 0.52490234375 0.4013671875 0.0048828125 0.012369791666666666
1 0.51708984375 0.3929036458333333 0.005859375 0.009765625
