1 0.673125 0.4828125 0.03875 0.121875
0 0.406875 0.4359375 0.03375 0.103125
1 0.480625 0.3140625 0.02125 0.059375
0 0.653125 0.35 0.02125 0.06875
1 0.715 0.3125 0.0175 0.05625
1 0.554375 0.2828125 0.01125 0.040625
1 0.96625 0.3375 0.0175 0.05625
1 0.100625 0.3640625 0.02625 0.071875
0 0.829375 0.3109375 0.01625 0.040625
0 0.631875 0.2828125 0.01625 0.046875
1 0.329375 0.2734375 0.01125 0.046875
0 0.468125 0.265625 0.01125 0.0375
0 0.360625 0.2609375 0.01125 0.034375
1 0.733125 0.2765625 0.01125 0.040625
1 0.755 0.259375 0.01 0.03125
0 0.405 0.24375 0.0125 0.03125
