2 0.6911458333333333 0.3837962962962963 0.013541666666666667 0.032407407407407406
2 0.7223958333333333 0.36898148148148147 0.011458333333333333 0.025
2 0.4984375 0.3490740740740741 0.011458333333333333 0.027777777777777776
2 0.8390625 0.6 0.04583333333333333 0.10925925925925926
2 0.23098958333333333 0.5263888888888889 0.044270833333333336 0.09537037037037037
2 0.81015625 0.37592592592592594 0.009895833333333333 0.022222222222222223
2 0.65 0.33611111111111114 0.00625 0.016666666666666666
2 0.5625 0.3314814814814815 0.008333333333333333 0.020370370370370372
2 0.7536458333333333 0.350462962962963 0.00625 0.013888888888888888
2 0.9166666666666666 0.3814814814814815 0.005208333333333333 0.012962962962962963
