1 0.2734375 0.505859375 0.0234375 0.046875
1 0.194091796875 0.5748697916666666 0.04833984375 0.0703125
1 0.602783203125 0.470703125 0.01806640625 0.036458333333333336
1 0.299560546875 0.4453125 0.01416015625 0.0234375
1 0.56103515625 0.4446614583333333 0.013671875 0.026041666666666668
1 0.260009765625 0.4348958333333333 0.01220703125 0.01953125
1 0.471435546875 0.4290364583333333 0.01025390625 0.018229166666666668
1 0.3603515625 0.419921875 0.009765625 0.014322916666666666
1 0.292236328125 0.4176432291666667 0.00732421875 0.012369791666666666
1 0.238037109375 0.4166666666666667 0.00732421875 0.01171875
1 0.197509765625 0.4303385416666667 0.00927734375 0.016927083333333332
1 0.036865234375 0.4235026041666667 0.00927734375 0.013671875
1 0.11669921875 0.4342447916666667 0.0107421875 0.015625
1 0.06787109375 0.44921875 0.015625 0.0234375
1 0.014892578125 0.439453125 0.01806640625 0.022135416666666668
1 0.1376953125 0.4189453125 0.0087890625 0.014973958333333334
