0 0.785546875 0.54375 0.02109375 0.07083333333333333
0 0.2953125 0.5805555555555556 0.0328125 0.08055555555555556
0 0.671875 0.4756944444444444 0.0125 0.0375
0 0.62265625 0.45 0.0078125 0.025
0 0.375 0.4840277777777778 0.009375 0.034722222222222224
0 0.395703125 0.4527777777777778 0.00859375 0.022222222222222223
2 0.54609375 0.4097222222222222 0.009375 0.030555555555555555
0 0.61796875 0.4326388888888889 0.0078125 0.02361111111111111
0 0.63359375 0.42083333333333334 0.0078125 0.019444444444444445
0 0.64765625 0.4125 0.0078125 0.013888888888888888
0 0.56953125 0.41388888888888886 0.0078125 0.016666666666666666
2 0.52265625 0.4131944444444444 0.009375 0.02361111111111111
