0 0.2294921875 0.6116536458333334 0.0556640625 0.091796875
1 0.8701171875 0.5953776041666666 0.046875 0.083984375
1 0.64892578125 0.4567057291666667 0.0146484375 0.027994791666666668
1 0.623291015625 0.4361979166666667 0.01123046875 0.01953125
0 0.402587890625 0.4443359375 0.01123046875 0.024088541666666668
1 0.634033203125 0.4251302083333333 0.00830078125 0.016927083333333332
0 0.435791015625 0.4274088541666667 0.00830078125 0.017578125
0 0.503173828125 0.4166666666666667 0.00537109375 0.013020833333333334
1 0.65771484375 0.4156901041666667 0.0048828125 0.014973958333333334
0 0.5703125 0.40625 0.0068359375 0.010416666666666666
1 0.674560546875 0.4095052083333333 0.00634765625 0.013020833333333334
1 0.734130859375 0.4029947916666667 0.00537109375 0.009114583333333334
1 0.704345703125 0.4052734375 0.00732421875 0.011067708333333334
0 0.62353515625 0.3997395833333333 0.0048828125 0.009114583333333334
0 0.684326171875 0.3977864583333333 0.00537109375 0.0078125
