1 0.724609375 0.5908203125 0.0380859375 0.06966145833333333
0 0.340087890625 0.5751953125 0.03662109375 0.060546875
1 0.64599609375 0.5032552083333334 0.017578125 0.03515625
0 0.429931640625 0.5026041666666666 0.01806640625 0.032552083333333336
1 0.611328125 0.4720052083333333 0.01171875 0.020833333333333332
1 0.62109375 0.4527994791666667 0.0068359375 0.013671875
1 0.60595703125 0.4576822916666667 0.0078125 0.015625
0 0.472900390625 0.4684244791666667 0.00830078125 0.016276041666666668
0 0.479736328125 0.4567057291666667 0.00732421875 0.014973958333333334
0 0.49658203125 0.4508463541666667 0.005859375 0.009765625
0 0.51611328125 0.4485677083333333 0.0048828125 0.010416666666666666
