2 0.28229166666666666 0.6578703703703703 0.059375 0.14351851851851852
2 0.16119791666666666 0.4324074074074074 0.018229166666666668 0.03888888888888889
2 0.36666666666666664 0.48148148148148145 0.030208333333333334 0.07407407407407407
2 0.2890625 0.4203703703703704 0.022916666666666665 0.044444444444444446
2 0.22005208333333334 0.36898148148148147 0.0078125 0.023148148148148147
2 0.7955729166666666 0.4046296296296296 0.021354166666666667 0.04259259259259259
2 0.3966145833333333 0.3453703703703704 0.0109375 0.027777777777777776
2 0.115625 0.3958333333333333 0.009375 0.023148148148148147
2 0.59140625 0.3486111111111111 0.013020833333333334 0.030555555555555555
2 0.01953125 0.43148148148148147 0.011979166666666667 0.025925925925925925
