1 0.330078125 0.5243055555555556 0.01171875 0.03194444444444444
1 0.546875 0.48819444444444443 0.0109375 0.029166666666666667
1 0.4375 0.4840277777777778 0.0078125 0.020833333333333332
1 0.4828125 0.46805555555555556 0.0078125 0.016666666666666666
1 0.5078125 0.45902777777777776 0.0078125 0.015277777777777777
1 0.56484375 0.4479166666666667 0.0078125 0.0125
1 0.5875 0.44166666666666665 0.0078125 0.013888888888888888
1 0.659375 0.4409722222222222 0.0078125 0.020833333333333332
1 0.5734375 0.4527777777777778 0.0078125 0.019444444444444445
1 0.646875 0.4361111111111111 0.0078125 0.013888888888888888
