1 0.153515625 0.5722222222222222 0.05390625 0.1388888888888889
1 0.959765625 0.6951388888888889 0.04296875 0.11805555555555555
0 0.121875 0.5465277777777777 0.0421875 0.12916666666666668
1 0.448828125 0.34791666666666665 0.01484375 0.043055555555555555
0 0.43359375 0.34375 0.0140625 0.04027777777777778
0 0.262109375 0.31805555555555554 0.01171875 0.03333333333333333
1 0.698046875 0.40555555555555556 0.01484375 0.03888888888888889
1 0.640234375 0.34444444444444444 0.00859375 0.025
0 0.494140625 0.30486111111111114 0.00859375 0.02638888888888889
1 0.5046875 0.3076388888888889 0.0078125 0.02638888888888889
0 0.384375 0.28958333333333336 0.0078125 0.02361111111111111
1 0.52578125 0.2986111111111111 0.0078125 0.016666666666666666
0 0.4390625 0.2798611111111111 0.0078125 0.015277777777777777
