2 0.8200520833333333 0.4777777777777778 0.019270833333333334 0.05
2 0.63046875 0.3819444444444444 0.011979166666666667 0.030555555555555555
2 0.3731770833333333 0.45 0.028645833333333332 0.07407407407407407
2 0.5005208333333333 0.4009259259259259 0.01875 0.044444444444444446
2 0.6572916666666667 0.3685185185185185 0.008333333333333333 0.024074074074074074
2 0.77265625 0.3958333333333333 0.0078125 0.025
2 0.09947916666666666 0.41944444444444445 0.022916666666666665 0.053703703703703705
2 0.7809895833333333 0.4203703703703704 0.0109375 0.027777777777777776
2 0.76796875 0.38101851851851853 0.005729166666666666 0.013888888888888888
2 0.7567708333333333 0.3699074074074074 0.005208333333333333 0.010185185185185186
2 0.6703125 0.36064814814814816 0.005208333333333333 0.013888888888888888
