1 0.213125 0.60625 0.07125 0.20625
0 0.661875 0.46875 0.04125 0.1375
1 0.65 0.3109375 0.015 0.065625
0 0.93625 0.2265625 0.1 0.309375
0 0.651875 0.3828125 0.02625 0.096875
1 0.318125 0.378125 0.02875 0.09375
1 0.3625 0.31875 0.0225 0.075
1 0.78625 0.9140625 0.11 0.171875
1 0.410625 0.278125 0.01375 0.05
0 0.43 0.25 0.0125 0.04375
0 0.508125 0.228125 0.00875 0.03125
1 0.69625 0.2796875 0.015 0.071875
1 0.5825 0.2625 0.0125 0.0625
2 0.539375 0.2359375 0.01125 0.040625
0 0.4875 0.2140625 0.0075 0.028125
0 0.211875 0.171875 0.02375 0.0875
1 0.414375 0.228125 0.00875 0.03125
2 0.471875 0.2125 0.00875 0.03125
