2 0.7458333333333333 0.5148148148148148 0.034375 0.08518518518518518
2 0.15807291666666667 0.48518518518518516 0.03697916666666667 0.07222222222222222
2 0.6119791666666666 0.3527777777777778 0.013541666666666667 0.03333333333333333
2 0.6356770833333333 0.33935185185185185 0.009895833333333333 0.021296296296296296
2 0.34453125 0.35462962962962963 0.013020833333333334 0.03148148148148148
2 0.8033854166666666 0.37962962962962965 0.0140625 0.04259259259259259
2 0.66015625 0.3560185185185185 0.013020833333333334 0.04537037037037037
2 0.14869791666666668 0.3537037037037037 0.008854166666666666 0.024074074074074074
2 0.2265625 0.3375 0.007291666666666667 0.019444444444444445
2 0.3067708333333333 0.3300925925925926 0.011458333333333333 0.025
2 0.5229166666666667 0.32407407407407407 0.008333333333333333 0.020370370370370372
2 0.7440104166666667 0.35185185185185186 0.0078125 0.024074074074074074
2 0.6697916666666667 0.31527777777777777 0.005208333333333333 0.01574074074074074
2 0.3502604166666667 0.33564814814814814 0.011979166666666667 0.028703703703703703
2 0.40078125 0.3143518518518518 0.0067708333333333336 0.017592592592592594
2 0.3671875 0.29814814814814816 0.005208333333333333 0.009259259259259259
2 0.6140625 0.3101851851851852 0.005208333333333333 0.012962962962962963
2 0.5588541666666667 0.3060185185185185 0.005208333333333333 0.010185185185185186
2 0.6609375 0.3087962962962963 0.005208333333333333 0.010185185185185186
2 0.2578125 0.3111111111111111 0.005208333333333333 0.009259259259259259
2 0.7078125 0.31712962962962965 0.005208333333333333 0.010185185185185186
2 0.17916666666666667 0.33240740740740743 0.007291666666666667 0.014814814814814815
2 0.29244791666666664 0.31805555555555554 0.0067708333333333336 0.01574074074074074
2 0.05026041666666667 0.36157407407407405 0.008854166666666666 0.019444444444444445
2 0.8466145833333333 0.3449074074074074 0.0067708333333333336 0.012037037037037037
