0 0.22998046875 0.5602213541666666 0.0419921875 0.06575520833333333
1 0.754638671875 0.5784505208333334 0.04248046875 0.07486979166666667
1 0.619140625 0.4820963541666667 0.01953125 0.039713541666666664
1 0.682861328125 0.4606119791666667 0.01416015625 0.030598958333333332
0 0.382080078125 0.4716796875 0.01806640625 0.035807291666666664
1 0.7783203125 0.4977213541666667 0.0205078125 0.041015625
1 0.5771484375 0.4501953125 0.0126953125 0.025390625
1 0.635986328125 0.4466145833333333 0.01123046875 0.024739583333333332
0 0.421630859375 0.44921875 0.00927734375 0.020833333333333332
0 0.751953125 0.44921875 0.01171875 0.022135416666666668
0 0.838623046875 0.4658203125 0.01220703125 0.024088541666666668
0 0.69580078125 0.439453125 0.0068359375 0.015625
1 0.6015625 0.4375 0.0087890625 0.01953125
1 0.521484375 0.4332682291666667 0.0068359375 0.016276041666666668
1 0.547119140625 0.4381510416666667 0.00927734375 0.018229166666666668
0 0.30078125 0.435546875 0.0087890625 0.014322916666666666
0 0.344970703125 0.4358723958333333 0.00732421875 0.013671875
0 0.407470703125 0.4358723958333333 0.00830078125 0.014973958333333334
1 0.335205078125 0.4306640625 0.00830078125 0.013671875
0 0.427978515625 0.4397786458333333 0.00732421875 0.016276041666666668
1 0.42041015625 0.4296875 0.005859375 0.01171875
1 0.47216796875 0.4303385416666667 0.005859375 0.013020833333333334
1 0.580078125 0.4306640625 0.0068359375 0.014973958333333334
1 0.240966796875 0.4326171875 0.00732421875 0.016276041666666668
1 0.157470703125 0.4368489583333333 0.00732421875 0.013020833333333334
0 0.1923828125 0.4388020833333333 0.0078125 0.014322916666666666
1 0.563720703125 0.4264322916666667 0.00634765625 0.01171875
0 0.65625 0.4319661458333333 0.0048828125 0.011067708333333334
0 0.62939453125 0.4244791666666667 0.0048828125 0.010416666666666666
0 0.608154296875 0.4208984375 0.00537109375 0.008463541666666666
1 0.55078125 0.4215494791666667 0.0048828125 0.009765625
1 0.5390625 0.4182942708333333 0.0048828125 0.008463541666666666
1 0.59765625 0.4192708333333333 0.0048828125 0.006510416666666667
0 0.5888671875 0.4176432291666667 0.0048828125 0.009765625
0 0.020263671875 0.4469401041666667 0.00634765625 0.012369791666666666
0 0.09716796875 0.443359375 0.0068359375 0.01171875
1 0.0625 0.4410807291666667 0.0068359375 0.012369791666666666
0 0.580078125 0.4147135416666667 0.0048828125 0.006510416666666667
1 0.533203125 0.4153645833333333 0.0048828125 0.009114583333333334
