2 0.4153645833333333 0.412962962962963 0.021354166666666667 0.04814814814814815
2 0.43723958333333335 0.3574074074074074 0.011979166666666667 0.03148148148148148
2 0.6635416666666667 0.4134259259259259 0.017708333333333333 0.04537037037037037
2 0.8557291666666667 0.6101851851851852 0.041666666666666664 0.10740740740740741
2 0.6052083333333333 0.36018518518518516 0.010416666666666666 0.027777777777777776
2 0.56796875 0.33611111111111114 0.0067708333333333336 0.018518518518518517
2 0.5388020833333333 0.32407407407407407 0.005729166666666666 0.016666666666666666
2 0.44453125 0.33287037037037037 0.0067708333333333336 0.017592592592592594
2 0.29453125 0.6541666666666667 0.03802083333333333 0.1398148148148148
2 0.41901041666666666 0.32175925925925924 0.0067708333333333336 0.017592592592592594
2 0.38567708333333334 0.3212962962962963 0.0067708333333333336 0.016666666666666666
2 0.34348958333333335 0.32037037037037036 0.005729166666666666 0.016666666666666666
