1 0.375625 0.3625 0.02875 0.0875
2 0.211875 0.5921875 0.07625 0.196875
0 0.703125 0.5671875 0.05625 0.171875
0 0.68 0.4125 0.03 0.10625
1 0.429375 0.2890625 0.01625 0.065625
0 0.516875 0.2578125 0.01125 0.046875
1 0.32125 0.3078125 0.02 0.071875
0 0.839375 0.178125 0.02125 0.08125
1 0.57125 0.2328125 0.0125 0.040625
1 0.680625 0.31875 0.02375 0.075
1 0.670625 0.2921875 0.01875 0.071875
0 0.4925 0.2625 0.015 0.05
1 0.545 0.246875 0.0125 0.05
1 0.644375 0.265625 0.01375 0.05625
0 0.63375 0.25 0.0125 0.05
1 0.613125 0.2375 0.01125 0.05
0 0.5225 0.1671875 0.0125 0.046875
