0 0.31982421875 0.5276692708333334 0.0322265625 0.057942708333333336
1 0.712890625 0.5211588541666666 0.0341796875 0.052734375
0 0.4052734375 0.4720052083333333 0.0185546875 0.033854166666666664
0 0.4443359375 0.4453125 0.0126953125 0.022135416666666668
1 0.63720703125 0.470703125 0.017578125 0.032552083333333336
1 0.60205078125 0.4485677083333333 0.0126953125 0.022135416666666668
1 0.57763671875 0.43359375 0.009765625 0.018229166666666668
1 0.552734375 0.4186197916666667 0.0068359375 0.013020833333333334
0 0.458984375 0.4342447916666667 0.0107421875 0.018229166666666668
1 0.565185546875 0.42578125 0.00732421875 0.013020833333333334
0 0.46826171875 0.4270833333333333 0.0078125 0.014322916666666666
1 0.54541015625 0.4156901041666667 0.0048828125 0.008463541666666666
0 0.484375 0.4173177083333333 0.0048828125 0.009114583333333334
0 0.478515625 0.4215494791666667 0.0048828125 0.008463541666666666
1 0.5400390625 0.4104817708333333 0.0048828125 0.011067708333333334
