1 0.221875 0.6472222222222223 0.0390625 0.09722222222222222
1 0.869140625 0.6638888888888889 0.04296875 0.10833333333333334
1 0.770703125 0.5361111111111111 0.02109375 0.05555555555555555
1 0.78046875 0.48333333333333334 0.0125 0.03611111111111111
1 0.578515625 0.45555555555555555 0.01328125 0.03333333333333333
1 0.445703125 0.49236111111111114 0.01484375 0.043055555555555555
1 0.84921875 0.4597222222222222 0.009375 0.025
1 0.733203125 0.4388888888888889 0.00859375 0.019444444444444445
1 0.931640625 0.4576388888888889 0.01015625 0.02638888888888889
1 0.959375 0.4486111111111111 0.0078125 0.016666666666666666
