0 0.228515625 0.5725911458333334 0.041015625 0.06966145833333333
1 0.46826171875 0.4596354166666667 0.0166015625 0.032552083333333336
0 0.165283203125 0.5130208333333334 0.02001953125 0.045572916666666664
1 0.81103515625 0.5491536458333334 0.0400390625 0.07356770833333333
1 0.60546875 0.4768880208333333 0.025390625 0.046223958333333336
1 0.282958984375 0.4537760416666667 0.01611328125 0.029947916666666668
0 0.074951171875 0.5009765625 0.03173828125 0.042317708333333336
1 0.147705078125 0.4514973958333333 0.01220703125 0.021484375
1 0.859619140625 0.4475911458333333 0.01806640625 0.027994791666666668
1 0.797607421875 0.4231770833333333 0.01123046875 0.020833333333333332
1 0.761474609375 0.4098307291666667 0.00830078125 0.016276041666666668
1 0.743896484375 0.4016927083333333 0.00634765625 0.013020833333333334
1 0.730712890625 0.3955078125 0.00634765625 0.012369791666666666
0 0.885009765625 0.4150390625 0.00927734375 0.017578125
0 0.847900390625 0.4072265625 0.00830078125 0.014973958333333334
0 0.055419921875 0.4524739583333333 0.01123046875 0.01953125
0 0.931884765625 0.4264322916666667 0.01123046875 0.018229166666666668
0 0.823974609375 0.4013671875 0.00634765625 0.012369791666666666
0 0.8046875 0.3971354166666667 0.005859375 0.010416666666666666
1 0.72216796875 0.3902994791666667 0.0048828125 0.011067708333333334
0 0.787109375 0.3919270833333333 0.0048828125 0.010416666666666666
1 0.716796875 0.3870442708333333 0.0048828125 0.009765625
1 0.99072265625 0.5009765625 0.0166015625 0.051432291666666664
0 0.7529296875 0.384765625 0.0048828125 0.006510416666666667
0 0.76318359375 0.3863932291666667 0.0048828125 0.007161458333333333
0 0.77294921875 0.3883463541666667 0.0048828125 0.008463541666666666
0 0.74560546875 0.384765625 0.0048828125 0.006510416666666667
