2 0.143798828125 0.4371744791666667 0.01025390625 0.017578125
2 0.135986328125 0.421875 0.01025390625 0.020833333333333332
2 0.117431640625 0.4241536458333333 0.01123046875 0.022786458333333332
2 0.206298828125 0.4225260416666667 0.01025390625 0.024739583333333332
2 0.046875 0.4381510416666667 0.0107421875 0.016927083333333332
2 0.21923828125 0.4208984375 0.009765625 0.021484375
2 0.035888671875 0.4583333333333333 0.01416015625 0.022135416666666668
1 0.18359375 0.4202473958333333 0.005859375 0.011067708333333334
1 0.22802734375 0.4156901041666667 0.005859375 0.011067708333333334
0 0.260498046875 0.4195963541666667 0.00537109375 0.009765625
0 0.26806640625 0.4108072916666667 0.0048828125 0.009114583333333334
