0 0.646875 0.5234375 0.04625 0.153125
1 0.070625 0.8578125 0.09625 0.246875
0 0.585 0.3453125 0.0225 0.078125
0 0.564375 0.2921875 0.01625 0.053125
0 0.543125 0.265625 0.01375 0.04375
1 0.423125 0.346875 0.02375 0.08125
1 0.458125 0.2875 0.01875 0.06875
0 0.5125 0.24375 0.01 0.0375
0 0.475 0.2359375 0.0075 0.034375
1 0.475625 0.271875 0.01375 0.04375
0 0.68125 0.259375 0.0125 0.05
2 0.689375 0.2828125 0.02625 0.046875
1 0.711875 0.196875 0.00875 0.0375
0 0.78875 0.20625 0.01 0.03125
1 0.765 0.19375 0.0125 0.0375
1 0.820625 0.184375 0.00875 0.03125
