1 0.3408203125 0.5374348958333334 0.0361328125 0.059244791666666664
1 0.42236328125 0.4632161458333333 0.017578125 0.030598958333333332
1 0.45263671875 0.4404296875 0.01171875 0.020182291666666668
1 0.621826171875 0.4521484375 0.01513671875 0.027994791666666668
1 0.568603515625 0.4274088541666667 0.00830078125 0.013671875
1 0.562744140625 0.4235026041666667 0.00732421875 0.012369791666666666
1 0.60595703125 0.4212239583333333 0.0068359375 0.01171875
1 0.46630859375 0.4270833333333333 0.0078125 0.015625
1 0.47509765625 0.4208984375 0.0068359375 0.012369791666666666
1 0.624267578125 0.4326171875 0.00830078125 0.017578125
1 0.7685546875 0.4300130208333333 0.0068359375 0.013671875
1 0.7783203125 0.4261067708333333 0.0068359375 0.012369791666666666
1 0.5498046875 0.4166666666666667 0.0048828125 0.009114583333333334
1 0.68017578125 0.41796875 0.0048828125 0.009114583333333334
1 0.481689453125 0.416015625 0.00537109375 0.01171875
1 0.54541015625 0.4130859375 0.0048828125 0.009765625
1 0.558349609375 0.412109375 0.00537109375 0.0078125
1 0.93408203125 0.44140625 0.0107421875 0.01953125
1 0.6875 0.41796875 0.0048828125 0.010416666666666666
1 0.61376953125 0.4166666666666667 0.0048828125 0.009114583333333334
1 0.541015625 0.4104817708333333 0.0048828125 0.008463541666666666
1 0.8583984375 0.423828125 0.0087890625 0.014322916666666666
1 0.50146484375 0.4036458333333333 0.0048828125 0.006510416666666667
1 0.75244140625 0.4130859375 0.0048828125 0.008463541666666666
1 0.94482421875 0.435546875 0.0087890625 0.015625
1 0.883544921875 0.4303385416666667 0.00634765625 0.013020833333333334
1 0.81201171875 0.423828125 0.005859375 0.010416666666666666
1 0.729736328125 0.4147135416666667 0.00537109375 0.009114583333333334
1 0.625732421875 0.4137369791666667 0.00634765625 0.009765625
1 0.6767578125 0.4069010416666667 0.0048828125 0.006510416666666667
1 0.63232421875 0.4088541666666667 0.0048828125 0.006510416666666667
1 0.61279296875 0.4036458333333333 0.0048828125 0.006510416666666667
1 0.48681640625 0.412109375 0.0048828125 0.0078125
1 0.4892578125 0.4095052083333333 0.0048828125 0.0078125
1 0.4921875 0.4059244791666667 0.0048828125 0.008463541666666666
1 0.5732421875 0.4036458333333333 0.0048828125 0.006510416666666667
1 0.703125 0.4091796875 0.0048828125 0.008463541666666666
