1 0.67625 0.4966216216216216 0.0375 0.06756756756756757
0 0.130625 0.527027027027027 0.04125 0.07094594594594594
1 0.335 0.43496621621621623 0.0175 0.03547297297297297
1 0.249375 0.4282094594594595 0.01375 0.028716216216216218
0 0.06375 0.4577702702702703 0.0175 0.037162162162162164
0 0.110625 0.47719594594594594 0.02125 0.04560810810810811
1 0.100625 0.4206081081081081 0.01125 0.02027027027027027
1 0.191875 0.4248310810810811 0.01625 0.02533783783783784
1 0.438125 0.4577702702702703 0.02625 0.0472972972972973
0 0.011875 0.4467905405405405 0.01875 0.028716216216216218
