2 0.3828125 0.39861111111111114 0.026041666666666668 0.04722222222222222
2 0.43411458333333336 0.3458333333333333 0.013020833333333334 0.028703703703703703
2 0.6486979166666667 0.3476851851851852 0.0140625 0.028703703703703703
2 0.7104166666666667 0.43333333333333335 0.025 0.05740740740740741
2 0.5299479166666666 0.30694444444444446 0.0078125 0.01574074074074074
2 0.4049479166666667 0.3300925925925926 0.011979166666666667 0.025
2 0.3359375 0.32731481481481484 0.007291666666666667 0.019444444444444445
2 0.6044270833333333 0.3162037037037037 0.0078125 0.017592592592592594
2 0.46171875 0.30462962962962964 0.0067708333333333336 0.014814814814814815
2 0.23203125 0.3337962962962963 0.0067708333333333336 0.01574074074074074
2 0.30052083333333335 0.3175925925925926 0.005208333333333333 0.011111111111111112
2 0.384375 0.3101851851851852 0.005208333333333333 0.012962962962962963
2 0.6401041666666667 0.30694444444444446 0.005208333333333333 0.013888888888888888
2 0.15052083333333333 0.3435185185185185 0.005208333333333333 0.009259259259259259
