1 0.803515625 0.7409722222222223 0.05703125 0.15694444444444444
1 0.201953125 0.4409722222222222 0.03515625 0.09305555555555556
1 0.728125 0.46319444444444446 0.01875 0.05694444444444444
1 0.428125 0.35625 0.01875 0.05138888888888889
1 0.512890625 0.33541666666666664 0.01015625 0.029166666666666667
2 0.466015625 0.30833333333333335 0.00859375 0.025
0 0.536328125 0.32916666666666666 0.01015625 0.027777777777777776
1 0.69921875 0.4013888888888889 0.0125 0.03611111111111111
1 0.57890625 0.3173611111111111 0.0078125 0.015277777777777777
0 0.3625 0.28194444444444444 0.009375 0.027777777777777776
0 0.29296875 0.2625 0.0078125 0.025
1 0.688671875 0.3701388888888889 0.00859375 0.02361111111111111
