1 0.2234375 0.8298611111111112 0.059375 0.15694444444444444
1 0.829296875 0.64375 0.03828125 0.10694444444444444
1 0.279296875 0.5652777777777778 0.02109375 0.05555555555555555
1 0.501953125 0.50625 0.01796875 0.04861111111111111
1 0.977734375 0.44513888888888886 0.01484375 0.0375
1 0.638671875 0.4270833333333333 0.00859375 0.02361111111111111
1 0.721875 0.41388888888888886 0.0078125 0.019444444444444445
1 0.81640625 0.42083333333333334 0.0078125 0.022222222222222223
1 0.7609375 0.4354166666666667 0.009375 0.029166666666666667
1 0.92890625 0.42291666666666666 0.009375 0.02361111111111111
