2 0.199462890625 0.6201171875 0.07177734375 0.166015625
2 0.8505859375 0.6272786458333334 0.0849609375 0.169921875
1 0.31640625 0.5325520833333334 0.0361328125 0.059895833333333336
1 0.689208984375 0.5146484375 0.03369140625 0.054036458333333336
1 0.60888671875 0.4625651041666667 0.021484375 0.034505208333333336
1 0.559814453125 0.4264322916666667 0.01025390625 0.01953125
0 0.3896484375 0.462890625 0.017578125 0.03125
0 0.427490234375 0.4248046875 0.01123046875 0.017578125
1 0.54443359375 0.4143880208333333 0.0087890625 0.014973958333333334
1 0.53369140625 0.4069010416666667 0.0068359375 0.014322916666666666
0 0.44091796875 0.4130859375 0.0078125 0.013671875
1 0.524658203125 0.4010416666666667 0.00537109375 0.009114583333333334
0 0.44580078125 0.40625 0.0048828125 0.01171875
2 0.04638671875 0.8427734375 0.0927734375 0.23111979166666666
2 0.970458984375 0.8069661458333334 0.05712890625 0.138671875
1 0.52099609375 0.3968098958333333 0.0048828125 0.008463541666666666
0 0.451171875 0.400390625 0.0048828125 0.0078125
1 0.517578125 0.3935546875 0.0048828125 0.009765625
1 0.5126953125 0.3889973958333333 0.0048828125 0.007161458333333333
0 0.45751953125 0.3958333333333333 0.0048828125 0.0078125
