1 0.094375 0.5346283783783784 0.08875 0.14358108108108109
0 0.686875 0.5160472972972973 0.05375 0.0929054054054054
0 0.515625 0.5 0.03375 0.06756756756756757
0 0.42125 0.49155405405405406 0.0275 0.057432432432432436
0 0.344375 0.4856418918918919 0.02625 0.052364864864864864
0 0.245625 0.47719594594594594 0.02375 0.04560810810810811
0 0.136875 0.4704391891891892 0.02125 0.04222972972972973
1 0.0425 0.49324324324324326 0.0475 0.08108108108108109
0 0.971875 0.5506756756756757 0.05125 0.1554054054054054
0 0.585 0.4856418918918919 0.02 0.04560810810810811
1 0.561875 0.44003378378378377 0.02125 0.03885135135135135
2 0.558125 0.4847972972972973 0.02625 0.0472972972972973
