0 0.058349609375 0.5843098958333334 0.04345703125 0.08138020833333333
1 0.7119140625 0.5703125 0.0458984375 0.07942708333333333
1 0.695556640625 0.4710286458333333 0.02099609375 0.039713541666666664
0 0.3828125 0.4651692708333333 0.0205078125 0.035807291666666664
0 0.49462890625 0.4361979166666667 0.0107421875 0.024739583333333332
0 0.50927734375 0.4248046875 0.0107421875 0.018880208333333332
1 0.60205078125 0.4137369791666667 0.009765625 0.017578125
1 0.54296875 0.4098307291666667 0.0078125 0.016276041666666668
0 0.494873046875 0.4192708333333333 0.01123046875 0.016927083333333332
1 0.700439453125 0.4446614583333333 0.01416015625 0.036458333333333336
1 0.654541015625 0.4205729166666667 0.01220703125 0.02734375
