1 0.732421875 0.5110677083333334 0.0283203125 0.049479166666666664
0 0.373291015625 0.4990234375 0.02783203125 0.050130208333333336
0 0.41064453125 0.4557291666666667 0.0185546875 0.029947916666666668
1 0.641357421875 0.4563802083333333 0.01611328125 0.026041666666666668
1 0.925537109375 0.5276692708333334 0.03369140625 0.054036458333333336
0 0.205078125 0.6774088541666666 0.06640625 0.12434895833333333
1 0.75634765625 0.4612630208333333 0.0166015625 0.029296875
1 0.615478515625 0.44140625 0.01220703125 0.020833333333333332
0 0.478271484375 0.4264322916666667 0.01123046875 0.018229166666666668
0 0.42578125 0.4368489583333333 0.0126953125 0.022135416666666668
1 0.63916015625 0.4388020833333333 0.0107421875 0.0234375
1 0.671630859375 0.4264322916666667 0.00830078125 0.015625
1 0.699951171875 0.4440104166666667 0.01318359375 0.022135416666666668
0 0.56640625 0.4222005208333333 0.0087890625 0.014973958333333334
0 0.900146484375 0.4554036458333333 0.01318359375 0.021484375
0 0.992431640625 0.4762369791666667 0.01416015625 0.026692708333333332
0 0.788330078125 0.4371744791666667 0.01025390625 0.018880208333333332
