1 0.6625 0.484375 0.045 0.1625
1 0.954375 0.871875 0.07375 0.25
0 0.726875 0.2875 0.02375 0.0875
0 0.3975 0.26875 0.0175 0.08125
0 0.169375 0.3375 0.04125 0.075
1 0.93375 0.3875 0.0375 0.14375
1 0.569375 0.240625 0.01375 0.0625
0 0.688125 0.25 0.01875 0.08125
1 0.413125 0.240625 0.01375 0.06875
1 0.2725 0.2359375 0.0125 0.059375
2 0.2925 0.2109375 0.015 0.065625
1 0.1925 0.259375 0.0175 0.06875
2 0.014375 0.2640625 0.01625 0.065625
0 0.043125 0.25 0.01625 0.05625
1 0.990625 0.26875 0.01625 0.08125
