1 0.3640625 0.5263888888888889 0.0234375 0.06388888888888888
1 0.787890625 0.5826388888888889 0.02734375 0.07916666666666666
1 0.5234375 0.46805555555555556 0.0125 0.03611111111111111
1 0.7640625 0.5027777777777778 0.015625 0.044444444444444446
1 0.8203125 0.4666666666666667 0.009375 0.030555555555555555
1 0.806640625 0.44027777777777777 0.00859375 0.019444444444444445
1 0.97890625 0.4673611111111111 0.0078125 0.020833333333333332
1 0.689453125 0.44305555555555554 0.00859375 0.022222222222222223
1 0.91328125 0.44722222222222224 0.0078125 0.019444444444444445
1 0.89609375 0.46111111111111114 0.0078125 0.025
