1 0.460693359375 0.4827473958333333 0.02294921875 0.044921875
1 0.735595703125 0.5641276041666666 0.04345703125 0.072265625
1 0.031982421875 0.6018880208333334 0.05029296875 0.08138020833333333
1 0.331298828125 0.4560546875 0.02001953125 0.033203125
1 0.08642578125 0.5061848958333334 0.0244140625 0.042317708333333336
1 0.248046875 0.4524739583333333 0.013671875 0.024739583333333332
1 0.17578125 0.4501953125 0.013671875 0.022786458333333332
1 0.099609375 0.4505208333333333 0.013671875 0.020833333333333332
2 0.489013671875 0.4153645833333333 0.00830078125 0.013020833333333334
1 0.007568359375 0.4833984375 0.01513671875 0.031901041666666664
1 0.01171875 0.4547526041666667 0.01171875 0.025390625
