0 0.15859375 0.7534722222222222 0.0421875 0.11805555555555555
0 0.916015625 0.5895833333333333 0.03828125 0.08194444444444444
0 0.415234375 0.4666666666666667 0.01328125 0.03611111111111111
0 0.358203125 0.5256944444444445 0.01796875 0.05138888888888889
0 0.81015625 0.49583333333333335 0.0203125 0.04722222222222222
2 0.63515625 0.4222222222222222 0.015625 0.044444444444444446
0 0.791015625 0.4548611111111111 0.01328125 0.034722222222222224
2 0.599609375 0.425 0.01171875 0.03888888888888889
0 0.5625 0.4326388888888889 0.0078125 0.020833333333333332
0 0.459375 0.43194444444444446 0.0078125 0.019444444444444445
2 0.43984375 0.425 0.0109375 0.041666666666666664
2 0.411328125 0.4305555555555556 0.01015625 0.030555555555555555
0 0.438671875 0.4465277777777778 0.00859375 0.02361111111111111
0 0.669140625 0.43194444444444446 0.00859375 0.022222222222222223
0 0.5484375 0.425 0.0078125 0.019444444444444445
0 0.53671875 0.4083333333333333 0.0078125 0.013888888888888888
0 0.47109375 0.42083333333333334 0.0078125 0.013888888888888888
0 0.79296875 0.4375 0.0078125 0.022222222222222223
0 0.4796875 0.4125 0.0078125 0.013888888888888888
2 0.4578125 0.40625 0.0078125 0.018055555555555554
0 0.540625 0.41597222222222224 0.0078125 0.015277777777777777
0 0.7046875 0.4152777777777778 0.0078125 0.016666666666666666
0 0.72265625 0.40694444444444444 0.0078125 0.013888888888888888
