1 0.462646484375 0.4176432291666667 0.00732421875 0.017578125
1 0.6572265625 0.5107421875 0.02734375 0.048828125
1 0.40234375 0.5042317708333334 0.0263671875 0.047526041666666664
1 0.58837890625 0.4508463541666667 0.015625 0.027994791666666668
1 0.5478515625 0.4111328125 0.0087890625 0.016276041666666668
1 0.2373046875 0.4466145833333333 0.0107421875 0.020833333333333332
1 0.212646484375 0.4274088541666667 0.00927734375 0.017578125
1 0.2109375 0.4049479166666667 0.0048828125 0.010416666666666666
1 0.09814453125 0.4241536458333333 0.0087890625 0.016276041666666668
1 0.023681640625 0.4557291666666667 0.01318359375 0.022135416666666668
1 0.2431640625 0.4440104166666667 0.009765625 0.020833333333333332
1 0.324951171875 0.4075520833333333 0.00732421875 0.013020833333333334
1 0.469970703125 0.4029947916666667 0.00732421875 0.013020833333333334
1 0.50146484375 0.3902994791666667 0.0048828125 0.009765625
1 0.45263671875 0.3971354166666667 0.005859375 0.01171875
1 0.086669921875 0.4300130208333333 0.01025390625 0.014973958333333334
1 0.17431640625 0.4026692708333333 0.0048828125 0.011067708333333334
1 0.419677734375 0.3938802083333333 0.00537109375 0.010416666666666666
1 0.39892578125 0.3880208333333333 0.0048828125 0.0078125
1 0.37548828125 0.3932291666666667 0.0048828125 0.01171875
1 0.31494140625 0.39453125 0.0048828125 0.009114583333333334
1 0.151123046875 0.40625 0.00634765625 0.010416666666666666
1 0.32177734375 0.390625 0.0048828125 0.009114583333333334
1 0.3603515625 0.3893229166666667 0.0048828125 0.009114583333333334
1 0.539794921875 0.4000651041666667 0.00634765625 0.012369791666666666
1 0.531005859375 0.3929036458333333 0.00537109375 0.009765625
1 0.01171875 0.4251302083333333 0.0087890625 0.014322916666666666
1 0.1171875 0.4111328125 0.0078125 0.012369791666666666
1 0.15771484375 0.4143880208333333 0.0078125 0.013671875
1 0.2412109375 0.3997395833333333 0.0068359375 0.010416666666666666
1 0.283203125 0.3922526041666667 0.0048828125 0.008463541666666666
