1 0.703125 0.8359375 0.11125 0.321875
1 0.7925 0.5140625 0.0725 0.221875
1 0.55375 0.4296875 0.055 0.178125
0 0.120625 0.496875 0.06625 0.19375
0 0.47875 0.378125 0.05 0.15
1 0.683125 0.246875 0.05875 0.19375
1 0.345625 0.2828125 0.03125 0.103125
0 0.18375 0.321875 0.0325 0.1125
1 0.319375 0.1609375 0.02375 0.084375
1 0.6225 0.3234375 0.04 0.128125
0 0.695 0.0703125 0.0675 0.121875
0 0.39125 0.2484375 0.0225 0.084375
1 0.59875 0.2359375 0.0225 0.078125
0 0.426875 0.1609375 0.01125 0.053125
0 0.44875 0.1953125 0.015 0.059375
1 0.553125 0.128125 0.01375 0.05
0 0.598125 0.15625 0.01625 0.06875
1 0.385625 0.03125 0.02125 0.0625
0 0.013125 0.3796875 0.02625 0.103125
1 0.414375 0.1921875 0.02125 0.071875
1 0.445 0.1546875 0.0125 0.046875
