2 0.899169921875 0.6803385416666666 0.10888671875 0.20572916666666666
2 0.79052734375 0.5911458333333334 0.06640625 0.14713541666666666
2 0.095703125 0.7076822916666666 0.115234375 0.2109375
2 0.2275390625 0.5810546875 0.0625 0.14518229166666666
1 0.671142578125 0.5032552083333334 0.02587890625 0.053385416666666664
0 0.32763671875 0.51953125 0.0322265625 0.055989583333333336
1 0.604248046875 0.4606119791666667 0.02001953125 0.031901041666666664
0 0.39501953125 0.4563802083333333 0.01953125 0.033854166666666664
1 0.561279296875 0.4248046875 0.01123046875 0.020182291666666668
0 0.546875 0.4130859375 0.0087890625 0.013671875
1 0.536865234375 0.4065755208333333 0.00634765625 0.011067708333333334
0 0.431884765625 0.4215494791666667 0.01123046875 0.020182291666666668
0 0.450927734375 0.4055989583333333 0.00537109375 0.014322916666666666
0 0.456298828125 0.4010416666666667 0.00537109375 0.01171875
1 0.529052734375 0.4010416666666667 0.00537109375 0.01171875
1 0.52490234375 0.3961588541666667 0.005859375 0.009765625
