2 0.1171875 0.4498697916666667 0.0107421875 0.018229166666666668
2 0.18603515625 0.4345703125 0.009765625 0.016276041666666668
2 0.197998046875 0.4192708333333333 0.00634765625 0.010416666666666666
2 0.098876953125 0.4358723958333333 0.00927734375 0.014973958333333334
2 0.158935546875 0.4270833333333333 0.00732421875 0.013020833333333334
2 0.006591796875 0.4505208333333333 0.01123046875 0.018229166666666668
2 0.266357421875 0.4192708333333333 0.00732421875 0.01171875
2 0.242919921875 0.4124348958333333 0.00537109375 0.011067708333333334
2 0.270751953125 0.4095052083333333 0.00634765625 0.010416666666666666
2 0.33935546875 0.404296875 0.0048828125 0.013020833333333334
2 0.34326171875 0.404296875 0.0048828125 0.013020833333333334
2 0.236083984375 0.4254557291666667 0.00634765625 0.012369791666666666
2 0.301513671875 0.4117838541666667 0.00537109375 0.011067708333333334
2 0.288818359375 0.404296875 0.00537109375 0.014322916666666666
2 0.29541015625 0.4036458333333333 0.0048828125 0.013020833333333334
