2 0.28984375 0.5157407407407407 0.033854166666666664 0.09074074074074075
2 0.709375 0.38981481481481484 0.013541666666666667 0.037037037037037035
2 0.68671875 0.3435185185185185 0.0067708333333333336 0.018518518518518517
2 0.8846354166666667 0.587037037037037 0.033854166666666664 0.1
2 0.73046875 0.36898148148148147 0.009895833333333333 0.025
2 0.5088541666666667 0.35555555555555557 0.0125 0.03148148148148148
2 0.5669270833333333 0.33935185185185185 0.008854166666666666 0.021296296296296296
2 0.6252604166666667 0.337037037037037 0.0067708333333333336 0.020370370370370372
2 0.5859375 0.3194444444444444 0.005208333333333333 0.012962962962962963
2 0.7216145833333333 0.3388888888888889 0.005729166666666666 0.014814814814814815
