1 0.780625 0.5421875 0.04375 0.134375
0 0.5125 0.3484375 0.0125 0.053125
1 0.349375 0.3984375 0.02125 0.078125
1 0.670625 0.325 0.01375 0.05625
0 0.685625 0.3953125 0.02125 0.078125
1 0.428125 0.359375 0.01875 0.0625
0 0.265625 0.38125 0.02125 0.06875
1 0.043125 0.6 0.05875 0.15625
0 0.3925 0.340625 0.015 0.05625
1 0.25125 0.340625 0.0175 0.0625
1 0.211875 0.3078125 0.01375 0.046875
0 0.5425 0.028125 0.0175 0.05625
0 0.264375 0.3125 0.01625 0.04375
0 0.123125 0.3171875 0.01375 0.034375
0 0.5875 0.328125 0.0125 0.05
1 0.134375 0.109375 0.01625 0.04375
1 0.11 0.3015625 0.01 0.040625
