1 0.3953125 0.37777777777777777 0.0171875 0.04722222222222222
1 0.66953125 0.3972222222222222 0.015625 0.03888888888888889
1 0.35625 0.35208333333333336 0.0109375 0.02638888888888889
1 0.305859375 0.34375 0.00859375 0.020833333333333332
1 0.41015625 0.33402777777777776 0.0078125 0.015277777777777777
1 0.52734375 0.34791666666666665 0.0078125 0.020833333333333332
1 0.20078125 0.34097222222222223 0.0078125 0.018055555555555554
1 0.3265625 0.3277777777777778 0.0078125 0.013888888888888888
1 0.2765625 0.32222222222222224 0.0078125 0.013888888888888888
1 0.2953125 0.3111111111111111 0.0078125 0.013888888888888888
1 0.1640625 0.3333333333333333 0.0078125 0.013888888888888888
1 0.20078125 0.3236111111111111 0.0078125 0.013888888888888888
