0 0.135 0.659375 0.0875 0.275
1 0.8225 0.4953125 0.07 0.234375
1 0.310625 0.3625 0.04875 0.1625
0 0.395 0.190625 0.025 0.0875
1 0.310625 0.26875 0.03125 0.125
0 0.339375 0.21875 0.02125 0.09375
0 0.518125 0.140625 0.01375 0.075
2 0.63 0.2375 0.0275 0.11875
1 0.570625 0.165625 0.02125 0.08125
1 0.3525 0.128125 0.0125 0.0625
0 0.53375 0.125 0.015 0.05
1 0.340625 0.1609375 0.01625 0.065625
1 0.654375 0.3359375 0.03875 0.128125
1 0.39 0.1390625 0.015 0.059375
0 0.96375 0.9328125 0.05 0.121875
1 0.43875 0.1171875 0.0125 0.053125
1 0.398125 0.115625 0.01125 0.04375
