0 0.30908203125 0.5530598958333334 0.0400390625 0.07356770833333333
1 0.86767578125 0.4850260416666667 0.0244140625 0.04296875
0 0.417236328125 0.4576822916666667 0.01611328125 0.032552083333333336
1 0.7568359375 0.5556640625 0.0380859375 0.06966145833333333
1 0.6318359375 0.4547526041666667 0.015625 0.033203125
1 0.591552734375 0.4264322916666667 0.01220703125 0.022135416666666668
1 0.575927734375 0.4124348958333333 0.00830078125 0.017578125
1 0.65234375 0.4195963541666667 0.0107421875 0.018880208333333332
1 0.72998046875 0.4485677083333333 0.0185546875 0.03125
0 0.43798828125 0.4303385416666667 0.01171875 0.0234375
1 0.62255859375 0.4069010416666667 0.0078125 0.015625
1 0.60302734375 0.4020182291666667 0.0078125 0.012369791666666666
0 0.453857421875 0.4153645833333333 0.01025390625 0.018229166666666668
0 0.465576171875 0.4072265625 0.00830078125 0.014973958333333334
0 0.875732421875 0.44140625 0.01220703125 0.0234375
0 0.78076171875 0.4212239583333333 0.009765625 0.016927083333333332
0 0.727783203125 0.4085286458333333 0.00732421875 0.014973958333333334
1 0.59521484375 0.3990885416666667 0.0048828125 0.01171875
1 0.558349609375 0.40234375 0.00537109375 0.01171875
1 0.5654296875 0.4059244791666667 0.005859375 0.013671875
0 0.494140625 0.396484375 0.0048828125 0.009114583333333334
1 0.586181640625 0.3971354166666667 0.00634765625 0.01171875
0 0.69140625 0.4029947916666667 0.0068359375 0.01171875
0 0.68603515625 0.4007161458333333 0.0048828125 0.009765625
0 0.646728515625 0.3981119791666667 0.00537109375 0.009765625
1 0.552978515625 0.3994140625 0.00537109375 0.011067708333333334
