0 0.889375 0.5996621621621622 0.19375 0.28040540540540543
0 0.570625 0.5211148648648649 0.06625 0.1097972972972973
0 0.365 0.5101351351351351 0.0575 0.08783783783783784
0 0.26125 0.5 0.04 0.07432432432432433
0 0.430625 0.49155405405405406 0.02375 0.0472972972972973
0 0.491875 0.4864864864864865 0.01875 0.037162162162162164
0 0.336875 0.49493243243243246 0.02625 0.057432432432432436
1 0.08625 0.49239864864864863 0.0275 0.048986486486486486
1 0.2025 0.4890202702702703 0.025 0.04222972972972973
1 0.303125 0.4839527027027027 0.02125 0.03547297297297297
0 0.505625 0.4831081081081081 0.01875 0.037162162162162164
0 0.476875 0.48057432432432434 0.01625 0.028716216216216218
0 0.4075 0.48057432432432434 0.015 0.02533783783783784
1 0.11375 0.4839527027027027 0.015 0.03209459459459459
0 0.181875 0.4831081081081081 0.01625 0.030405405405405407
