1 0.43046875 0.3451388888888889 0.0203125 0.05138888888888889
0 0.408984375 0.33958333333333335 0.01640625 0.04583333333333333
0 0.321875 0.2826388888888889 0.009375 0.02361111111111111
1 0.6734375 0.3854166666666667 0.015625 0.043055555555555555
0 0.4328125 0.28055555555555556 0.0109375 0.027777777777777776
0 0.05859375 0.6104166666666667 0.0390625 0.12916666666666668
1 0.51328125 0.2833333333333333 0.0078125 0.019444444444444445
1 0.63125 0.32430555555555557 0.0078125 0.020833333333333332
1 0.64609375 0.3125 0.0078125 0.013888888888888888
1 0.108203125 0.6430555555555556 0.04765625 0.14166666666666666
1 0.6265625 0.3159722222222222 0.0078125 0.020833333333333332
1 0.575 0.28888888888888886 0.0078125 0.013888888888888888
1 0.6828125 0.3194444444444444 0.0078125 0.013888888888888888
1 0.7875 0.35625 0.0078125 0.018055555555555554
1 0.74921875 0.3416666666666667 0.0078125 0.013888888888888888
1 0.71796875 0.33055555555555555 0.0078125 0.013888888888888888
1 0.6734375 0.3125 0.0078125 0.013888888888888888
1 0.620703125 0.2972222222222222 0.00859375 0.016666666666666666
