1 0.737890625 0.5298611111111111 0.01640625 0.05694444444444444
1 0.4375 0.5013888888888889 0.015625 0.044444444444444446
1 0.740625 0.44375 0.0078125 0.020833333333333332
1 0.72578125 0.4652777777777778 0.0140625 0.030555555555555555
1 0.541796875 0.45069444444444445 0.00859375 0.029166666666666667
1 0.6078125 0.43194444444444446 0.0078125 0.022222222222222223
1 0.68359375 0.4222222222222222 0.0078125 0.013888888888888888
1 0.77578125 0.43125 0.0078125 0.018055555555555554
1 0.841015625 0.425 0.00703125 0.013888888888888888
1 0.825 0.4152777777777778 0.0078125 0.013888888888888888
1 0.88046875 0.42083333333333334 0.0078125 0.013888888888888888
