1 0.1953125 0.6656901041666666 0.068359375 0.11263020833333333
1 0.907958984375 0.634765625 0.06396484375 0.1015625
1 0.62890625 0.443359375 0.0146484375 0.026041666666666668
1 0.70458984375 0.4918619791666667 0.0205078125 0.047526041666666664
1 0.417724609375 0.4651692708333333 0.01513671875 0.034505208333333336
1 0.44189453125 0.4440104166666667 0.01171875 0.024739583333333332
1 0.452880859375 0.4332682291666667 0.01025390625 0.021484375
1 0.48974609375 0.4235026041666667 0.0078125 0.017578125
1 0.5390625 0.4153645833333333 0.0107421875 0.018229166666666668
1 0.62451171875 0.4287109375 0.01171875 0.024088541666666668
1 0.720458984375 0.4192708333333333 0.00927734375 0.018229166666666668
1 0.58740234375 0.4111328125 0.0068359375 0.013671875
1 0.570068359375 0.396484375 0.00537109375 0.010416666666666666
1 0.64794921875 0.408203125 0.0068359375 0.013020833333333334
1 0.714111328125 0.4075520833333333 0.00732421875 0.014322916666666666
1 0.782470703125 0.4075520833333333 0.00732421875 0.013020833333333334
1 0.840087890625 0.4192708333333333 0.01025390625 0.016927083333333332
1 0.965576171875 0.42578125 0.01123046875 0.020833333333333332
