2 0.8388020833333333 0.6546296296296297 0.0578125 0.1259259259259259
2 0.08880208333333334 0.7527777777777778 0.06927083333333334 0.17777777777777778
2 0.34765625 0.41759259259259257 0.022395833333333334 0.05185185185185185
2 0.64453125 0.40694444444444444 0.016145833333333335 0.049074074074074076
2 0.5791666666666667 0.3509259259259259 0.010416666666666666 0.02962962962962963
2 0.39947916666666666 0.35 0.010416666666666666 0.02962962962962963
2 0.5388020833333333 0.3314814814814815 0.009895833333333333 0.02962962962962963
2 0.42942708333333335 0.3101851851851852 0.0067708333333333336 0.020370370370370372
2 0.40729166666666666 0.3398148148148148 0.009375 0.027777777777777776
2 0.37578125 0.3337962962962963 0.008854166666666666 0.025
2 0.3338541666666667 0.33287037037037037 0.008333333333333333 0.025
2 0.28463541666666664 0.3351851851851852 0.0078125 0.022222222222222223
2 0.49609375 0.3162037037037037 0.0067708333333333336 0.019444444444444445
2 0.5583333333333333 0.2972222222222222 0.005208333333333333 0.014814814814814815
2 0.6541666666666667 0.3101851851851852 0.007291666666666667 0.022222222222222223
2 0.6697916666666667 0.3199074074074074 0.00625 0.01574074074074074
2 0.196875 0.3236111111111111 0.005208333333333333 0.017592592592592594
2 0.17291666666666666 0.3416666666666667 0.008333333333333333 0.020370370370370372
2 0.5494791666666666 0.29074074074074074 0.005208333333333333 0.014814814814814815
2 0.30390625 0.3111111111111111 0.0067708333333333336 0.018518518518518517
