2 0.78662109375 0.5846354166666666 0.0712890625 0.14192708333333334
2 0.716552734375 0.5358072916666666 0.04638671875 0.10807291666666667
2 0.210693359375 0.583984375 0.06494140625 0.13802083333333334
2 0.26806640625 0.54296875 0.0537109375 0.10416666666666667
2 0.62939453125 0.4856770833333333 0.0185546875 0.03515625
2 0.37646484375 0.484375 0.0185546875 0.033854166666666664
2 0.58984375 0.45703125 0.0146484375 0.0234375
2 0.42041015625 0.453125 0.0107421875 0.0234375
2 0.5732421875 0.4423828125 0.0087890625 0.017578125
2 0.4443359375 0.4391276041666667 0.0087890625 0.016276041666666668
2 0.564453125 0.4361979166666667 0.005859375 0.013020833333333334
2 0.454345703125 0.43359375 0.00732421875 0.015625
2 0.55615234375 0.4303385416666667 0.005859375 0.01171875
2 0.468994140625 0.4248046875 0.00537109375 0.012369791666666666
2 0.55126953125 0.4267578125 0.0048828125 0.011067708333333334
2 0.46435546875 0.4290364583333333 0.0048828125 0.01171875
2 0.47607421875 0.4205729166666667 0.0048828125 0.010416666666666666
2 0.54345703125 0.421875 0.0048828125 0.010416666666666666
