1 0.594482421875 0.4619140625 0.02001953125 0.037109375
1 0.67138671875 0.5247395833333334 0.0283203125 0.0546875
1 0.207763671875 0.5735677083333334 0.04150390625 0.07291666666666667
1 0.416259765625 0.4446614583333333 0.01318359375 0.024739583333333332
1 0.55615234375 0.4339192708333333 0.0087890625 0.017578125
1 0.28662109375 0.4384765625 0.0107421875 0.017578125
1 0.36669921875 0.4283854166666667 0.0087890625 0.013020833333333334
1 0.547607421875 0.4254557291666667 0.00830078125 0.016276041666666668
1 0.077392578125 0.47265625 0.02099609375 0.028645833333333332
1 0.13232421875 0.4329427083333333 0.0078125 0.01171875
1 0.44580078125 0.4313151041666667 0.0087890625 0.016276041666666668
1 0.22314453125 0.4274088541666667 0.005859375 0.011067708333333334
1 0.23193359375 0.421875 0.0048828125 0.009114583333333334
1 0.46337890625 0.4186197916666667 0.005859375 0.009114583333333334
1 0.5400390625 0.4212239583333333 0.005859375 0.010416666666666666
