1 0.66943359375 0.5302734375 0.02734375 0.047526041666666664
1 0.590576171875 0.4886067708333333 0.01416015625 0.026692708333333332
0 0.27392578125 0.6048177083333334 0.0390625 0.07291666666666667
0 0.367919921875 0.5445963541666666 0.02587890625 0.044921875
0 0.933837890625 0.6949869791666666 0.07177734375 0.11263020833333333
1 0.576904296875 0.4654947916666667 0.00732421875 0.018229166666666668
2 0.491943359375 0.4498697916666667 0.00927734375 0.020833333333333332
0 0.42919921875 0.4938151041666667 0.013671875 0.029296875
2 0.571044921875 0.451171875 0.00830078125 0.020833333333333332
0 0.47412109375 0.4671223958333333 0.0087890625 0.014973958333333334
