2 0.308984375 0.5368055555555555 0.02578125 0.059722222222222225
1 0.636328125 0.4722222222222222 0.02578125 0.05
1 0.316796875 0.45902777777777776 0.02109375 0.04027777777777778
1 0.86171875 0.6180555555555556 0.0421875 0.11388888888888889
1 0.505859375 0.4215277777777778 0.01171875 0.029166666666666667
1 0.2828125 0.44027777777777777 0.0125 0.027777777777777776
1 0.230859375 0.44166666666666665 0.01015625 0.022222222222222223
1 0.384375 0.40902777777777777 0.0078125 0.020833333333333332
1 0.29765625 0.4131944444444444 0.0078125 0.018055555555555554
1 0.13984375 0.45208333333333334 0.0078125 0.020833333333333332
1 0.026953125 0.47708333333333336 0.00859375 0.02361111111111111
1 0.0609375 0.4548611111111111 0.0078125 0.015277777777777777
1 0.859765625 0.4263888888888889 0.01015625 0.027777777777777776
1 0.2046875 0.4263888888888889 0.0078125 0.019444444444444445
