0 0.70875 0.5859375 0.0675 0.109375
1 0.9425 0.746875 0.075 0.25625
1 0.3525 0.43125 0.0275 0.11875
1 0.274375 0.571875 0.05375 0.13125
0 0.67625 0.4359375 0.0225 0.096875
1 0.0775 0.8453125 0.0975 0.265625
1 0.61875 0.3640625 0.025 0.090625
0 0.20625 0.3 0.0325 0.1
0 0.388125 0.3734375 0.02625 0.040625
0 0.44 0.3265625 0.0175 0.053125
2 0.239375 0.3234375 0.03375 0.115625
1 0.215 0.4484375 0.035 0.071875
1 0.586875 0.3171875 0.01625 0.059375
0 0.553125 0.2734375 0.01125 0.040625
0 0.470625 0.2890625 0.01625 0.053125
