1 0.74875 0.5671875 0.06 0.178125
1 0.604375 0.353125 0.02625 0.08125
0 0.355 0.53125 0.045 0.1375
1 0.404375 0.3953125 0.02625 0.071875
0 0.43125 0.3296875 0.015 0.053125
1 0.46875 0.2984375 0.01 0.046875
1 0.575 0.3078125 0.01 0.053125
2 0.663125 0.3015625 0.01375 0.046875
2 0.586875 0.275 0.01125 0.03125
1 0.514375 0.2828125 0.00875 0.034375
1 0.781875 0.290625 0.01875 0.05625
1 0.920625 0.28125 0.01625 0.05625
0 0.6575 0.271875 0.01 0.0375
1 0.794375 0.265625 0.01625 0.05
2 0.738125 0.2359375 0.01125 0.040625
