1 0.896240234375 0.626953125 0.04443359375 0.10026041666666667
1 0.4326171875 0.4482421875 0.0126953125 0.024088541666666668
1 0.6025390625 0.447265625 0.01171875 0.0234375
1 0.585693359375 0.4348958333333333 0.00927734375 0.018229166666666668
1 0.373779296875 0.505859375 0.02490234375 0.045572916666666664
1 0.455322265625 0.4283854166666667 0.00732421875 0.016927083333333332
1 0.720458984375 0.4703776041666667 0.01513671875 0.029296875
1 0.641357421875 0.4287109375 0.00634765625 0.013671875
1 0.467529296875 0.4192708333333333 0.00634765625 0.013020833333333334
1 0.5595703125 0.4192708333333333 0.0068359375 0.013020833333333334
1 0.906494140625 0.4554036458333333 0.01220703125 0.020182291666666668
1 0.885009765625 0.4417317708333333 0.00927734375 0.014973958333333334
1 0.735107421875 0.4235026041666667 0.00537109375 0.011067708333333334
1 0.724609375 0.4222005208333333 0.005859375 0.011067708333333334
1 0.568359375 0.4117838541666667 0.0048828125 0.009765625
1 0.552001953125 0.4137369791666667 0.00537109375 0.012369791666666666
1 0.474853515625 0.4117838541666667 0.00537109375 0.012369791666666666
1 0.54541015625 0.4088541666666667 0.0048828125 0.010416666666666666
1 0.64306640625 0.4195963541666667 0.0048828125 0.011067708333333334
1 0.5419921875 0.4065755208333333 0.0048828125 0.007161458333333333
1 0.652587890625 0.4147135416666667 0.00537109375 0.01171875
1 0.03662109375 0.8971354166666666 0.0703125 0.16796875
