1 0.32625 0.5109375 0.0375 0.134375
1 0.4 0.3890625 0.02 0.071875
0 0.93 0.6046875 0.06 0.184375
1 0.725625 0.4390625 0.02875 0.103125
2 0.43 0.353125 0.0125 0.05
0 0.391875 0.346875 0.01625 0.03125
1 0.471875 0.3296875 0.01125 0.040625
1 0.6425 0.371875 0.0175 0.06875
0 0.915625 0.459375 0.04375 0.11875
0 0.720625 0.3625 0.02375 0.05
1 0.54 0.3078125 0.0075 0.034375
1 0.65625 0.3171875 0.01 0.040625
1 0.63 0.3 0.0075 0.03125
0 0.58125 0.2953125 0.0075 0.021875
1 0.61 0.2953125 0.0075 0.028125
0 0.64625 0.3234375 0.0075 0.040625
0 0.476875 0.3125 0.01125 0.03125
0 0.55 0.296875 0.0075 0.01875
