1 0.121337890625 0.5491536458333334 0.04052734375 0.06315104166666667
1 0.7265625 0.5852864583333334 0.0498046875 0.08333333333333333
1 0.500732421875 0.4798177083333333 0.02490234375 0.040364583333333336
1 0.399658203125 0.4567057291666667 0.01611328125 0.031901041666666664
1 0.32666015625 0.4462890625 0.013671875 0.024088541666666668
1 0.12158203125 0.4833984375 0.0205078125 0.034505208333333336
1 0.18115234375 0.4420572916666667 0.01171875 0.01953125
1 0.25634765625 0.44140625 0.01171875 0.020833333333333332
1 0.08349609375 0.447265625 0.01171875 0.01953125
2 0.698486328125 0.4215494791666667 0.00927734375 0.014973958333333334
