2 0.640625 0.4537760416666667 0.0166015625 0.02734375
2 0.3203125 0.515625 0.03125 0.05078125
2 0.594482421875 0.4306640625 0.01123046875 0.017578125
2 0.712890625 0.5084635416666666 0.0322265625 0.053385416666666664
2 0.406982421875 0.453125 0.01904296875 0.028645833333333332
2 0.441650390625 0.4290364583333333 0.01318359375 0.026041666666666668
2 0.56982421875 0.4169921875 0.01171875 0.020182291666666668
2 0.4541015625 0.4186197916666667 0.0078125 0.018229166666666668
2 0.547119140625 0.4046223958333333 0.00634765625 0.011067708333333334
2 0.557373046875 0.4095052083333333 0.00732421875 0.016927083333333332
2 0.4619140625 0.4111328125 0.0078125 0.016276041666666668
2 0.5400390625 0.4010416666666667 0.005859375 0.014322916666666666
2 0.46826171875 0.4055989583333333 0.005859375 0.01171875
2 0.4697265625 0.4020182291666667 0.0048828125 0.009765625
2 0.47900390625 0.400390625 0.0048828125 0.009114583333333334
2 0.53515625 0.3990885416666667 0.0048828125 0.0078125
2 0.53173828125 0.3977864583333333 0.0048828125 0.006510416666666667
