1 0.076171875 0.552734375 0.03515625 0.06640625
1 0.739013671875 0.5654296875 0.04638671875 0.072265625
1 0.4072265625 0.4791666666666667 0.0244140625 0.044270833333333336
1 0.074951171875 0.6868489583333334 0.07666015625 0.12109375
1 0.541015625 0.4954427083333333 0.0322265625 0.05078125
1 0.303955078125 0.4599609375 0.01708984375 0.033203125
1 0.111083984375 0.4241536458333333 0.00732421875 0.013671875
1 0.0283203125 0.4912109375 0.021484375 0.033203125
1 0.193603515625 0.4397786458333333 0.01220703125 0.020182291666666668
1 0.14599609375 0.4303385416666667 0.01171875 0.018229166666666668
1 0.013916015625 0.4677734375 0.01318359375 0.025390625
1 0.09423828125 0.4202473958333333 0.0078125 0.012369791666666666
1 0.076904296875 0.4166666666666667 0.00732421875 0.01171875
1 0.0048828125 0.4495442708333333 0.009765625 0.020182291666666668
1 0.0615234375 0.4134114583333333 0.0068359375 0.01171875
