1 0.398828125 0.4986111111111111 0.02734375 0.07222222222222222
0 0.36875 0.4986111111111111 0.025 0.06944444444444445
0 0.16953125 0.48125 0.0171875 0.04583333333333333
1 0.823046875 0.4965277777777778 0.02890625 0.0763888888888889
1 0.48671875 0.4 0.0140625 0.027777777777777776
0 0.4734375 0.4013888888888889 0.0109375 0.027777777777777776
1 0.62734375 0.37222222222222223 0.009375 0.022222222222222223
1 0.657421875 0.39375 0.01171875 0.034722222222222224
0 0.5015625 0.3770833333333333 0.0078125 0.015277777777777777
1 0.51015625 0.3763888888888889 0.0078125 0.019444444444444445
0 0.40703125 0.38055555555555554 0.0078125 0.013888888888888888
0 0.35234375 0.4041666666666667 0.0109375 0.022222222222222223
0 0.45859375 0.37083333333333335 0.0078125 0.013888888888888888
