1 0.218505859375 0.6383463541666666 0.05908203125 0.10611979166666667
1 0.7705078125 0.5524088541666666 0.033203125 0.06575520833333333
1 0.3935546875 0.4811197916666667 0.0205078125 0.040364583333333336
1 0.588134765625 0.4417317708333333 0.01220703125 0.021484375
1 0.574462890625 0.4319661458333333 0.01025390625 0.016276041666666668
1 0.43505859375 0.44140625 0.0126953125 0.0234375
1 0.6845703125 0.4599609375 0.0185546875 0.027994791666666668
1 0.552001953125 0.4189453125 0.00732421875 0.012369791666666666
1 0.63134765625 0.4192708333333333 0.005859375 0.010416666666666666
1 0.627685546875 0.4264322916666667 0.00732421875 0.014322916666666666
1 0.454833984375 0.42578125 0.00927734375 0.015625
1 0.466064453125 0.4182942708333333 0.00634765625 0.012369791666666666
1 0.719482421875 0.4222005208333333 0.00537109375 0.009765625
1 0.560791015625 0.4111328125 0.00537109375 0.009765625
1 0.865234375 0.4488932291666667 0.0107421875 0.018880208333333332
1 0.7626953125 0.4166666666666667 0.0048828125 0.009114583333333334
1 0.545654296875 0.4140625 0.00634765625 0.01171875
1 0.854248046875 0.4384765625 0.00927734375 0.014973958333333334
1 0.64208984375 0.4143880208333333 0.0048828125 0.009765625
1 0.710205078125 0.4222005208333333 0.00537109375 0.009765625
1 0.47265625 0.4114583333333333 0.0048828125 0.010416666666666666
1 0.883056640625 0.43359375 0.00732421875 0.014322916666666666
1 0.8720703125 0.4287109375 0.0078125 0.012369791666666666
1 0.51025390625 0.3971354166666667 0.0048828125 0.006510416666666667
1 0.4775390625 0.4072265625 0.0048828125 0.009765625
1 0.53955078125 0.4091796875 0.0048828125 0.009765625
1 0.53662109375 0.4065755208333333 0.0048828125 0.008463541666666666
1 0.53271484375 0.4029947916666667 0.0048828125 0.0078125
