1 0.77099609375 0.5472005208333334 0.0390625 0.072265625
1 0.775146484375 0.4807942708333333 0.02197265625 0.041015625
0 0.329833984375 0.5289713541666666 0.03466796875 0.060546875
1 0.6357421875 0.46875 0.01953125 0.0390625
1 0.689697265625 0.4521484375 0.01708984375 0.038411458333333336
0 0.41943359375 0.4586588541666667 0.0166015625 0.034505208333333336
0 0.4462890625 0.439453125 0.0126953125 0.02734375
1 0.983642578125 0.5595703125 0.02978515625 0.072265625
0 0.83154296875 0.4573567708333333 0.015625 0.033203125
0 0.978271484375 0.486328125 0.01318359375 0.032552083333333336
1 0.5927734375 0.4430338541666667 0.01171875 0.025390625
1 0.60986328125 0.4322916666666667 0.009765625 0.022135416666666668
1 0.42578125 0.4309895833333333 0.0087890625 0.015625
0 0.750244140625 0.4420572916666667 0.01416015625 0.0234375
1 0.533203125 0.427734375 0.009765625 0.01953125
1 0.560546875 0.4329427083333333 0.0107421875 0.020833333333333332
1 0.64013671875 0.4384765625 0.0107421875 0.022786458333333332
0 0.3720703125 0.4319661458333333 0.0087890625 0.017578125
