1 0.394921875 0.5576388888888889 0.02890625 0.07083333333333333
1 0.800390625 0.5909722222222222 0.02890625 0.08194444444444444
1 0.630859375 0.46041666666666664 0.01640625 0.03194444444444444
1 0.816015625 0.49375 0.01484375 0.04027777777777778
1 0.736328125 0.4423611111111111 0.01171875 0.02638888888888889
1 0.860546875 0.47847222222222224 0.01640625 0.0375
1 0.83203125 0.4340277777777778 0.0078125 0.020833333333333332
1 0.91484375 0.4354166666666667 0.0078125 0.020833333333333332
1 0.91875 0.45555555555555555 0.0078125 0.025
1 0.97421875 0.43125 0.0078125 0.018055555555555554
1 0.985546875 0.45069444444444445 0.00859375 0.020833333333333332
