1 0.209375 0.5456081081081081 0.11375 0.19932432432432431
1 0.771875 0.5059121621621622 0.05125 0.08277027027027027
1 0.589375 0.5084459459459459 0.07375 0.11486486486486487
1 0.64875 0.47719594594594594 0.0325 0.05574324324324324
1 0.8225 0.49746621621621623 0.045 0.06925675675675676
1 0.390625 0.46283783783783783 0.02125 0.04054054054054054
0 0.460625 0.4527027027027027 0.01875 0.033783783783783786
0 0.890625 0.4873310810810811 0.02875 0.04560810810810811
0 0.29375 0.44425675675675674 0.015 0.030405405405405407
0 0.138125 0.43496621621621623 0.01375 0.028716216216216218
0 0.676875 0.46790540540540543 0.01875 0.037162162162162164
1 0.021875 0.44003378378378377 0.01875 0.03209459459459459
0 0.069375 0.43243243243243246 0.01375 0.02702702702702703
1 0.084375 0.44425675675675674 0.02125 0.037162162162162164
1 0.27125 0.45692567567567566 0.0175 0.03885135135135135
1 0.554375 0.47550675675675674 0.02125 0.03885135135135135
1 0.181875 0.4484797297297297 0.01875 0.03885135135135135
0 0.755625 0.47297297297297297 0.02375 0.04391891891891892
