2 0.800048828125 0.5100911458333334 0.03076171875 0.056640625
0 0.25732421875 0.52734375 0.03515625 0.061197916666666664
0 0.285400390625 0.4729817708333333 0.02197265625 0.038411458333333336
1 0.653076171875 0.4541015625 0.01611328125 0.030598958333333332
1 0.53466796875 0.4368489583333333 0.01171875 0.024739583333333332
0 0.192626953125 0.4619140625 0.01513671875 0.026692708333333332
1 0.423828125 0.4290364583333333 0.01171875 0.020833333333333332
1 0.339111328125 0.4283854166666667 0.01025390625 0.01953125
1 0.19677734375 0.4169921875 0.0078125 0.011067708333333334
1 0.13037109375 0.4384765625 0.0107421875 0.017578125
1 0.140869140625 0.4261067708333333 0.00830078125 0.013671875
1 0.241455078125 0.4329427083333333 0.01025390625 0.018229166666666668
0 0.046875 0.4635416666666667 0.013671875 0.022135416666666668
1 0.0849609375 0.4371744791666667 0.009765625 0.014973958333333334
