1 0.658203125 0.5768229166666666 0.037109375 0.0625
1 0.443359375 0.515625 0.021484375 0.033854166666666664
0 0.1298828125 0.7213541666666666 0.08203125 0.1171875
0 0.11279296875 0.59765625 0.0439453125 0.06510416666666667
1 0.26904296875 0.501953125 0.0166015625 0.02734375
0 0.08984375 0.5481770833333334 0.025390625 0.041666666666666664
1 0.15869140625 0.6881510416666666 0.0595703125 0.09505208333333333
1 0.1015625 0.5110677083333334 0.015625 0.02734375
2 0.90185546875 0.4583333333333333 0.0068359375 0.013020833333333334
2 0.8798828125 0.4583333333333333 0.0078125 0.013020833333333334
