2 0.178125 0.2859375 0.06375 0.228125
0 0.774375 0.490625 0.04875 0.18125
1 0.854375 0.6796875 0.07625 0.265625
1 0.3475 0.6515625 0.07 0.234375
0 0.425 0.5125 0.075 0.1375
0 0.375 0.7828125 0.1025 0.303125
1 0.30875 0.2921875 0.05 0.165625
0 0.945 0.325 0.0775 0.25625
1 0.691875 0.309375 0.03125 0.1125
1 0.71875 0.2453125 0.02 0.071875
0 0.98 0.853125 0.0325 0.2625
1 0.74625 0.2640625 0.0225 0.084375
0 0.159375 0.25 0.02875 0.15
0 0.933125 0.0390625 0.06375 0.078125
0 0.7575 0.2140625 0.015 0.065625
