0 0.725 0.61875 0.0575 0.18125
1 0.57875 0.3703125 0.025 0.084375
1 0.31625 0.5984375 0.0475 0.165625
0 0.385625 0.3828125 0.02375 0.071875
0 0.36375 0.3328125 0.015 0.046875
0 0.60625 0.315625 0.0175 0.0375
1 0.49625 0.3125 0.015 0.05
1 0.449375 0.2921875 0.01125 0.034375
0 0.79 0.2828125 0.015 0.046875
0 0.62125 0.275 0.01 0.03125
0 0.713125 0.2671875 0.01125 0.034375
1 0.34375 0.315625 0.0125 0.04375
1 0.3775 0.275 0.0075 0.03125
0 0.333125 0.2953125 0.01125 0.040625
2 0.85625 0.2609375 0.0125 0.046875
0 0.823125 0.253125 0.01375 0.04375
