2 0.8583333333333333 0.4773148148148148 0.036458333333333336 0.10277777777777777
2 0.22421875 0.47453703703703703 0.022395833333333334 0.06388888888888888
2 0.30364583333333334 0.40555555555555556 0.014583333333333334 0.040740740740740744
2 0.26536458333333335 0.3912037037037037 0.011979166666666667 0.032407407407407406
2 0.17057291666666666 0.3976851851851852 0.0109375 0.028703703703703703
2 0.7549479166666667 0.4597222222222222 0.0265625 0.06018518518518518
2 0.7708333333333334 0.39675925925925926 0.015625 0.04351851851851852
2 0.5963541666666666 0.3680555555555556 0.014583333333333334 0.03611111111111111
2 0.06197916666666667 0.42916666666666664 0.0125 0.03611111111111111
2 0.93515625 0.42453703703703705 0.016145833333333335 0.03981481481481482
2 0.78515625 0.34120370370370373 0.008854166666666666 0.019444444444444445
