1 0.691015625 0.6284722222222222 0.04765625 0.13194444444444445
1 0.717578125 0.4986111111111111 0.02734375 0.075
1 0.762890625 0.4597222222222222 0.01796875 0.04722222222222222
1 0.177734375 0.4236111111111111 0.03203125 0.08611111111111111
1 0.396875 0.3347222222222222 0.0140625 0.044444444444444446
1 0.868359375 0.46597222222222223 0.01328125 0.03194444444444444
1 0.5671875 0.34652777777777777 0.0125 0.02638888888888889
1 0.740625 0.38680555555555557 0.0078125 0.018055555555555554
1 0.86015625 0.42569444444444443 0.0078125 0.015277777777777777
1 0.9625 0.4951388888888889 0.0078125 0.02361111111111111
1 0.2421875 0.2611111111111111 0.0078125 0.019444444444444445
1 0.296875 0.2513888888888889 0.0078125 0.016666666666666666
1 0.140234375 0.25972222222222224 0.00859375 0.019444444444444445
1 0.1078125 0.24722222222222223 0.0078125 0.016666666666666666
1 0.044140625 0.25763888888888886 0.00859375 0.018055555555555554
1 0.07265625 0.24513888888888888 0.0078125 0.015277777777777777
