0 0.371337890625 0.4931640625 0.02783203125 0.044921875
1 0.85009765625 0.5524088541666666 0.0400390625 0.06575520833333333
0 0.456787109375 0.4475911458333333 0.01416015625 0.025390625
1 0.685302734375 0.4527994791666667 0.01416015625 0.025390625
1 0.626220703125 0.4251302083333333 0.00927734375 0.018229166666666668
0 0.494873046875 0.423828125 0.00927734375 0.016927083333333332
0 0.51318359375 0.4147135416666667 0.005859375 0.010416666666666666
2 0.5166015625 0.4088541666666667 0.005859375 0.016927083333333332
1 0.60009765625 0.4153645833333333 0.0048828125 0.01171875
1 0.58837890625 0.41015625 0.0048828125 0.009114583333333334
1 0.5849609375 0.4078776041666667 0.0048828125 0.008463541666666666
2 0.597412109375 0.4104817708333333 0.00537109375 0.017578125
