1 0.251953125 0.6986111111111111 0.04296875 0.11944444444444445
0 0.636328125 0.5097222222222222 0.01640625 0.06388888888888888
0 0.726953125 0.5722222222222222 0.02890625 0.08333333333333333
2 0.3515625 0.5083333333333333 0.0296875 0.11388888888888889
2 0.8328125 0.5236111111111111 0.046875 0.17777777777777778
1 0.33984375 0.55 0.0203125 0.05277777777777778
0 0.401953125 0.5298611111111111 0.01953125 0.04861111111111111
2 0.28515625 0.5118055555555555 0.034375 0.11805555555555555
2 0.9265625 0.5215277777777778 0.0546875 0.16527777777777777
0 0.44609375 0.47291666666666665 0.009375 0.03194444444444444
0 0.59140625 0.46458333333333335 0.0140625 0.03194444444444444
0 0.46875 0.44375 0.0078125 0.018055555555555554
2 0.441796875 0.425 0.01171875 0.027777777777777776
0 0.565234375 0.43472222222222223 0.00859375 0.019444444444444445
2 0.41796875 0.4270833333333333 0.0078125 0.02361111111111111
