1 0.13125 0.5069444444444444 0.042708333333333334 0.09537037037037037
2 0.76171875 0.55 0.0453125 0.10555555555555556
2 0.6197916666666666 0.35833333333333334 0.013541666666666667 0.03518518518518519
2 0.6697916666666667 0.3587962962962963 0.017708333333333333 0.05092592592592592
2 0.3424479166666667 0.3597222222222222 0.0140625 0.03796296296296296
2 0.8200520833333333 0.3861111111111111 0.016145833333333335 0.05
2 0.6455729166666667 0.3421296296296296 0.008854166666666666 0.023148148148148147
2 0.3502604166666667 0.34074074074074073 0.009895833333333333 0.025925925925925925
2 0.2265625 0.3425925925925926 0.010416666666666666 0.027777777777777776
2 0.30911458333333336 0.3375 0.0078125 0.023148148148148147
2 0.53046875 0.32916666666666666 0.008854166666666666 0.017592592592592594
2 0.6239583333333333 0.3125 0.007291666666666667 0.021296296296296296
2 0.75703125 0.35694444444444445 0.0109375 0.025
2 0.14921875 0.36018518518518516 0.009895833333333333 0.025925925925925925
2 0.40677083333333336 0.3175925925925926 0.005208333333333333 0.016666666666666666
2 0.18333333333333332 0.337037037037037 0.005208333333333333 0.016666666666666666
2 0.26458333333333334 0.3148148148148148 0.005208333333333333 0.011111111111111112
2 0.29739583333333336 0.32083333333333336 0.005208333333333333 0.013888888888888888
2 0.5684895833333333 0.3101851851851852 0.005729166666666666 0.018518518518518517
2 0.6822916666666666 0.3199074074074074 0.005208333333333333 0.012037037037037037
