0 0.428125 0.6976351351351351 0.27125 0.46959459459459457
0 0.054375 0.5 0.03375 0.06418918918918919
0 0.336875 0.4983108108108108 0.01875 0.04054054054054054
0 0.25125 0.49746621621621623 0.0275 0.048986486486486486
1 0.2825 0.4907094594594595 0.0125 0.03209459459459459
1 0.095 0.4907094594594595 0.0225 0.04222972972972973
1 0.176875 0.48817567567567566 0.01875 0.04054054054054054
1 0.15 0.4839527027027027 0.0125 0.02533783783783784
0 0.410625 0.49746621621621623 0.01375 0.028716216216216218
0 0.135625 0.4873310810810811 0.01375 0.02195945945945946
