1 0.400390625 0.4873046875 0.0234375 0.043619791666666664
1 0.447021484375 0.4453125 0.01318359375 0.026041666666666668
1 0.642822265625 0.4684244791666667 0.01806640625 0.035807291666666664
1 0.835205078125 0.634765625 0.06591796875 0.10026041666666667
1 0.76416015625 0.455078125 0.015625 0.026041666666666668
1 0.591064453125 0.4251302083333333 0.01025390625 0.018229166666666668
1 0.468994140625 0.4254557291666667 0.01123046875 0.018880208333333332
1 0.483154296875 0.4140625 0.00830078125 0.015625
1 0.5849609375 0.4147135416666667 0.0078125 0.014322916666666666
1 0.63671875 0.4143880208333333 0.0078125 0.012369791666666666
1 0.609375 0.4059244791666667 0.005859375 0.011067708333333334
1 0.507568359375 0.4026692708333333 0.00732421875 0.012369791666666666
1 0.587646484375 0.3968098958333333 0.00537109375 0.009765625
1 0.65087890625 0.4055989583333333 0.0048828125 0.010416666666666666
1 0.685546875 0.4114583333333333 0.0048828125 0.01171875
1 0.539306640625 0.3984375 0.00634765625 0.009114583333333334
1 0.82958984375 0.42578125 0.0068359375 0.014322916666666666
1 0.916748046875 0.4391276041666667 0.01025390625 0.016276041666666668
1 0.817626953125 0.4156901041666667 0.00634765625 0.011067708333333334
1 0.6533203125 0.3981119791666667 0.005859375 0.009765625
1 0.942138671875 0.4290364583333333 0.00830078125 0.016927083333333332
1 0.988037109375 0.4231770833333333 0.00927734375 0.014322916666666666
1 0.92431640625 0.4166666666666667 0.0078125 0.013020833333333334
1 0.84228515625 0.4098307291666667 0.005859375 0.011067708333333334
1 0.75341796875 0.4091796875 0.0048828125 0.009765625
1 0.995361328125 0.4381510416666667 0.00830078125 0.016927083333333332
