0 0.2109375 0.55078125 0.0390625 0.06770833333333333
0 0.176025390625 0.4697265625 0.01708984375 0.029296875
0 0.265869140625 0.484375 0.02099609375 0.036458333333333336
1 0.82958984375 0.5283203125 0.037109375 0.061848958333333336
1 0.665283203125 0.4635416666666667 0.02099609375 0.040364583333333336
1 0.338134765625 0.4332682291666667 0.00830078125 0.018880208333333332
1 0.5380859375 0.4423828125 0.013671875 0.025390625
0 0.033935546875 0.4716796875 0.01318359375 0.026692708333333332
1 0.4248046875 0.4348958333333333 0.0107421875 0.022135416666666668
1 0.23876953125 0.4384765625 0.0078125 0.018880208333333332
1 0.1279296875 0.4440104166666667 0.009765625 0.018229166666666668
1 0.201904296875 0.4205729166666667 0.00830078125 0.014322916666666666
1 0.144287109375 0.4303385416666667 0.00732421875 0.014322916666666666
