0 0.62 0.5453125 0.0375 0.159375
1 0.389375 0.5625 0.05875 0.15625
0 0.513125 0.375 0.02375 0.0875
0 0.439375 0.3234375 0.02125 0.071875
1 0.351875 0.434375 0.03625 0.10625
1 0.306875 0.271875 0.01375 0.04375
1 0.758125 0.2265625 0.01375 0.046875
1 0.27375 0.290625 0.0175 0.05
1 0.279375 0.38125 0.02625 0.08125
0 0.4075 0.265625 0.01 0.04375
1 0.9125 0.2375 0.0125 0.05
0 0.83875 0.2765625 0.0225 0.046875
1 0.719375 0.2125 0.00875 0.03125
0 0.399375 0.29375 0.01375 0.05
1 0.361875 0.25 0.01125 0.0375
1 0.69125 0.203125 0.015 0.05625
