0 0.27099609375 0.421875 0.0048828125 0.01171875
1 0.244140625 0.4176432291666667 0.0048828125 0.009765625
1 0.03662109375 0.4622395833333333 0.01171875 0.020833333333333332
0 0.14404296875 0.4322916666666667 0.0087890625 0.014322916666666666
1 0.22021484375 0.4293619791666667 0.005859375 0.013671875
1 0.13916015625 0.4443359375 0.0107421875 0.017578125
0 0.045654296875 0.4459635416666667 0.00927734375 0.015625
0 0.27880859375 0.4117838541666667 0.0048828125 0.009765625
0 0.30517578125 0.4085286458333333 0.0048828125 0.008463541666666666
0 0.2021484375 0.4244791666666667 0.0068359375 0.01171875
0 0.32568359375 0.404296875 0.0048828125 0.0078125
1 0.30517578125 0.4150390625 0.0048828125 0.009765625
1 0.3271484375 0.4117838541666667 0.0048828125 0.008463541666666666
0 0.34228515625 0.4016927083333333 0.0048828125 0.006510416666666667
