0 0.048828125 0.8522135416666666 0.091796875 0.18489583333333334
0 0.227294921875 0.5188802083333334 0.02685546875 0.057291666666666664
0 0.286865234375 0.4547526041666667 0.01318359375 0.030598958333333332
1 0.531982421875 0.4521484375 0.01708984375 0.033203125
1 0.72021484375 0.4931640625 0.025390625 0.048828125
0 0.33544921875 0.4332682291666667 0.0107421875 0.020182291666666668
0 0.397216796875 0.4208984375 0.00927734375 0.016276041666666668
1 0.511474609375 0.4319661458333333 0.01220703125 0.022786458333333332
0 0.463134765625 0.4147135416666667 0.00732421875 0.015625
1 0.61328125 0.4208984375 0.01171875 0.018880208333333332
1 0.708251953125 0.4150390625 0.01025390625 0.016276041666666668
0 0.567138671875 0.41015625 0.00634765625 0.013020833333333334
0 0.6943359375 0.4065755208333333 0.0048828125 0.012369791666666666
