1 0.34453125 0.6229166666666667 0.0359375 0.08472222222222223
1 0.754296875 0.5548611111111111 0.03046875 0.06805555555555555
1 0.644921875 0.4791666666666667 0.01796875 0.041666666666666664
1 0.281640625 0.5597222222222222 0.02265625 0.05555555555555555
1 0.252734375 0.5229166666666667 0.01640625 0.04027777777777778
1 0.303125 0.4798611111111111 0.009375 0.02638888888888889
1 0.5984375 0.4465277777777778 0.0109375 0.029166666666666667
2 0.453125 0.46319444444444446 0.009375 0.029166666666666667
1 0.36953125 0.45069444444444445 0.0078125 0.018055555555555554
1 0.575 0.42986111111111114 0.0078125 0.018055555555555554
