0 0.350341796875 0.5091145833333334 0.02490234375 0.0546875
1 0.610595703125 0.44140625 0.01220703125 0.0234375
1 0.730224609375 0.5052083333333334 0.02880859375 0.053385416666666664
0 0.444580078125 0.4430338541666667 0.01220703125 0.020182291666666668
2 0.45654296875 0.4293619791666667 0.0107421875 0.029296875
2 0.460205078125 0.4254557291666667 0.01025390625 0.029296875
0 0.46923828125 0.4235026041666667 0.0078125 0.014973958333333334
0 0.474365234375 0.4169921875 0.00634765625 0.012369791666666666
2 0.599365234375 0.4287109375 0.01416015625 0.031901041666666664
1 0.5810546875 0.4231770833333333 0.0078125 0.015625
0 0.4833984375 0.4108072916666667 0.005859375 0.010416666666666666
1 0.553955078125 0.4091796875 0.00537109375 0.009765625
2 0.593505859375 0.4261067708333333 0.01025390625 0.027994791666666668
1 0.5703125 0.416015625 0.005859375 0.013020833333333334
