1 0.739501953125 0.5250651041666666 0.03076171875 0.056640625
1 0.667236328125 0.4368489583333333 0.01318359375 0.024739583333333332
0 0.225830078125 0.5322265625 0.03173828125 0.060546875
0 0.427490234375 0.4567057291666667 0.01904296875 0.034505208333333336
1 0.71484375 0.4583333333333333 0.015625 0.028645833333333332
1 0.621826171875 0.4244791666666667 0.01025390625 0.016927083333333332
1 0.55908203125 0.4173177083333333 0.0087890625 0.014322916666666666
0 0.44580078125 0.435546875 0.01171875 0.022135416666666668
1 0.489013671875 0.4117838541666667 0.00732421875 0.014973958333333334
0 0.4306640625 0.4244791666666667 0.0078125 0.015625
0 0.268798828125 0.4205729166666667 0.00732421875 0.014322916666666666
1 0.2861328125 0.4124348958333333 0.0068359375 0.012369791666666666
1 0.3671875 0.3968098958333333 0.0048828125 0.008463541666666666
0 0.365478515625 0.4212239583333333 0.00634765625 0.013020833333333334
0 0.181396484375 0.4208984375 0.00634765625 0.012369791666666666
1 0.246337890625 0.4114583333333333 0.00634765625 0.01171875
1 0.270263671875 0.4065755208333333 0.00634765625 0.009765625
1 0.302978515625 0.4020182291666667 0.00537109375 0.008463541666666666
0 0.1630859375 0.4127604166666667 0.0048828125 0.010416666666666666
1 0.4306640625 0.41015625 0.0068359375 0.013020833333333334
1 0.3642578125 0.41015625 0.0078125 0.013020833333333334
0 0.143798828125 0.4195963541666667 0.00634765625 0.011067708333333334
