1 0.336875 0.540625 0.04875 0.15625
1 0.409375 0.371875 0.02875 0.1125
0 0.575 0.375 0.0225 0.0875
0 0.53 0.309375 0.015 0.0625
0 0.649375 0.528125 0.05125 0.15625
2 0.751875 0.3515625 0.03875 0.071875
0 0.72125 0.3015625 0.0225 0.071875
0 0.484375 0.2765625 0.01625 0.053125
1 0.435625 0.325 0.02125 0.06875
0 0.78875 0.2234375 0.0075 0.034375
1 0.601875 0.1890625 0.01125 0.034375
0 0.435 0.2765625 0.0125 0.053125
0 0.401875 0.2578125 0.01125 0.040625
1 0.323125 0.2484375 0.00875 0.040625
