1 0.412841796875 0.4690755208333333 0.01904296875 0.037109375
1 0.447021484375 0.4388020833333333 0.01318359375 0.026041666666666668
1 0.13671875 0.7395833333333334 0.072265625 0.13671875
1 0.71630859375 0.5081380208333334 0.0263671875 0.052734375
1 0.604736328125 0.4215494791666667 0.00634765625 0.013671875
1 0.472900390625 0.4189453125 0.00537109375 0.012369791666666666
1 0.594482421875 0.4319661458333333 0.00927734375 0.017578125
1 0.4794921875 0.4147135416666667 0.0048828125 0.010416666666666666
1 0.46435546875 0.4270833333333333 0.0087890625 0.015625
1 0.56005859375 0.4182942708333333 0.0068359375 0.012369791666666666
1 0.900634765625 0.4537760416666667 0.01904296875 0.02734375
1 0.86083984375 0.4261067708333333 0.009765625 0.014973958333333334
1 0.880859375 0.4222005208333333 0.0078125 0.012369791666666666
1 0.732421875 0.4192708333333333 0.0068359375 0.01171875
1 0.59521484375 0.4140625 0.0048828125 0.009114583333333334
1 0.74755859375 0.416015625 0.0048828125 0.010416666666666666
1 0.78173828125 0.4140625 0.0048828125 0.0078125
1 0.931640625 0.4225260416666667 0.005859375 0.01171875
1 0.83642578125 0.4182942708333333 0.0048828125 0.011067708333333334
1 0.82373046875 0.4147135416666667 0.0048828125 0.010416666666666666
1 0.5556640625 0.4156901041666667 0.0048828125 0.009765625
1 0.5458984375 0.4111328125 0.0048828125 0.008463541666666666
