1 0.09912109375 0.7216796875 0.0888671875 0.134765625
1 0.849365234375 0.6197916666666666 0.05517578125 0.09505208333333333
1 0.375 0.4788411458333333 0.0205078125 0.039713541666666664
1 0.5869140625 0.43359375 0.01171875 0.020833333333333332
1 0.685546875 0.4964192708333333 0.0234375 0.043619791666666664
1 0.751220703125 0.4560546875 0.01416015625 0.026692708333333332
1 0.4248046875 0.4391276041666667 0.0126953125 0.024088541666666668
1 0.448486328125 0.4182942708333333 0.00732421875 0.016276041666666668
1 0.58837890625 0.4147135416666667 0.0078125 0.016927083333333332
1 0.4599609375 0.4095052083333333 0.005859375 0.013020833333333334
1 0.715087890625 0.4300130208333333 0.01123046875 0.020182291666666668
1 0.553466796875 0.41015625 0.00634765625 0.014322916666666666
1 0.568115234375 0.4195963541666667 0.00830078125 0.016276041666666668
1 0.54736328125 0.404296875 0.005859375 0.014322916666666666
1 0.822998046875 0.4293619791666667 0.00830078125 0.014973958333333334
1 0.70751953125 0.416015625 0.0048828125 0.01171875
1 0.842041015625 0.4309895833333333 0.00732421875 0.015625
1 0.87451171875 0.4169921875 0.0068359375 0.012369791666666666
1 0.69775390625 0.4052734375 0.0048828125 0.009765625
