1 0.081787109375 0.7646484375 0.09521484375 0.158203125
1 0.80615234375 0.662109375 0.0634765625 0.11328125
1 0.585693359375 0.4593098958333333 0.01416015625 0.026692708333333332
1 0.425048828125 0.4622395833333333 0.01318359375 0.02734375
1 0.454345703125 0.4466145833333333 0.01123046875 0.020833333333333332
1 0.625732421875 0.4895833333333333 0.01904296875 0.036458333333333336
1 0.174072265625 0.4908854166666667 0.01806640625 0.03515625
1 0.216064453125 0.455078125 0.01220703125 0.024739583333333332
1 0.3515625 0.4212239583333333 0.0048828125 0.009114583333333334
1 0.2802734375 0.4287109375 0.0048828125 0.009765625
1 0.3603515625 0.4404296875 0.009765625 0.018880208333333332
1 0.482421875 0.431640625 0.0087890625 0.015625
1 0.5546875 0.4322916666666667 0.0078125 0.018229166666666668
1 0.081787109375 0.4498697916666667 0.00927734375 0.016927083333333332
1 0.1953125 0.4397786458333333 0.0068359375 0.013671875
1 0.188720703125 0.4329427083333333 0.00634765625 0.01171875
1 0.3857421875 0.4261067708333333 0.005859375 0.009765625
1 0.1025390625 0.4361979166666667 0.0068359375 0.01171875
1 0.2294921875 0.4261067708333333 0.005859375 0.009765625
1 0.17041015625 0.4267578125 0.005859375 0.009765625
1 0.2578125 0.4153645833333333 0.0048828125 0.0078125
1 0.29345703125 0.4166666666666667 0.0048828125 0.0078125
1 0.2734375 0.4225260416666667 0.0048828125 0.009114583333333334
1 0.0224609375 0.4466145833333333 0.0087890625 0.014322916666666666
1 0.21533203125 0.4208984375 0.0048828125 0.008463541666666666
1 0.5458984375 0.42578125 0.005859375 0.01171875
1 0.53662109375 0.4153645833333333 0.0048828125 0.009114583333333334
1 0.48974609375 0.4182942708333333 0.0048828125 0.008463541666666666
1 0.4912109375 0.412109375 0.0048828125 0.009114583333333334
1 0.5107421875 0.4036458333333333 0.0048828125 0.006510416666666667
1 0.31689453125 0.412109375 0.0048828125 0.0078125
1 0.27001953125 0.4202473958333333 0.0048828125 0.008463541666666666
1 0.3046875 0.4091796875 0.0048828125 0.007161458333333333
1 0.33251953125 0.41015625 0.0048828125 0.0078125
1 0.27294921875 0.4124348958333333 0.0048828125 0.007161458333333333
1 0.2841796875 0.4111328125 0.0048828125 0.007161458333333333
1 0.40283203125 0.4134114583333333 0.0048828125 0.009114583333333334
1 0.45556640625 0.4065755208333333 0.0048828125 0.007161458333333333
1 0.4794921875 0.4088541666666667 0.0048828125 0.006510416666666667
1 0.47412109375 0.4036458333333333 0.0048828125 0.0078125
1 0.4248046875 0.4059244791666667 0.0048828125 0.007161458333333333
