1 0.57625 0.459375 0.05 0.175
0 0.31125 0.365625 0.03 0.125
0 0.851875 0.7359375 0.10375 0.303125
0 0.815625 0.3484375 0.03875 0.140625
0 0.40375 0.2640625 0.03 0.084375
1 0.519375 0.24375 0.03125 0.08125
0 0.265 0.2265625 0.0175 0.071875
1 0.86875 0.2453125 0.03 0.096875
1 0.175625 0.253125 0.02625 0.075
1 0.324375 0.303125 0.02375 0.09375
1 0.64 0.2140625 0.02 0.071875
1 0.7975 0.16875 0.0175 0.05625
1 0.42375 0.2140625 0.0175 0.071875
1 0.63 0.1625 0.0175 0.05625
0 0.889375 0.146875 0.01625 0.05625
1 0.519375 0.190625 0.01375 0.0625
1 0.4775 0.1828125 0.025 0.040625
1 0.709375 0.146875 0.01375 0.05
0 0.92125 0.1921875 0.025 0.053125
0 0.96125 0.13125 0.0125 0.05625
1 0.87 0.1265625 0.01 0.046875
