0 0.49125 0.4671875 0.0425 0.153125
1 0.609375 0.6078125 0.06125 0.221875
0 0.75875 0.7953125 0.085 0.296875
1 0.60875 0.3875 0.0325 0.1125
0 0.54375 0.4359375 0.0425 0.134375
1 0.375625 0.2984375 0.02625 0.090625
1 0.46375 0.2890625 0.0275 0.078125
1 0.56625 0.3078125 0.025 0.084375
0 0.845 0.15625 0.0375 0.10625
0 0.30375 0.30625 0.0275 0.09375
0 0.236875 0.30625 0.02875 0.10625
1 0.096875 0.315625 0.03125 0.11875
1 0.63 0.371875 0.0275 0.1125
1 0.355 0.2765625 0.02 0.084375
1 0.03 0.3578125 0.0375 0.140625
0 0.316875 0.1046875 0.02375 0.090625
1 0.069375 0.059375 0.01875 0.06875
1 0.203125 0.1515625 0.01875 0.071875
