0 0.17 0.7796875 0.08 0.234375
1 0.6675 0.4625 0.0325 0.1125
1 0.595625 0.365625 0.01625 0.0625
1 0.348125 0.4046875 0.01875 0.071875
1 0.43875 0.3453125 0.0125 0.053125
1 0.615 0.3171875 0.0125 0.046875
2 0.638125 0.2953125 0.01375 0.046875
1 0.51125 0.303125 0.015 0.05
0 0.67375 0.284375 0.0125 0.05
1 0.55625 0.2875 0.01 0.04375
1 0.68625 0.2671875 0.01 0.034375
1 0.5825 0.28125 0.0075 0.03125
0 0.735625 0.278125 0.01125 0.03125
0 0.24375 0.3109375 0.0125 0.040625
1 0.314375 0.2984375 0.01375 0.040625
