1 0.662353515625 0.4518229166666667 0.01318359375 0.024739583333333332
1 0.70654296875 0.4827473958333333 0.021484375 0.035807291666666664
0 0.404541015625 0.4654947916666667 0.01513671875 0.029947916666666668
0 0.443603515625 0.4401041666666667 0.01025390625 0.01953125
1 0.67041015625 0.4368489583333333 0.0087890625 0.016927083333333332
0 0.521240234375 0.42578125 0.00830078125 0.015625
1 0.594970703125 0.4143880208333333 0.00732421875 0.012369791666666666
0 0.650634765625 0.4069010416666667 0.00537109375 0.010416666666666666
1 0.69189453125 0.4244791666666667 0.0078125 0.014322916666666666
1 0.7080078125 0.4169921875 0.0078125 0.012369791666666666
1 0.73828125 0.4124348958333333 0.0087890625 0.018880208333333332
1 0.7685546875 0.4088541666666667 0.0048828125 0.009114583333333334
1 0.80517578125 0.4065755208333333 0.0048828125 0.009765625
0 0.71337890625 0.4029947916666667 0.0048828125 0.0078125
1 0.844482421875 0.4052734375 0.00537109375 0.008463541666666666
