2 0.6828125 0.4666666666666667 0.03125 0.07962962962962963
2 0.240625 0.49398148148148147 0.03125 0.08611111111111111
2 0.3611979166666667 0.36666666666666664 0.013020833333333334 0.040740740740740744
2 0.37552083333333336 0.3490740740740741 0.015625 0.03148148148148148
2 0.41484375 0.3101851851851852 0.008854166666666666 0.022222222222222223
2 0.5859375 0.3638888888888889 0.013541666666666667 0.037037037037037035
2 0.5372395833333333 0.337037037037037 0.0109375 0.027777777777777776
2 0.34479166666666666 0.33935185185185185 0.010416666666666666 0.028703703703703703
2 0.4890625 0.31712962962962965 0.007291666666666667 0.023148148148148147
2 0.24557291666666667 0.34120370370370373 0.0109375 0.023148148148148147
2 0.2984375 0.3398148148148148 0.009375 0.022222222222222223
2 0.2786458333333333 0.3106481481481482 0.00625 0.017592592592592594
