0 0.307373046875 0.5133463541666666 0.03271484375 0.051432291666666664
1 0.757080078125 0.5218098958333334 0.03466796875 0.048828125
1 0.658935546875 0.4658203125 0.02099609375 0.030598958333333332
1 0.597412109375 0.4371744791666667 0.01318359375 0.020182291666666668
0 0.44091796875 0.4651692708333333 0.017578125 0.029296875
1 0.562744140625 0.423828125 0.01025390625 0.016927083333333332
0 0.462890625 0.439453125 0.0146484375 0.024739583333333332
1 0.541748046875 0.4153645833333333 0.00830078125 0.014322916666666666
0 0.45263671875 0.4251302083333333 0.0078125 0.015625
1 0.52490234375 0.4075520833333333 0.0078125 0.013020833333333334
1 0.507568359375 0.4020182291666667 0.00732421875 0.011067708333333334
0 0.446533203125 0.4182942708333333 0.00927734375 0.013671875
1 0.49072265625 0.4007161458333333 0.0048828125 0.008463541666666666
1 0.4970703125 0.4007161458333333 0.0048828125 0.007161458333333333
1 0.4853515625 0.3997395833333333 0.0048828125 0.006510416666666667
1 0.4794921875 0.3997395833333333 0.0048828125 0.006510416666666667
1 0.47509765625 0.3994140625 0.0048828125 0.007161458333333333
0 0.44287109375 0.4117838541666667 0.0048828125 0.011067708333333334
0 0.44140625 0.4059244791666667 0.0048828125 0.011067708333333334
1 0.4697265625 0.3977864583333333 0.0048828125 0.006510416666666667
