1 0.227294921875 0.5992838541666666 0.04052734375 0.083984375
0 0.835205078125 0.5172526041666666 0.02294921875 0.052734375
1 0.740478515625 0.46484375 0.01513671875 0.032552083333333336
0 0.560791015625 0.451171875 0.01318359375 0.026041666666666668
1 0.79296875 0.45703125 0.0185546875 0.032552083333333336
0 0.51513671875 0.484375 0.0234375 0.045572916666666664
1 0.86376953125 0.4817708333333333 0.0185546875 0.0390625
1 0.750244140625 0.4459635416666667 0.01025390625 0.022135416666666668
0 0.458740234375 0.4261067708333333 0.00927734375 0.013671875
1 0.676025390625 0.4365234375 0.00830078125 0.018880208333333332
1 0.70458984375 0.4469401041666667 0.009765625 0.018880208333333332
0 0.5771484375 0.44140625 0.005859375 0.013020833333333334
