2 0.6372395833333333 0.3611111111111111 0.013020833333333334 0.03148148148148148
2 0.6247395833333333 0.31805555555555554 0.0078125 0.028703703703703703
2 0.6140625 0.3125 0.00625 0.013888888888888888
2 0.6953125 0.3236111111111111 0.005208333333333333 0.013888888888888888
2 0.37265625 0.3449074074074074 0.013020833333333334 0.032407407407407406
2 0.42109375 0.3101851851851852 0.0067708333333333336 0.020370370370370372
2 0.5309895833333333 0.30277777777777776 0.0046875 0.012962962962962963
2 0.72421875 0.33564814814814814 0.008854166666666666 0.028703703703703703
2 0.5927083333333333 0.31666666666666665 0.005208333333333333 0.016666666666666666
2 0.03984375 0.35833333333333334 0.009895833333333333 0.018518518518518517
2 0.11145833333333334 0.3578703703703704 0.010416666666666666 0.025
2 0.2598958333333333 0.31203703703703706 0.00625 0.014814814814814815
2 0.37578125 0.3023148148148148 0.005729166666666666 0.013888888888888888
2 0.31197916666666664 0.3037037037037037 0.007291666666666667 0.018518518518518517
2 0.09505208333333333 0.337037037037037 0.0067708333333333336 0.018518518518518517
2 0.15755208333333334 0.3194444444444444 0.0046875 0.012962962962962963
2 0.4119791666666667 0.30277777777777776 0.00625 0.012962962962962963
2 0.603125 0.2949074074074074 0.005208333333333333 0.012037037037037037
2 0.6447916666666667 0.29814814814814816 0.005208333333333333 0.009259259259259259
2 0.34270833333333334 0.29398148148148145 0.005208333333333333 0.008333333333333333
2 0.43203125 0.29398148148148145 0.0046875 0.010185185185185186
2 0.6861979166666666 0.3037037037037037 0.0046875 0.009259259259259259
2 0.5567708333333333 0.29305555555555557 0.005208333333333333 0.008333333333333333
2 0.30052083333333335 0.2916666666666667 0.005208333333333333 0.009259259259259259
