2 0.12109375 0.7462962962962963 0.06614583333333333 0.1685185185185185
2 0.31979166666666664 0.5907407407407408 0.051041666666666666 0.11666666666666667
2 0.3572916666666667 0.47314814814814815 0.030208333333333334 0.07222222222222222
2 0.91953125 0.6351851851851852 0.05260416666666667 0.12407407407407407
2 0.75078125 0.44027777777777777 0.024479166666666666 0.06018518518518518
2 0.3151041666666667 0.4361111111111111 0.022916666666666665 0.053703703703703705
2 0.27109375 0.4111111111111111 0.0171875 0.040740740740740744
2 0.17708333333333334 0.38657407407407407 0.011458333333333333 0.028703703703703703
2 0.6013020833333333 0.37962962962962965 0.016145833333333335 0.04259259259259259
2 0.26901041666666664 0.34953703703703703 0.008854166666666666 0.023148148148148147
2 0.4080729166666667 0.3439814814814815 0.011979166666666667 0.026851851851851852
2 0.17473958333333334 0.35185185185185186 0.0067708333333333336 0.018518518518518517
2 0.10026041666666667 0.38564814814814813 0.009895833333333333 0.025
