1 0.851875 0.5015625 0.05875 0.171875
1 0.67875 0.3578125 0.0275 0.096875
0 0.299375 0.69375 0.07125 0.21875
0 0.37625 0.4125 0.0225 0.10625
1 0.10875 0.3546875 0.03 0.078125
1 0.411875 0.3390625 0.01875 0.071875
0 0.89 0.371875 0.0425 0.0875
1 0.244375 0.284375 0.01875 0.06875
0 0.81 0.265625 0.0225 0.06875
1 0.58625 0.3015625 0.0175 0.059375
1 0.434375 0.3 0.01625 0.05
0 0.56625 0.2765625 0.015 0.053125
1 0.34625 0.2609375 0.015 0.040625
1 0.4475 0.2765625 0.0125 0.053125
1 0.68375 0.265625 0.02 0.0375
1 0.66 0.234375 0.0125 0.03125
1 0.708125 0.228125 0.01125 0.03125
0 0.584375 0.2671875 0.01125 0.028125
