1 0.747802734375 0.47265625 0.01611328125 0.028645833333333332
1 0.906005859375 0.5813802083333334 0.04443359375 0.07291666666666667
0 0.369140625 0.5042317708333334 0.02734375 0.050130208333333336
0 0.470947265625 0.4573567708333333 0.01611328125 0.026692708333333332
1 0.7080078125 0.4469401041666667 0.01171875 0.021484375
1 0.649658203125 0.4189453125 0.00732421875 0.013671875
1 0.673828125 0.4296875 0.009765625 0.016927083333333332
0 0.56591796875 0.4264322916666667 0.0087890625 0.015625
0 0.55029296875 0.4397786458333333 0.0126953125 0.021484375
1 0.63427734375 0.4127604166666667 0.0068359375 0.013020833333333334
0 0.55712890625 0.41796875 0.0068359375 0.01171875
1 0.62060546875 0.4059244791666667 0.0048828125 0.009765625
1 0.6064453125 0.4016927083333333 0.0048828125 0.0078125
1 0.59228515625 0.400390625 0.0048828125 0.006510416666666667
0 0.54736328125 0.4026692708333333 0.0048828125 0.009765625
1 0.597412109375 0.400390625 0.00537109375 0.0078125
0 0.548583984375 0.4065755208333333 0.00537109375 0.009765625
0 0.552490234375 0.412109375 0.00634765625 0.010416666666666666
1 0.58740234375 0.3997395833333333 0.0048828125 0.006510416666666667
1 0.58154296875 0.3984375 0.0048828125 0.006510416666666667
1 0.57763671875 0.3968098958333333 0.0048828125 0.007161458333333333
0 0.54248046875 0.4000651041666667 0.0048828125 0.007161458333333333
