1 0.301875 0.828125 0.07875 0.25
0 0.3875 0.5265625 0.0325 0.109375
1 0.791875 0.646875 0.05875 0.1875
0 0.435625 0.428125 0.02125 0.0875
0 0.78875 0.384375 0.0325 0.06875
1 0.7275 0.421875 0.035 0.09375
2 0.47125 0.3734375 0.0175 0.059375
1 0.874375 0.334375 0.02125 0.06875
1 0.954375 0.3171875 0.02875 0.053125
0 0.895625 0.3703125 0.03875 0.053125
0 0.91125 0.31875 0.02 0.06875
1 0.8575 0.25625 0.015 0.04375
1 0.57 0.315625 0.0125 0.04375
1 0.75125 0.2859375 0.0125 0.040625
1 0.79 0.2765625 0.0125 0.034375
1 0.66625 0.303125 0.02 0.0375
