1 0.225390625 0.6833333333333333 0.03828125 0.10277777777777777
1 0.712109375 0.5263888888888889 0.01796875 0.05277777777777778
1 0.517578125 0.4465277777777778 0.00859375 0.02361111111111111
1 0.419921875 0.49930555555555556 0.01640625 0.04027777777777778
1 0.79921875 0.6277777777777778 0.03125 0.08611111111111111
1 0.658984375 0.4583333333333333 0.01015625 0.027777777777777776
1 0.587890625 0.42916666666666664 0.00703125 0.022222222222222223
1 0.68046875 0.43333333333333335 0.0078125 0.019444444444444445
1 0.701171875 0.41458333333333336 0.00703125 0.018055555555555554
1 0.90859375 0.4222222222222222 0.0078125 0.027777777777777776
1 0.628125 0.4125 0.0078125 0.016666666666666666
1 0.66875 0.4027777777777778 0.0078125 0.013888888888888888
