0 0.17578125 0.6077473958333334 0.04296875 0.07877604166666667
1 0.42236328125 0.4557291666666667 0.017578125 0.032552083333333336
1 0.749755859375 0.50390625 0.03466796875 0.05078125
0 0.434326171875 0.4261067708333333 0.01025390625 0.020182291666666668
0 0.44873046875 0.4143880208333333 0.005859375 0.014973958333333334
1 0.59765625 0.4313151041666667 0.01171875 0.018880208333333332
1 0.538818359375 0.4088541666666667 0.00537109375 0.013020833333333334
1 0.517578125 0.4013671875 0.005859375 0.009765625
1 0.51171875 0.3968098958333333 0.0048828125 0.008463541666666666
0 0.4375 0.4069010416666667 0.005859375 0.01171875
0 0.44677734375 0.3977864583333333 0.0048828125 0.009114583333333334
