1 0.730224609375 0.5065104166666666 0.03173828125 0.05078125
0 0.34912109375 0.509765625 0.02734375 0.049479166666666664
1 0.61181640625 0.4420572916666667 0.0126953125 0.0234375
0 0.4462890625 0.4423828125 0.0126953125 0.022786458333333332
2 0.599853515625 0.4290364583333333 0.01123046875 0.029947916666666668
1 0.580810546875 0.423828125 0.00830078125 0.014322916666666666
2 0.59375 0.42578125 0.0078125 0.02734375
0 0.46923828125 0.423828125 0.005859375 0.014322916666666666
2 0.455810546875 0.4290364583333333 0.01025390625 0.02734375
2 0.4599609375 0.4251302083333333 0.0068359375 0.028645833333333332
1 0.5703125 0.4166666666666667 0.005859375 0.01171875
0 0.48291015625 0.4111328125 0.0048828125 0.009765625
0 0.473876953125 0.4166666666666667 0.00634765625 0.01171875
1 0.5556640625 0.41015625 0.0048828125 0.0078125
