1 0.456298828125 0.4733072916666667 0.02001953125 0.037760416666666664
1 0.3896484375 0.5270182291666666 0.03125 0.056640625
1 0.509765625 0.4280598958333333 0.009765625 0.018880208333333332
1 0.482421875 0.4475911458333333 0.0146484375 0.026692708333333332
1 0.8388671875 0.5725911458333334 0.0400390625 0.06966145833333333
1 0.648193359375 0.4361979166666667 0.01416015625 0.022135416666666668
1 0.6279296875 0.4169921875 0.0078125 0.014973958333333334
1 0.52490234375 0.412109375 0.0078125 0.015625
1 0.85986328125 0.4609375 0.017578125 0.029947916666666668
1 0.797119140625 0.4293619791666667 0.01318359375 0.020182291666666668
1 0.609619140625 0.4046223958333333 0.00537109375 0.011067708333333334
1 0.751220703125 0.4104817708333333 0.00830078125 0.013671875
1 0.919189453125 0.4231770833333333 0.01123046875 0.015625
1 0.9765625 0.4169921875 0.0078125 0.014973958333333334
1 0.531982421875 0.4065755208333333 0.00537109375 0.011067708333333334
1 0.5380859375 0.4039713541666667 0.0048828125 0.009765625
1 0.6357421875 0.3990885416666667 0.0048828125 0.006510416666666667
1 0.6240234375 0.4020182291666667 0.0048828125 0.007161458333333333
1 0.71630859375 0.4013671875 0.0048828125 0.007161458333333333
1 0.5419921875 0.4026692708333333 0.0048828125 0.009765625
1 0.59130859375 0.3977864583333333 0.0048828125 0.006510416666666667
1 0.6484375 0.3977864583333333 0.0048828125 0.006510416666666667
1 0.7353515625 0.4013671875 0.0048828125 0.008463541666666666
1 0.65625 0.3951822916666667 0.0048828125 0.006510416666666667
1 0.6845703125 0.3994140625 0.0048828125 0.007161458333333333
1 0.893310546875 0.40625 0.00634765625 0.009114583333333334
