2 0.00537109375 0.4541015625 0.0107421875 0.018880208333333332
2 0.102783203125 0.455078125 0.01416015625 0.022135416666666668
2 0.177490234375 0.439453125 0.01123046875 0.018229166666666668
2 0.258544921875 0.4104817708333333 0.00732421875 0.017578125
2 0.0927734375 0.4388020833333333 0.0087890625 0.014322916666666666
2 0.177001953125 0.4261067708333333 0.00830078125 0.013671875
2 0.25048828125 0.4251302083333333 0.0087890625 0.013020833333333334
2 0.268310546875 0.41015625 0.00830078125 0.016927083333333332
2 0.32275390625 0.4104817708333333 0.0078125 0.016276041666666668
2 0.225830078125 0.4186197916666667 0.00732421875 0.01171875
2 0.2939453125 0.4176432291666667 0.0068359375 0.013671875
2 0.32958984375 0.4091796875 0.0078125 0.018880208333333332
