1 0.66796875 0.5211588541666666 0.02734375 0.056640625
1 0.60107421875 0.4658203125 0.0185546875 0.033203125
1 0.398681640625 0.4723307291666667 0.02001953125 0.035807291666666664
1 0.4404296875 0.4469401041666667 0.013671875 0.027994791666666668
1 0.47607421875 0.427734375 0.0087890625 0.015625
1 0.05810546875 0.5279947916666666 0.0302734375 0.046875
1 0.161376953125 0.4622395833333333 0.01416015625 0.024739583333333332
1 0.334716796875 0.4401041666666667 0.01513671875 0.020833333333333332
1 0.556640625 0.427734375 0.0087890625 0.015625
1 0.370361328125 0.4205729166666667 0.00634765625 0.013020833333333334
1 0.545654296875 0.4195963541666667 0.00537109375 0.011067708333333334
1 0.1572265625 0.4381510416666667 0.0068359375 0.014322916666666666
1 0.25634765625 0.4225260416666667 0.0078125 0.013020833333333334
1 0.534423828125 0.4059244791666667 0.00537109375 0.009765625
1 0.48388671875 0.4091796875 0.0068359375 0.011067708333333334
1 0.191650390625 0.4143880208333333 0.00537109375 0.009765625
1 0.140380859375 0.4208984375 0.00732421875 0.012369791666666666
1 0.156005859375 0.4290364583333333 0.00732421875 0.014322916666666666
1 0.3916015625 0.4049479166666667 0.0048828125 0.009114583333333334
1 0.52783203125 0.3961588541666667 0.0048828125 0.007161458333333333
1 0.334716796875 0.4140625 0.00537109375 0.010416666666666666
1 0.47412109375 0.3994140625 0.0048828125 0.007161458333333333
1 0.44921875 0.3981119791666667 0.0048828125 0.007161458333333333
1 0.024169921875 0.4501953125 0.01025390625 0.016276041666666668
1 0.204345703125 0.4202473958333333 0.00537109375 0.011067708333333334
1 0.060546875 0.4329427083333333 0.0068359375 0.013020833333333334
1 0.2763671875 0.4091796875 0.0048828125 0.008463541666666666
1 0.30224609375 0.404296875 0.0048828125 0.0078125
1 0.2392578125 0.4072265625 0.0048828125 0.008463541666666666
1 0.4306640625 0.3938802083333333 0.0048828125 0.006510416666666667
1 0.41650390625 0.3971354166666667 0.0048828125 0.006510416666666667
1 0.40087890625 0.3951822916666667 0.0048828125 0.006510416666666667
1 0.48681640625 0.4026692708333333 0.0048828125 0.007161458333333333
