2 0.1171875 0.4446614583333333 0.0107421875 0.016927083333333332
2 0.087890625 0.4391276041666667 0.0087890625 0.013671875
2 0.012939453125 0.4641927083333333 0.01416015625 0.020833333333333332
2 0.020263671875 0.4485677083333333 0.01025390625 0.015625
2 0.1474609375 0.4319661458333333 0.0078125 0.012369791666666666
2 0.177001953125 0.4358723958333333 0.00830078125 0.014973958333333334
2 0.189697265625 0.4261067708333333 0.00537109375 0.011067708333333334
2 0.2255859375 0.4270833333333333 0.0078125 0.01171875
2 0.25732421875 0.4222005208333333 0.0048828125 0.009765625
2 0.291015625 0.4166666666666667 0.0048828125 0.0078125
2 0.31640625 0.412109375 0.0048828125 0.0078125
2 0.28759765625 0.4108072916666667 0.0048828125 0.0078125
2 0.2587890625 0.4150390625 0.0048828125 0.008463541666666666
