1 0.287109375 0.5270833333333333 0.02734375 0.0625
1 0.7015625 0.5548611111111111 0.03125 0.07916666666666666
1 0.474609375 0.4354166666666667 0.00859375 0.029166666666666667
1 0.65859375 0.45208333333333334 0.0171875 0.0375
1 0.6984375 0.4263888888888889 0.009375 0.027777777777777776
1 0.650390625 0.40208333333333335 0.00859375 0.02361111111111111
1 0.754296875 0.4131944444444444 0.00859375 0.02361111111111111
1 0.57890625 0.4131944444444444 0.0078125 0.018055555555555554
1 0.6984375 0.39861111111111114 0.0078125 0.016666666666666666
1 0.82421875 0.4097222222222222 0.009375 0.016666666666666666
