1 0.87451171875 0.5843098958333334 0.0478515625 0.07877604166666667
0 0.40869140625 0.4453125 0.017578125 0.028645833333333332
0 0.451904296875 0.4195963541666667 0.01025390625 0.018880208333333332
0 0.344482421875 0.5045572916666666 0.03564453125 0.05078125
1 0.631103515625 0.4488932291666667 0.02001953125 0.029296875
0 0.514404296875 0.4049479166666667 0.00830078125 0.013020833333333334
0 0.471435546875 0.4091796875 0.00927734375 0.016276041666666668
1 0.630615234375 0.408203125 0.00537109375 0.01171875
1 0.590087890625 0.4202473958333333 0.00927734375 0.017578125
1 0.702392578125 0.4098307291666667 0.00634765625 0.011067708333333334
1 0.646484375 0.4029947916666667 0.0048828125 0.0078125
1 0.811767578125 0.4140625 0.00830078125 0.014322916666666666
0 0.573974609375 0.4026692708333333 0.00537109375 0.011067708333333334
1 0.58740234375 0.4134114583333333 0.009765625 0.018229166666666668
