2 0.2587890625 0.4638671875 0.0205078125 0.044921875
2 0.239501953125 0.4609375 0.01806640625 0.041666666666666664
2 0.0517578125 0.4990234375 0.0283203125 0.056640625
1 0.201904296875 0.4612630208333333 0.01318359375 0.021484375
2 0.036376953125 0.4921875 0.02197265625 0.05078125
1 0.16162109375 0.4563802083333333 0.0107421875 0.01953125
1 0.09716796875 0.4446614583333333 0.0068359375 0.013020833333333334
1 0.081787109375 0.4417317708333333 0.00634765625 0.011067708333333334
1 0.117919921875 0.4479166666666667 0.00830078125 0.014322916666666666
1 0.0673828125 0.4388020833333333 0.0068359375 0.01171875
0 0.013427734375 0.4739583333333333 0.01416015625 0.024739583333333332
