0 0.240625 0.69375 0.06625 0.2
1 0.629375 0.3515625 0.02375 0.090625
0 0.36875 0.4359375 0.0325 0.109375
1 0.834375 0.5296875 0.06875 0.178125
0 0.41875 0.340625 0.02 0.06875
1 0.760625 0.2875 0.03125 0.0625
0 0.5975 0.30625 0.0175 0.0625
1 0.44 0.303125 0.015 0.05625
1 0.15625 0.33125 0.0325 0.0875
0 0.616875 0.2765625 0.01625 0.046875
0 0.37375 0.3109375 0.0175 0.046875
0 0.48 0.2703125 0.01 0.046875
0 0.980625 0.31875 0.02375 0.0875
0 0.424375 0.278125 0.01125 0.0375
1 0.775625 0.225 0.01625 0.04375
0 0.5425 0.246875 0.0075 0.03125
1 0.63875 0.23125 0.01 0.0375
