1 0.30419921875 0.5849609375 0.0478515625 0.08138020833333333
1 0.42041015625 0.4680989583333333 0.01953125 0.033854166666666664
1 0.607177734375 0.4606119791666667 0.01708984375 0.029296875
1 0.44921875 0.4417317708333333 0.01171875 0.020182291666666668
1 0.573974609375 0.4391276041666667 0.01025390625 0.020182291666666668
1 0.55126953125 0.4290364583333333 0.0068359375 0.014322916666666666
1 0.696044921875 0.4358723958333333 0.01025390625 0.016276041666666668
1 0.803955078125 0.435546875 0.00927734375 0.014322916666666666
1 0.6005859375 0.4225260416666667 0.005859375 0.010416666666666666
1 0.764892578125 0.4290364583333333 0.00634765625 0.010416666666666666
1 0.912353515625 0.4541015625 0.01220703125 0.018880208333333332
1 0.771240234375 0.4231770833333333 0.00537109375 0.01171875
1 0.70361328125 0.4212239583333333 0.005859375 0.010416666666666666
1 0.754150390625 0.4208984375 0.00537109375 0.009765625
1 0.54248046875 0.4235026041666667 0.005859375 0.011067708333333334
1 0.619140625 0.4091796875 0.0048828125 0.008463541666666666
1 0.68310546875 0.416015625 0.0048828125 0.009114583333333334
1 0.556640625 0.4114583333333333 0.0048828125 0.0078125
1 0.96142578125 0.4420572916666667 0.0107421875 0.020833333333333332
1 0.869140625 0.4352213541666667 0.0078125 0.016276041666666668
1 0.46728515625 0.4235026041666667 0.0068359375 0.013671875
1 0.47314453125 0.419921875 0.0048828125 0.01171875
1 0.48193359375 0.4153645833333333 0.0048828125 0.009114583333333334
1 0.569091796875 0.4156901041666667 0.00537109375 0.009765625
1 0.53759765625 0.4166666666666667 0.0048828125 0.010416666666666666
1 0.6484375 0.4124348958333333 0.0048828125 0.008463541666666666
1 0.67236328125 0.41796875 0.0048828125 0.009114583333333334
1 0.58349609375 0.4114583333333333 0.0048828125 0.009114583333333334
1 0.73681640625 0.4189453125 0.0048828125 0.009765625
1 0.70947265625 0.412109375 0.0048828125 0.0078125
1 0.75146484375 0.4150390625 0.0048828125 0.009765625
