1 0.754296875 0.4756944444444444 0.02421875 0.05416666666666667
1 0.440625 0.5097222222222222 0.0234375 0.05555555555555555
0 0.41953125 0.5145833333333333 0.01875 0.04861111111111111
1 0.4796875 0.4375 0.0078125 0.025
0 0.1125 0.55 0.0109375 0.03333333333333333
0 0.19140625 0.5472222222222223 0.0140625 0.03888888888888889
0 0.2125 0.4930555555555556 0.0078125 0.027777777777777776
1 0.632421875 0.42083333333333334 0.00703125 0.025
0 0.468359375 0.44027777777777777 0.01015625 0.027777777777777776
0 0.229296875 0.48541666666666666 0.01171875 0.02638888888888889
0 0.341796875 0.45694444444444443 0.00703125 0.019444444444444445
