0 0.25 0.5354817708333334 0.0390625 0.072265625
1 0.80908203125 0.486328125 0.0283203125 0.0390625
0 0.47802734375 0.4459635416666667 0.017578125 0.037760416666666664
1 0.7666015625 0.4391276041666667 0.0126953125 0.027994791666666668
1 0.75927734375 0.419921875 0.0107421875 0.0234375
0 0.5908203125 0.416015625 0.0166015625 0.020833333333333332
1 0.77783203125 0.4104817708333333 0.0146484375 0.020182291666666668
0 0.652099609375 0.3997395833333333 0.01123046875 0.022135416666666668
1 0.802734375 0.4036458333333333 0.01171875 0.022135416666666668
1 0.873779296875 0.3990885416666667 0.01220703125 0.018229166666666668
