0 0.29541015625 0.52734375 0.0185546875 0.033854166666666664
0 0.1611328125 0.6875 0.05859375 0.11458333333333333
1 0.57275390625 0.5130208333333334 0.0166015625 0.033854166666666664
1 0.82177734375 0.6412760416666666 0.0478515625 0.08723958333333333
1 0.4501953125 0.4934895833333333 0.01171875 0.0234375
1 0.39404296875 0.4830729166666667 0.0107421875 0.020833333333333332
1 0.34716796875 0.478515625 0.0087890625 0.016927083333333332
0 0.25634765625 0.4954427083333333 0.0126953125 0.016927083333333332
1 0.3173828125 0.4765625 0.009765625 0.018229166666666668
0 0.28125 0.5052083333333334 0.01171875 0.028645833333333332
0 0.22998046875 0.4895833333333333 0.0107421875 0.018229166666666668
0 0.15478515625 0.4889322916666667 0.0087890625 0.014322916666666666
0 0.19873046875 0.48828125 0.0126953125 0.015625
1 0.2685546875 0.4759114583333333 0.009765625 0.016927083333333332
0 0.115234375 0.490234375 0.0078125 0.01953125
