2 0.199951171875 0.6197916666666666 0.07373046875 0.16276041666666666
1 0.68896484375 0.5149739583333334 0.037109375 0.055989583333333336
2 0.850341796875 0.62890625 0.08837890625 0.17447916666666666
0 0.316162109375 0.5338541666666666 0.03369140625 0.059895833333333336
1 0.60986328125 0.4645182291666667 0.021484375 0.034505208333333336
0 0.38916015625 0.4625651041666667 0.0166015625 0.031901041666666664
0 0.427490234375 0.4241536458333333 0.01318359375 0.021484375
1 0.559814453125 0.4274088541666667 0.01025390625 0.018880208333333332
1 0.544677734375 0.4130859375 0.00927734375 0.016276041666666668
2 0.048095703125 0.8421223958333334 0.09423828125 0.2584635416666667
1 0.533203125 0.408203125 0.0068359375 0.013020833333333334
1 0.524658203125 0.4013671875 0.00537109375 0.011067708333333334
0 0.451171875 0.4020182291666667 0.0048828125 0.011067708333333334
0 0.4580078125 0.3968098958333333 0.0048828125 0.008463541666666666
0 0.441162109375 0.4114583333333333 0.00634765625 0.013020833333333334
1 0.5205078125 0.396484375 0.0048828125 0.010416666666666666
0 0.44580078125 0.4069010416666667 0.005859375 0.013020833333333334
1 0.51806640625 0.3932291666666667 0.0048828125 0.009114583333333334
