0 0.629375 0.5078125 0.04125 0.140625
0 0.818125 0.3640625 0.03625 0.090625
0 0.55125 0.371875 0.0225 0.0875
2 0.8975 0.45625 0.065 0.1125
1 0.3725 0.5046875 0.045 0.171875
1 0.424375 0.3890625 0.02875 0.090625
1 0.3825 0.35 0.0175 0.06875
0 0.488125 0.3109375 0.01625 0.065625
0 0.43 0.2953125 0.015 0.053125
2 0.621875 0.2015625 0.01375 0.046875
0 0.84875 0.24375 0.015 0.05625
0 0.39375 0.275 0.01 0.04375
1 0.791875 0.215625 0.01125 0.0375
1 0.68 0.21875 0.01 0.0375
0 0.72625 0.25 0.0175 0.03125
1 0.7325 0.221875 0.01 0.03125
1 0.93 0.2125 0.0125 0.0375
1 0.10125 0.9625 0.06 0.06875
