1 0.74609375 0.5084635416666666 0.0302734375 0.0546875
0 0.318603515625 0.4798177083333333 0.02490234375 0.04296875
0 0.391845703125 0.4348958333333333 0.01416015625 0.026041666666666668
0 0.487548828125 0.4134114583333333 0.01025390625 0.018229166666666668
1 0.662353515625 0.44921875 0.01904296875 0.033854166666666664
1 0.677734375 0.4098307291666667 0.0087890625 0.016276041666666668
1 0.659912109375 0.4274088541666667 0.01220703125 0.022786458333333332
1 0.72119140625 0.3938802083333333 0.0068359375 0.013020833333333334
0 0.568359375 0.3974609375 0.0087890625 0.013671875
0 0.6259765625 0.388671875 0.0048828125 0.010416666666666666
0 0.69189453125 0.40234375 0.0078125 0.014322916666666666
1 0.78759765625 0.3899739583333333 0.0068359375 0.010416666666666666
1 0.75244140625 0.392578125 0.0078125 0.01171875
0 0.69287109375 0.38671875 0.0048828125 0.009114583333333334
0 0.72900390625 0.3850911458333333 0.0048828125 0.008463541666666666
