1 0.376875 0.834375 0.07875 0.275
1 0.3925 0.5046875 0.045 0.146875
0 0.620625 0.475 0.03625 0.125
1 0.349375 0.3859375 0.02375 0.090625
0 0.526875 0.359375 0.02125 0.075
1 0.363125 0.3203125 0.01375 0.059375
1 0.411875 0.2640625 0.00875 0.040625
1 0.4925 0.303125 0.0125 0.05625
1 0.505625 0.325 0.01875 0.05625
1 0.46625 0.2453125 0.01 0.034375
1 0.37875 0.2859375 0.0125 0.059375
1 0.92375 0.221875 0.0225 0.075
1 0.7625 0.209375 0.03 0.05
1 0.949375 0.2421875 0.01125 0.034375
0 0.51 0.271875 0.01 0.0375
