0 0.565625 0.5076013513513513 0.05375 0.10304054054054054
1 0.03375 0.5084459459459459 0.0675 0.10810810810810811
0 0.255 0.4839527027027027 0.03 0.052364864864864864
0 0.46 0.4890202702702703 0.0325 0.06925675675675676
0 0.1825 0.4831081081081081 0.0275 0.05067567567567568
0 0.06375 0.47888513513513514 0.0275 0.048986486486486486
0 0.115625 0.47297297297297297 0.01875 0.033783783783783786
0 0.216875 0.47381756756756754 0.01375 0.028716216216216218
1 0.155625 0.46790540540540543 0.01125 0.02364864864864865
0 0.31875 0.47297297297297297 0.01 0.02027027027027027
1 0.20125 0.46959459459459457 0.01 0.02364864864864865
0 0.27 0.4721283783783784 0.01 0.02533783783783784
1 0.23375 0.46875 0.01 0.02195945945945946
0 0.301875 0.47466216216216217 0.00875 0.02027027027027027
