2 0.8190104166666666 0.624537037037037 0.04114583333333333 0.10833333333333334
2 0.8109375 0.4449074074074074 0.017708333333333333 0.041666666666666664
2 0.30234375 0.45092592592592595 0.034895833333333334 0.07407407407407407
2 0.5856770833333333 0.37592592592592594 0.013020833333333334 0.03148148148148148
2 0.86953125 0.41805555555555557 0.009895833333333333 0.023148148148148147
2 0.9296875 0.41805555555555557 0.007291666666666667 0.021296296296296296
2 0.24505208333333334 0.3611111111111111 0.015104166666666667 0.05185185185185185
2 0.7361979166666667 0.36944444444444446 0.008854166666666666 0.024074074074074074
2 0.8109375 0.375 0.007291666666666667 0.018518518518518517
2 0.21380208333333334 0.36527777777777776 0.0265625 0.026851851851851852
