0 0.3447265625 0.5315755208333334 0.0322265625 0.057942708333333336
0 0.37451171875 0.462890625 0.0146484375 0.028645833333333332
1 0.53759765625 0.4332682291666667 0.01171875 0.021484375
1 0.688720703125 0.5126953125 0.02880859375 0.052734375
1 0.580078125 0.4544270833333333 0.015625 0.028645833333333332
0 0.3837890625 0.4401041666666667 0.01171875 0.020833333333333332
1 0.510009765625 0.41796875 0.00927734375 0.018229166666666668
1 0.475830078125 0.4069010416666667 0.00537109375 0.010416666666666666
1 0.488525390625 0.4098307291666667 0.00732421875 0.012369791666666666
1 0.46923828125 0.4059244791666667 0.0048828125 0.009765625
0 0.3896484375 0.4264322916666667 0.0078125 0.013020833333333334
1 0.46337890625 0.4049479166666667 0.0048828125 0.009114583333333334
1 0.45654296875 0.4039713541666667 0.0048828125 0.007161458333333333
