1 0.3349609375 0.5276692708333334 0.033203125 0.055338541666666664
1 0.42041015625 0.4508463541666667 0.0146484375 0.029296875
1 0.702880859375 0.5071614583333334 0.02685546875 0.046875
1 0.638427734375 0.4625651041666667 0.01611328125 0.030598958333333332
1 0.57763671875 0.4264322916666667 0.0087890625 0.018229166666666668
1 0.44775390625 0.427734375 0.01171875 0.01953125
1 0.705322265625 0.44140625 0.00927734375 0.01953125
1 0.68701171875 0.4241536458333333 0.0087890625 0.017578125
1 0.68359375 0.4052734375 0.0068359375 0.012369791666666666
1 0.4697265625 0.4069010416666667 0.0048828125 0.01171875
1 0.58251953125 0.4111328125 0.005859375 0.013671875
1 0.563720703125 0.4156901041666667 0.00732421875 0.013671875
1 0.552001953125 0.4075520833333333 0.00537109375 0.010416666666666666
1 0.461181640625 0.4140625 0.00830078125 0.014322916666666666
1 0.78662109375 0.4264322916666667 0.0087890625 0.015625
1 0.80224609375 0.427734375 0.0078125 0.014322916666666666
1 0.840087890625 0.4150390625 0.00732421875 0.012369791666666666
1 0.54638671875 0.4036458333333333 0.0048828125 0.009114583333333334
1 0.7392578125 0.4010416666666667 0.0048828125 0.009114583333333334
1 0.5400390625 0.3990885416666667 0.0048828125 0.010416666666666666
1 0.47607421875 0.4010416666666667 0.0048828125 0.009114583333333334
1 0.81201171875 0.4049479166666667 0.0048828125 0.009114583333333334
1 0.7822265625 0.4065755208333333 0.0048828125 0.009765625
