0 0.17041015625 0.6689453125 0.07421875 0.115234375
0 0.4365234375 0.4612630208333333 0.01953125 0.035807291666666664
0 0.551513671875 0.4169921875 0.01318359375 0.020182291666666668
1 0.674072265625 0.4326171875 0.01513671875 0.025390625
0 0.48486328125 0.4270833333333333 0.0126953125 0.0234375
1 0.7255859375 0.4248046875 0.01171875 0.018880208333333332
1 0.71044921875 0.462890625 0.0224609375 0.037760416666666664
0 0.731201171875 0.4127604166666667 0.00634765625 0.014322916666666666
1 0.634033203125 0.412109375 0.00830078125 0.015625
1 0.82763671875 0.4261067708333333 0.009765625 0.014973958333333334
1 0.992919921875 0.4326171875 0.01318359375 0.020182291666666668
0 0.829833984375 0.4147135416666667 0.00537109375 0.014322916666666666
