2 0.183837890625 0.5065104166666666 0.03759765625 0.07682291666666667
2 0.1953125 0.4866536458333333 0.0263671875 0.06705729166666667
2 0.459228515625 0.4759114583333333 0.02587890625 0.0625
2 0.4404296875 0.4671223958333333 0.0244140625 0.059244791666666664
1 0.408935546875 0.4557291666666667 0.01806640625 0.02734375
1 0.3759765625 0.4420572916666667 0.01171875 0.0234375
1 0.337890625 0.4195963541666667 0.0068359375 0.013671875
0 0.232421875 0.4488932291666667 0.01171875 0.025390625
0 0.214599609375 0.4729817708333333 0.01318359375 0.031901041666666664
1 0.348388671875 0.4261067708333333 0.00732421875 0.014973958333333334
1 0.3291015625 0.4147135416666667 0.005859375 0.01171875
1 0.322265625 0.4108072916666667 0.0048828125 0.010416666666666666
0 0.245849609375 0.4306640625 0.00830078125 0.014973958333333334
0 0.251953125 0.423828125 0.0048828125 0.010416666666666666
0 0.25390625 0.4192708333333333 0.0048828125 0.010416666666666666
0 0.25634765625 0.4147135416666667 0.0048828125 0.0078125
0 0.2607421875 0.4098307291666667 0.0048828125 0.007161458333333333
1 0.318359375 0.4069010416666667 0.0048828125 0.0078125
1 0.3154296875 0.404296875 0.0048828125 0.0078125
