1 0.93046875 0.7597222222222222 0.0546875 0.1388888888888889
1 0.16484375 0.6847222222222222 0.040625 0.1
1 0.731640625 0.4909722222222222 0.01640625 0.0375
1 0.60859375 0.44027777777777777 0.009375 0.022222222222222223
1 0.525390625 0.4701388888888889 0.01640625 0.034722222222222224
1 0.66875 0.4284722222222222 0.0078125 0.018055555555555554
1 0.753125 0.45416666666666666 0.0109375 0.025
1 0.7796875 0.4409722222222222 0.0078125 0.018055555555555554
1 0.822265625 0.43194444444444446 0.00703125 0.016666666666666666
1 0.7421875 0.4222222222222222 0.0078125 0.013888888888888888
1 0.89296875 0.42986111111111114 0.0078125 0.0125
1 0.8859375 0.42291666666666666 0.0078125 0.0125
1 0.936328125 0.4305555555555556 0.00703125 0.013888888888888888
