1 0.63515625 0.4895833333333333 0.0171875 0.034722222222222224
1 0.290234375 0.6076388888888888 0.03828125 0.09583333333333334
1 0.40546875 0.49583333333333335 0.01875 0.041666666666666664
1 0.436328125 0.46944444444444444 0.01171875 0.027777777777777776
1 0.603515625 0.4756944444444444 0.00859375 0.018055555555555554
1 0.590625 0.46111111111111114 0.0078125 0.013888888888888888
1 0.5875 0.45416666666666666 0.0078125 0.013888888888888888
1 0.46640625 0.4576388888888889 0.0078125 0.020833333333333332
1 0.162109375 0.4486111111111111 0.00859375 0.025
1 0.49453125 0.45 0.0078125 0.013888888888888888
1 0.57109375 0.4444444444444444 0.0078125 0.013888888888888888
