0 0.197509765625 0.6787109375 0.06982421875 0.11393229166666667
0 0.410888671875 0.4755859375 0.02197265625 0.037109375
0 0.520751953125 0.4446614583333333 0.01025390625 0.022135416666666668
1 0.737060546875 0.484375 0.01806640625 0.03515625
1 0.77685546875 0.4563802083333333 0.0146484375 0.024739583333333332
0 0.631591796875 0.43359375 0.00927734375 0.016927083333333332
1 0.977783203125 0.6458333333333334 0.04248046875 0.09895833333333333
0 0.818603515625 0.4339192708333333 0.01025390625 0.017578125
0 0.75634765625 0.4342447916666667 0.013671875 0.01953125
0 0.872802734375 0.4352213541666667 0.01123046875 0.016276041666666668
1 0.91552734375 0.4602864583333333 0.015625 0.024739583333333332
