2 0.35885416666666664 0.4597222222222222 0.029166666666666667 0.0787037037037037
2 0.69375 0.4449074074074074 0.023958333333333335 0.0712962962962963
2 0.42682291666666666 0.3768518518518518 0.0109375 0.03888888888888889
2 0.6265625 0.37407407407407406 0.014583333333333334 0.03518518518518519
2 0.4265625 0.33194444444444443 0.009375 0.021296296296296296
2 0.45 0.3453703703703704 0.009375 0.024074074074074074
2 0.39114583333333336 0.3333333333333333 0.007291666666666667 0.016666666666666666
2 0.5869791666666667 0.3398148148148148 0.011458333333333333 0.027777777777777776
2 0.5575520833333333 0.33101851851851855 0.0109375 0.023148148148148147
2 0.34765625 0.33564814814814814 0.0078125 0.017592592592592594
2 0.35625 0.31805555555555554 0.005208333333333333 0.013888888888888888
2 0.26223958333333336 0.32916666666666666 0.005729166666666666 0.013888888888888888
2 0.25 0.3425925925925926 0.007291666666666667 0.016666666666666666
2 0.4669270833333333 0.31574074074074077 0.005729166666666666 0.014814814814814815
2 0.16666666666666666 0.3416666666666667 0.005208333333333333 0.012962962962962963
2 0.16588541666666667 0.3537037037037037 0.0067708333333333336 0.018518518518518517
2 0.03802083333333333 0.3814814814814815 0.007291666666666667 0.018518518518518517
2 0.07265625 0.3625 0.005729166666666666 0.01574074074074074
2 0.5231770833333333 0.32083333333333336 0.0067708333333333336 0.01574074074074074
2 0.45390625 0.33796296296296297 0.0067708333333333336 0.020370370370370372
