0 0.215576171875 0.5934244791666666 0.03662109375 0.07877604166666667
0 0.443115234375 0.4423828125 0.01220703125 0.020182291666666668
1 0.63330078125 0.4674479166666667 0.015625 0.032552083333333336
1 0.79833984375 0.6012369791666666 0.0478515625 0.08138020833333333
0 0.383544921875 0.4798177083333333 0.01611328125 0.03125
1 0.593017578125 0.4404296875 0.01025390625 0.020182291666666668
0 0.4697265625 0.4283854166666667 0.0078125 0.015625
0 0.482666015625 0.4205729166666667 0.00537109375 0.01171875
0 0.490234375 0.4156901041666667 0.0048828125 0.009765625
1 0.575927734375 0.4293619791666667 0.00537109375 0.014973958333333334
1 0.56591796875 0.421875 0.0048828125 0.01171875
1 0.5732421875 0.4127604166666667 0.0048828125 0.006510416666666667
1 0.5927734375 0.4108072916666667 0.0048828125 0.006510416666666667
1 0.5556640625 0.4098307291666667 0.0048828125 0.007161458333333333
