0 0.292236328125 0.5944010416666666 0.05126953125 0.0625
1 0.805419921875 0.5924479166666666 0.05224609375 0.08463541666666667
1 0.640380859375 0.4612630208333333 0.01904296875 0.035807291666666664
0 0.407958984375 0.4645182291666667 0.01806640625 0.035807291666666664
1 0.74462890625 0.4563802083333333 0.021484375 0.024739583333333332
1 0.5947265625 0.4309895833333333 0.0146484375 0.016927083333333332
1 0.57568359375 0.4143880208333333 0.0107421875 0.018880208333333332
0 0.430908203125 0.4332682291666667 0.01220703125 0.025390625
1 0.62255859375 0.4078776041666667 0.0087890625 0.016276041666666668
1 0.6552734375 0.4215494791666667 0.0126953125 0.021484375
1 0.901123046875 0.5 0.02685546875 0.046875
0 0.447998046875 0.4173177083333333 0.00927734375 0.020833333333333332
1 0.55615234375 0.4026692708333333 0.0078125 0.013671875
1 0.563720703125 0.4059244791666667 0.00732421875 0.013671875
0 0.787841796875 0.4228515625 0.00830078125 0.018880208333333332
0 0.891845703125 0.4423828125 0.01708984375 0.029296875
0 0.53466796875 0.3961588541666667 0.0048828125 0.007161458333333333
0 0.732666015625 0.4111328125 0.01220703125 0.012369791666666666
0 0.461181640625 0.4095052083333333 0.00634765625 0.010416666666666666
0 0.685302734375 0.4007161458333333 0.00537109375 0.009765625
1 0.59228515625 0.3990885416666667 0.0048828125 0.010416666666666666
1 0.563232421875 0.3987630208333333 0.00537109375 0.012369791666666666
1 0.549072265625 0.3990885416666667 0.00634765625 0.01171875
