1 0.328857421875 0.5563151041666666 0.04052734375 0.06315104166666667
1 0.700927734375 0.5755208333333334 0.04150390625 0.078125
1 0.5927734375 0.4677734375 0.0185546875 0.037109375
1 0.5458984375 0.4127604166666667 0.01171875 0.0234375
1 0.18603515625 0.4573567708333333 0.0146484375 0.024088541666666668
1 0.1962890625 0.4534505208333333 0.01171875 0.022786458333333332
1 0.44970703125 0.4208984375 0.009765625 0.017578125
1 0.304443359375 0.4091796875 0.00732421875 0.013671875
1 0.037841796875 0.43359375 0.01025390625 0.016927083333333332
1 0.1748046875 0.4326171875 0.0107421875 0.017578125
1 0.41015625 0.3942057291666667 0.0048828125 0.009765625
1 0.4619140625 0.4052734375 0.0087890625 0.014973958333333334
1 0.1259765625 0.416015625 0.0078125 0.01171875
1 0.44384765625 0.3984375 0.005859375 0.01171875
1 0.497802734375 0.3902994791666667 0.00537109375 0.009765625
1 0.537841796875 0.40234375 0.00830078125 0.014322916666666666
1 0.529296875 0.3935546875 0.0078125 0.011067708333333334
1 0.086181640625 0.4117838541666667 0.00634765625 0.012369791666666666
