2 0.640625 0.496875 0.03625 0.1125
1 0.05375 0.5390625 0.0475 0.109375
1 0.64875 0.390625 0.0175 0.06875
0 0.58125 0.415625 0.0225 0.08125
0 0.51 0.3609375 0.0175 0.040625
1 0.9325 0.403125 0.025 0.08125
1 0.343125 0.2453125 0.02875 0.096875
0 0.821875 0.4265625 0.03375 0.096875
0 0.229375 0.446875 0.03125 0.09375
1 0.94375 0.3609375 0.0175 0.078125
2 0.64625 0.340625 0.0125 0.05625
1 0.468125 0.33125 0.01125 0.04375
1 0.163125 0.39375 0.04875 0.15
0 0.563125 0.2375 0.01125 0.0375
1 0.62 0.334375 0.0125 0.04375
0 0.48 0.3046875 0.0075 0.034375
1 0.545 0.3234375 0.01 0.040625
1 0.420625 0.296875 0.00875 0.03125
1 0.394375 0.309375 0.00875 0.03125
1 0.44125 0.2890625 0.0075 0.021875
