2 0.783447265625 0.5706380208333334 0.04345703125 0.076171875
2 0.6396484375 0.4684244791666667 0.021484375 0.038411458333333336
2 0.21630859375 0.58984375 0.048828125 0.08333333333333333
2 0.35888671875 0.47265625 0.0224609375 0.0390625
2 0.402099609375 0.439453125 0.01611328125 0.02734375
2 0.419921875 0.4248046875 0.01171875 0.024088541666666668
2 0.587646484375 0.4365234375 0.01220703125 0.026692708333333332
2 0.447021484375 0.4130859375 0.00732421875 0.013671875
2 0.560302734375 0.4212239583333333 0.01025390625 0.016927083333333332
2 0.545166015625 0.4134114583333333 0.00830078125 0.014322916666666666
2 0.534912109375 0.4088541666666667 0.00732421875 0.014322916666666666
