2 0.04192708333333333 0.9138888888888889 0.08385416666666666 0.16296296296296298
2 0.21692708333333333 0.5726851851851852 0.04739583333333333 0.10833333333333334
2 0.63125 0.4083333333333333 0.021875 0.05185185185185185
2 0.24713541666666666 0.39490740740740743 0.016145833333333335 0.041666666666666664
2 0.209375 0.3597222222222222 0.011458333333333333 0.028703703703703703
2 0.4244791666666667 0.34953703703703703 0.014583333333333334 0.03425925925925926
2 0.12604166666666666 0.34814814814814815 0.009375 0.022222222222222223
2 0.3338541666666667 0.32222222222222224 0.009375 0.024074074074074074
2 0.24036458333333333 0.31805555555555554 0.008854166666666666 0.021296296296296296
2 0.08645833333333333 0.3398148148148148 0.010416666666666666 0.020370370370370372
