0 0.275390625 0.50625 0.01328125 0.0375
0 0.25 0.4986111111111111 0.0109375 0.030555555555555555
0 0.40625 0.45069444444444445 0.0109375 0.029166666666666667
2 0.9546875 0.4340277777777778 0.0328125 0.12638888888888888
0 0.92890625 0.45555555555555555 0.0171875 0.05555555555555555
0 0.887890625 0.42986111111111114 0.01640625 0.043055555555555555
0 0.0203125 0.6395833333333333 0.0203125 0.05694444444444444
0 0.0515625 0.5958333333333333 0.01875 0.04722222222222222
0 0.765625 0.39791666666666664 0.0109375 0.029166666666666667
0 0.37578125 0.45 0.009375 0.025
0 0.813671875 0.40625 0.01171875 0.0375
0 0.46328125 0.4215277777777778 0.0078125 0.020833333333333332
2 0.434765625 0.4222222222222222 0.00703125 0.022222222222222223
0 0.49921875 0.41805555555555557 0.0078125 0.025
0 0.7234375 0.39444444444444443 0.0109375 0.030555555555555555
2 0.228515625 0.49375 0.01171875 0.029166666666666667
2 0.343359375 0.45069444444444445 0.00859375 0.02361111111111111
2 0.057421875 0.5756944444444444 0.01171875 0.0375
0 0.064453125 0.5590277777777778 0.01015625 0.02638888888888889
0 0.649609375 0.3951388888888889 0.00703125 0.020833333333333332
0 0.59765625 0.3972222222222222 0.0078125 0.022222222222222223
0 0.555078125 0.40069444444444446 0.00703125 0.020833333333333332
0 0.073046875 0.54375 0.00703125 0.02361111111111111
0 0.080078125 0.5298611111111111 0.00703125 0.018055555555555554
