1 0.25 0.4798611111111111 0.0515625 0.11527777777777778
1 0.377734375 0.35 0.02265625 0.05
1 0.71875 0.4215277777777778 0.021875 0.05138888888888889
1 0.3703125 0.31527777777777777 0.0140625 0.03333333333333333
1 0.9765625 0.7618055555555555 0.0453125 0.1875
1 0.34609375 0.29930555555555555 0.0109375 0.029166666666666667
1 0.56171875 0.325 0.009375 0.027777777777777776
1 0.47890625 0.30277777777777776 0.0078125 0.022222222222222223
1 0.38125 0.2791666666666667 0.0078125 0.019444444444444445
1 0.28515625 0.2791666666666667 0.0078125 0.025
1 0.34140625 0.26805555555555555 0.0078125 0.019444444444444445
