1 0.614501953125 0.4931640625 0.02392578125 0.044921875
1 0.739013671875 0.4781901041666667 0.02099609375 0.038411458333333336
1 0.928955078125 0.80859375 0.12158203125 0.16796875
1 0.966064453125 0.5862630208333334 0.05517578125 0.07747395833333333
0 0.261962890625 0.5113932291666666 0.02685546875 0.048828125
1 0.539306640625 0.4527994791666667 0.01611328125 0.030598958333333332
1 0.651611328125 0.4368489583333333 0.01220703125 0.0234375
0 0.09130859375 0.4674479166666667 0.017578125 0.026041666666666668
0 0.181640625 0.4645182291666667 0.0166015625 0.029296875
0 0.27001953125 0.47265625 0.0185546875 0.03515625
1 0.444580078125 0.4375 0.01318359375 0.0234375
1 0.355224609375 0.4345703125 0.01220703125 0.021484375
1 0.212890625 0.439453125 0.01171875 0.020833333333333332
0 0.942138671875 0.474609375 0.02099609375 0.0390625
0 0.78662109375 0.4358723958333333 0.0126953125 0.022786458333333332
1 0.074462890625 0.4456380208333333 0.01220703125 0.018880208333333332
1 0.60986328125 0.4189453125 0.009765625 0.017578125
0 0.71630859375 0.4176432291666667 0.0087890625 0.017578125
0 0.671142578125 0.4065755208333333 0.00732421875 0.013671875
0 0.64990234375 0.4016927083333333 0.0068359375 0.01171875
0 0.63037109375 0.396484375 0.0068359375 0.01171875
1 0.5830078125 0.4075520833333333 0.0078125 0.015625
1 0.565185546875 0.4010416666666667 0.00634765625 0.013020833333333334
0 0.6064453125 0.3893229166666667 0.0048828125 0.01171875
0 0.6171875 0.3922526041666667 0.0048828125 0.011067708333333334
0 0.59521484375 0.3870442708333333 0.0048828125 0.008463541666666666
1 0.554931640625 0.3948567708333333 0.00537109375 0.009765625
1 0.5478515625 0.3909505208333333 0.0048828125 0.009765625
