1 0.823125 0.871875 0.11375 0.24375
1 0.62625 0.4234375 0.0325 0.096875
1 0.423125 0.334375 0.01625 0.05625
1 0.08375 0.6296875 0.065 0.178125
0 0.371875 0.4140625 0.02375 0.078125
1 0.5325 0.2984375 0.0125 0.046875
1 0.31625 0.3 0.015 0.04375
1 0.300625 0.28125 0.01125 0.0375
0 0.600625 0.28125 0.00875 0.03125
0 0.39125 0.3125 0.0125 0.04375
0 0.581875 0.3296875 0.01375 0.059375
0 0.38 0.2859375 0.01 0.034375
0 0.22875 0.3 0.015 0.04375
1 0.20625 0.2875 0.015 0.04375
0 0.1225 0.3109375 0.015 0.040625
1 0.8275 0.325 0.02 0.04375
1 0.90875 0.2796875 0.0125 0.046875
1 0.10125 0.296875 0.015 0.04375
