1 0.455078125 0.4495442708333333 0.0166015625 0.027994791666666668
1 0.386962890625 0.5201822916666666 0.02978515625 0.05859375
1 0.733154296875 0.4957682291666667 0.02587890625 0.047526041666666664
1 0.664794921875 0.4456380208333333 0.01416015625 0.027994791666666668
1 0.752197265625 0.4410807291666667 0.01513671875 0.024088541666666668
1 0.507568359375 0.4147135416666667 0.01123046875 0.01953125
1 0.55615234375 0.40625 0.0107421875 0.016927083333333332
1 0.627197265625 0.4026692708333333 0.00927734375 0.014973958333333334
1 0.6796875 0.4212239583333333 0.013671875 0.020833333333333332
1 0.814697265625 0.431640625 0.01025390625 0.01953125
1 0.796875 0.416015625 0.0078125 0.015625
1 0.78369140625 0.4059244791666667 0.005859375 0.013671875
1 0.739501953125 0.4173177083333333 0.00927734375 0.016927083333333332
1 0.721435546875 0.4033203125 0.00732421875 0.012369791666666666
1 0.8642578125 0.4104817708333333 0.0078125 0.014973958333333334
1 0.899169921875 0.4231770833333333 0.01123046875 0.016927083333333332
