0 0.22900390625 0.5403645833333334 0.037109375 0.061197916666666664
1 0.96630859375 0.693359375 0.064453125 0.11979166666666667
1 0.7109375 0.4837239583333333 0.029296875 0.048177083333333336
0 0.433349609375 0.4563802083333333 0.01904296875 0.033854166666666664
2 0.27783203125 0.4293619791666667 0.015625 0.033203125
2 0.307373046875 0.4339192708333333 0.02587890625 0.022786458333333332
1 0.735595703125 0.4440104166666667 0.01611328125 0.020833333333333332
0 0.551025390625 0.4287109375 0.01318359375 0.017578125
1 0.781982421875 0.4348958333333333 0.00927734375 0.01953125
1 0.849853515625 0.4371744791666667 0.00732421875 0.017578125
0 0.648193359375 0.4202473958333333 0.00634765625 0.014973958333333334
0 0.725830078125 0.4208984375 0.00732421875 0.014973958333333334
