1 0.30875 0.8140625 0.0725 0.259375
0 0.44 0.4375 0.0325 0.06875
1 0.80125 0.471875 0.0425 0.1125
0 0.74 0.378125 0.025 0.0625
0 0.485625 0.34375 0.01625 0.05625
1 0.193125 0.5390625 0.05625 0.140625
0 0.110625 0.2671875 0.04875 0.134375
1 0.63625 0.2234375 0.02 0.065625
2 0.501875 0.3296875 0.01125 0.046875
1 0.545 0.303125 0.0075 0.03125
1 0.42 0.3515625 0.015 0.053125
1 0.5225 0.3109375 0.0075 0.034375
1 0.77875 0.3609375 0.0325 0.046875
0 0.736875 0.3171875 0.01375 0.053125
0 0.3 0.340625 0.0175 0.0625
0 0.405625 0.3265625 0.01125 0.046875
0 0.58625 0.2921875 0.0075 0.028125
