1 0.7919270833333333 0.4166666666666667 0.027604166666666666 0.07962962962962963
2 0.30833333333333335 0.4097222222222222 0.01875 0.05092592592592592
2 0.35104166666666664 0.36898148148148147 0.0125 0.03425925925925926
2 0.71640625 0.4060185185185185 0.018229166666666668 0.04537037037037037
2 0.7408854166666666 0.37037037037037035 0.0140625 0.027777777777777776
2 0.30963541666666666 0.3611111111111111 0.0109375 0.027777777777777776
2 0.21901041666666668 0.36712962962962964 0.009895833333333333 0.026851851851851852
2 0.5942708333333333 0.3439814814814815 0.008333333333333333 0.026851851851851852
2 0.121875 0.3902777777777778 0.009375 0.025
2 0.4471354166666667 0.32546296296296295 0.0078125 0.019444444444444445
2 0.32578125 0.3296296296296296 0.005729166666666666 0.012962962962962963
2 0.196875 0.350462962962963 0.009375 0.017592592592592594
2 0.6401041666666667 0.31666666666666665 0.008333333333333333 0.020370370370370372
2 0.8846354166666667 0.39351851851851855 0.011979166666666667 0.03148148148148148
2 0.05182291666666667 0.3875 0.0067708333333333336 0.021296296296296296
2 0.7026041666666667 0.3212962962962963 0.008333333333333333 0.020370370370370372
2 0.3033854166666667 0.3199074074074074 0.005729166666666666 0.012037037037037037
2 0.75546875 0.32083333333333336 0.0067708333333333336 0.013888888888888888
2 0.428125 0.30324074074074076 0.005208333333333333 0.010185185185185186
2 0.9950520833333333 0.4666666666666667 0.008854166666666666 0.046296296296296294
