1 0.27734375 0.5680555555555555 0.025 0.06388888888888888
1 0.40859375 0.5180555555555556 0.0109375 0.03333333333333333
0 0.3828125 0.5034722222222222 0.009375 0.02361111111111111
0 0.5328125 0.49166666666666664 0.0078125 0.019444444444444445
1 0.54296875 0.4895833333333333 0.0078125 0.018055555555555554
0 0.446875 0.4895833333333333 0.0078125 0.018055555555555554
1 0.618359375 0.5145833333333333 0.01015625 0.03194444444444444
1 0.68046875 0.4777777777777778 0.0078125 0.013888888888888888
1 0.66015625 0.4909722222222222 0.0078125 0.020833333333333332
1 0.59765625 0.47638888888888886 0.0078125 0.013888888888888888
0 0.5375 0.47638888888888886 0.0078125 0.013888888888888888
