1 0.41796875 0.43125 0.0140625 0.0375
0 0.259375 0.4395833333333333 0.0140625 0.034722222222222224
1 0.6875 0.4284722222222222 0.021875 0.05138888888888889
1 0.43515625 0.43194444444444446 0.015625 0.044444444444444446
1 0.636328125 0.3715277777777778 0.01328125 0.02638888888888889
1 0.61875 0.3590277777777778 0.0078125 0.020833333333333332
1 0.55 0.3548611111111111 0.0078125 0.015277777777777777
0 0.50703125 0.36319444444444443 0.0078125 0.015277777777777777
1 0.51328125 0.36180555555555555 0.0078125 0.018055555555555554
0 0.3875 0.3854166666666667 0.0078125 0.018055555555555554
1 0.64296875 0.3548611111111111 0.0078125 0.018055555555555554
1 0.19921875 0.4465277777777778 0.0140625 0.034722222222222224
