0 0.296630859375 0.5139973958333334 0.02783203125 0.047526041666666664
1 0.679443359375 0.5022786458333334 0.02783203125 0.050130208333333336
1 0.566650390625 0.4397786458333333 0.01123046875 0.022786458333333332
0 0.40087890625 0.4440104166666667 0.01171875 0.022135416666666668
1 0.53759765625 0.4228515625 0.0078125 0.014973958333333334
2 0.550537109375 0.4241536458333333 0.00927734375 0.029296875
2 0.411376953125 0.4303385416666667 0.01220703125 0.029947916666666668
2 0.415283203125 0.4264322916666667 0.01025390625 0.029947916666666668
2 0.555419921875 0.4280598958333333 0.01220703125 0.030598958333333332
0 0.441162109375 0.4114583333333333 0.00537109375 0.009114583333333334
1 0.527587890625 0.4156901041666667 0.00732421875 0.012369791666666666
0 0.426513671875 0.4241536458333333 0.00830078125 0.014973958333333334
0 0.45654296875 0.4075520833333333 0.0048828125 0.009114583333333334
1 0.5126953125 0.4088541666666667 0.005859375 0.010416666666666666
0 0.431884765625 0.4169921875 0.00537109375 0.012369791666666666
1 0.525390625 0.4059244791666667 0.0048828125 0.009765625
1 0.51513671875 0.4033203125 0.0048828125 0.009765625
