0 0.834375 0.5591216216216216 0.11875 0.16891891891891891
0 0.639375 0.5168918918918919 0.04875 0.10135135135135136
0 0.4275 0.4873310810810811 0.02 0.04560810810810811
0 0.5575 0.5016891891891891 0.035 0.07094594594594594
0 0.489375 0.49577702702702703 0.02875 0.0625
0 0.345625 0.4831081081081081 0.01875 0.04054054054054054
0 0.268125 0.48057432432432434 0.01875 0.03885135135135135
1 0.023125 0.5464527027027027 0.04625 0.14358108108108109
1 0.163125 0.5 0.03625 0.07094594594594594
1 0.13 0.4864864864864865 0.03 0.05405405405405406
0 0.20625 0.47381756756756754 0.0175 0.03547297297297297
0 0.30375 0.47297297297297297 0.015 0.030405405405405407
2 0.285625 0.47297297297297297 0.01375 0.02702702702702703
1 0.035 0.5135135135135135 0.045 0.10135135135135136
1 0.06625 0.47550675675675674 0.025 0.048986486486486486
