0 0.715625 0.5456081081081081 0.10125 0.18243243243243243
0 0.524375 0.504222972972973 0.04875 0.09966216216216216
0 0.265625 0.49324324324324326 0.03875 0.06418918918918919
0 0.1825 0.4873310810810811 0.0325 0.0625
0 0.054375 0.4831081081081081 0.02875 0.05405405405405406
0 0.135 0.47297297297297297 0.02 0.037162162162162164
0 0.04125 0.47550675675675674 0.0225 0.04222972972972973
0 0.311875 0.47550675675675674 0.01125 0.02533783783783784
0 0.389375 0.47635135135135137 0.01125 0.02027027027027027
0 0.36875 0.47635135135135137 0.0125 0.02364864864864865
0 0.349375 0.47719594594594594 0.01125 0.02533783783783784
1 0.288125 0.47381756756756754 0.00875 0.018581081081081082
