1 0.672607421875 0.5139973958333334 0.03564453125 0.055338541666666664
1 0.346435546875 0.4537760416666667 0.01806640625 0.032552083333333336
1 0.130615234375 0.5061848958333334 0.02978515625 0.044921875
1 0.23779296875 0.4358723958333333 0.0126953125 0.020182291666666668
1 0.080810546875 0.4671223958333333 0.02001953125 0.030598958333333332
1 0.170166015625 0.42578125 0.01318359375 0.020833333333333332
1 0.0654296875 0.4078776041666667 0.009765625 0.013671875
1 0.032470703125 0.794921875 0.06396484375 0.14583333333333334
1 0.027099609375 0.4309895833333333 0.01220703125 0.020833333333333332
1 0.047607421875 0.4055989583333333 0.00634765625 0.01171875
1 0.1279296875 0.4176432291666667 0.0087890625 0.016276041666666668
