1 0.21171875 0.7583333333333333 0.0453125 0.125
1 0.30390625 0.60625 0.0234375 0.0763888888888889
1 0.302734375 0.5298611111111111 0.01484375 0.043055555555555555
1 0.533203125 0.48125 0.01796875 0.043055555555555555
1 0.77578125 0.6465277777777778 0.0453125 0.11527777777777778
1 0.413671875 0.4597222222222222 0.01171875 0.030555555555555555
1 0.37109375 0.4548611111111111 0.009375 0.020833333333333332
1 0.278515625 0.49722222222222223 0.01171875 0.03333333333333333
1 0.217578125 0.5034722222222222 0.00859375 0.029166666666666667
1 0.34375 0.4513888888888889 0.0078125 0.016666666666666666
1 0.1578125 0.4965277777777778 0.0078125 0.018055555555555554
1 0.16640625 0.50625 0.009375 0.02638888888888889
1 0.259375 0.4701388888888889 0.0078125 0.018055555555555554
1 0.325 0.4479166666666667 0.0078125 0.018055555555555554
1 0.24921875 0.4597222222222222 0.0078125 0.013888888888888888
1 0.3046875 0.44722222222222224 0.0078125 0.013888888888888888
1 0.19921875 0.4652777777777778 0.0078125 0.013888888888888888
