1 0.3359375 0.6694444444444444 0.0421875 0.11388888888888889
1 0.575 0.5083333333333333 0.0125 0.03333333333333333
1 0.367578125 0.5375 0.01640625 0.044444444444444446
1 0.380078125 0.4930555555555556 0.01015625 0.025
1 0.46796875 0.4597222222222222 0.0078125 0.013888888888888888
1 0.516015625 0.48541666666666666 0.01015625 0.018055555555555554
1 0.484375 0.46805555555555556 0.0078125 0.016666666666666666
1 0.772265625 0.5770833333333333 0.03046875 0.10694444444444444
1 0.38984375 0.47430555555555554 0.0078125 0.015277777777777777
1 0.4625 0.4597222222222222 0.0078125 0.013888888888888888
