1 0.7041015625 0.453125 0.0126953125 0.024739583333333332
1 0.743896484375 0.6002604166666666 0.04443359375 0.08203125
1 0.65771484375 0.478515625 0.0185546875 0.0390625
1 0.360595703125 0.4638671875 0.01611328125 0.031901041666666664
0 0.4970703125 0.4375 0.0107421875 0.020833333333333332
0 0.574951171875 0.4300130208333333 0.00830078125 0.016276041666666668
0 0.5810546875 0.4186197916666667 0.005859375 0.013020833333333334
0 0.535888671875 0.4134114583333333 0.00537109375 0.010416666666666666
1 0.744384765625 0.4427083333333333 0.01123046875 0.016927083333333332
0 0.588623046875 0.4241536458333333 0.00732421875 0.016276041666666668
1 0.625244140625 0.4147135416666667 0.00537109375 0.010416666666666666
1 0.675537109375 0.4212239583333333 0.00634765625 0.01171875
1 0.716552734375 0.4270833333333333 0.00634765625 0.013020833333333334
1 0.468017578125 0.4085286458333333 0.00537109375 0.011067708333333334
1 0.734130859375 0.4342447916666667 0.00732421875 0.015625
1 0.47509765625 0.4052734375 0.0048828125 0.011067708333333334
0 0.404052734375 0.4049479166666667 0.00537109375 0.010416666666666666
0 0.109375 0.416015625 0.0068359375 0.014322916666666666
1 0.092529296875 0.4169921875 0.00830078125 0.016276041666666668
2 0.1015625 0.4134114583333333 0.0087890625 0.015625
