0 0.348876953125 0.5100911458333334 0.02783203125 0.051432291666666664
0 0.4462890625 0.443359375 0.01171875 0.022135416666666668
1 0.72900390625 0.5055338541666666 0.0302734375 0.048828125
1 0.611572265625 0.4420572916666667 0.01123046875 0.022135416666666668
2 0.599609375 0.4296875 0.013671875 0.03125
2 0.59375 0.4254557291666667 0.009765625 0.026692708333333332
0 0.469970703125 0.4241536458333333 0.00927734375 0.016276041666666668
1 0.581298828125 0.4231770833333333 0.00732421875 0.014322916666666666
2 0.45556640625 0.4283854166666667 0.0087890625 0.028645833333333332
1 0.5703125 0.4163411458333333 0.0048828125 0.012369791666666666
0 0.473876953125 0.4166666666666667 0.00537109375 0.01171875
0 0.497802734375 0.4072265625 0.00537109375 0.008463541666666666
1 0.55419921875 0.4091796875 0.0048828125 0.009765625
2 0.4609375 0.4248046875 0.009765625 0.029296875
