2 0.2984375 0.36574074074074076 0.010416666666666666 0.025925925925925925
2 0.3645833333333333 0.38657407407407407 0.016666666666666666 0.03981481481481482
2 0.3614583333333333 0.4546296296296296 0.030208333333333334 0.06666666666666667
2 0.6921875 0.3648148148148148 0.016666666666666666 0.03333333333333333
2 0.79921875 0.4675925925925926 0.028645833333333332 0.07407407407407407
2 0.38828125 0.3314814814814815 0.008854166666666666 0.025925925925925925
2 0.58125 0.3375 0.010416666666666666 0.026851851851851852
2 0.296875 0.33564814814814814 0.007291666666666667 0.017592592592592594
2 0.19895833333333332 0.36157407407407405 0.009375 0.023148148148148147
2 0.48723958333333334 0.3300925925925926 0.008854166666666666 0.025
2 0.7328125 0.33935185185185185 0.013541666666666667 0.025
