0 0.175625 0.334375 0.04625 0.16875
0 0.65125 0.3328125 0.05 0.190625
0 0.92625 0.38125 0.0625 0.225
2 0.79875 0.2546875 0.04 0.153125
0 0.033125 0.4671875 0.05125 0.240625
1 0.325625 0.1515625 0.03375 0.134375
1 0.638125 0.13125 0.02625 0.11875
1 0.239375 0.2015625 0.03375 0.140625
0 0.360625 0.128125 0.02625 0.1
1 0.52 0.065625 0.025 0.075
0 0.624375 0.10625 0.01625 0.09375
1 0.61625 0.0625 0.02 0.09375
0 0.57125 0.04375 0.0175 0.075
0 0.791875 0.1546875 0.03125 0.115625
0 0.5425 0.053125 0.0175 0.08125
