0 0.8449519230769231 0.6049679487179487 0.13221153846153846 0.21955128205128205
0 0.6454326923076923 0.5456730769230769 0.05048076923076923 0.09455128205128205
1 0.22175480769230768 0.5424679487179487 0.06370192307692307 0.10416666666666667
1 0.2980769230769231 0.5216346153846154 0.038461538461538464 0.0625
0 0.5769230769230769 0.5280448717948718 0.028846153846153848 0.05929487179487179
0 0.5522836538461539 0.5208333333333334 0.02283653846153846 0.04487179487179487
0 0.39302884615384615 0.5080128205128205 0.016826923076923076 0.028846153846153848
1 0.34134615384615385 0.5160256410256411 0.026442307692307692 0.04487179487179487
0 0.4969951923076923 0.5144230769230769 0.015625 0.03205128205128205
1 0.20192307692307693 0.5088141025641025 0.016826923076923076 0.030448717948717948
0 0.4465144230769231 0.5112179487179487 0.013221153846153846 0.02564102564102564
