1 0.739990234375 0.5322265625 0.04150390625 0.060546875
1 0.635498046875 0.4469401041666667 0.01708984375 0.030598958333333332
0 0.433837890625 0.4475911458333333 0.01611328125 0.029296875
0 0.357177734375 0.5319010416666666 0.03662109375 0.04296875
1 0.601318359375 0.4228515625 0.01220703125 0.016276041666666668
1 0.6298828125 0.40234375 0.0087890625 0.016927083333333332
1 0.85400390625 0.474609375 0.0244140625 0.037760416666666664
1 0.585205078125 0.4078776041666667 0.01025390625 0.017578125
1 0.731201171875 0.4430338541666667 0.02001953125 0.021484375
1 0.657958984375 0.4140625 0.01123046875 0.01953125
0 0.78271484375 0.4169921875 0.0087890625 0.017578125
0 0.4521484375 0.423828125 0.0107421875 0.022135416666666668
0 0.466064453125 0.4108072916666667 0.00830078125 0.016927083333333332
0 0.478271484375 0.4046223958333333 0.00830078125 0.011067708333333334
0 0.87353515625 0.4352213541666667 0.015625 0.025390625
1 0.5751953125 0.4010416666666667 0.0068359375 0.015625
0 0.697998046875 0.3990885416666667 0.00537109375 0.01171875
1 0.613525390625 0.3994140625 0.00634765625 0.008463541666666666
1 0.56787109375 0.3974609375 0.0078125 0.012369791666666666
1 0.5966796875 0.3948567708333333 0.0068359375 0.008463541666666666
1 0.6044921875 0.3948567708333333 0.005859375 0.012369791666666666
0 0.734619140625 0.4065755208333333 0.01025390625 0.012369791666666666
0 0.69287109375 0.396484375 0.0048828125 0.009114583333333334
0 0.6826171875 0.3958333333333333 0.005859375 0.006510416666666667
1 0.54931640625 0.3912760416666667 0.0048828125 0.0078125
0 0.6552734375 0.39453125 0.0048828125 0.009114583333333334
0 0.482666015625 0.3971354166666667 0.00732421875 0.01171875
