1 0.70556640625 0.5087890625 0.0283203125 0.047526041666666664
1 0.341552734375 0.5563151041666666 0.03759765625 0.068359375
1 0.432373046875 0.4661458333333333 0.01904296875 0.03515625
1 0.83837890625 0.4778645833333333 0.017578125 0.03515625
1 0.607177734375 0.4319661458333333 0.00927734375 0.020182291666666668
1 0.46435546875 0.435546875 0.01171875 0.026041666666666668
1 0.655517578125 0.4195963541666667 0.00732421875 0.013671875
1 0.59765625 0.419921875 0.0068359375 0.015625
1 0.481689453125 0.4205729166666667 0.00927734375 0.016927083333333332
1 0.59716796875 0.3987630208333333 0.0048828125 0.009765625
1 0.623291015625 0.41015625 0.00830078125 0.014322916666666666
1 0.51025390625 0.4049479166666667 0.0078125 0.01171875
1 0.544921875 0.4007161458333333 0.0068359375 0.011067708333333334
1 0.707763671875 0.4163411458333333 0.00732421875 0.012369791666666666
1 0.667724609375 0.4088541666666667 0.00634765625 0.010416666666666666
