1 0.286376953125 0.638671875 0.05322265625 0.10026041666666667
1 0.439697265625 0.47265625 0.02001953125 0.0390625
1 0.846435546875 0.5667317708333334 0.03466796875 0.07096354166666667
1 0.7080078125 0.46875 0.017578125 0.033854166666666664
1 0.81201171875 0.4583333333333333 0.01953125 0.03515625
1 0.51123046875 0.4215494791666667 0.0107421875 0.022786458333333332
1 0.77880859375 0.42578125 0.0107421875 0.020833333333333332
1 0.714111328125 0.4303385416666667 0.01025390625 0.0234375
1 0.646240234375 0.40625 0.00830078125 0.015625
1 0.568359375 0.412109375 0.01171875 0.015625
1 0.841552734375 0.4248046875 0.01025390625 0.017578125
1 0.750244140625 0.4085286458333333 0.00927734375 0.014973958333333334
1 0.96435546875 0.4326171875 0.0126953125 0.021484375
1 0.875732421875 0.4446614583333333 0.01513671875 0.026041666666666668
1 0.911376953125 0.4169921875 0.01123046875 0.017578125
1 0.8203125 0.4127604166666667 0.009765625 0.014322916666666666
