2 0.76953125 0.4444444444444444 0.022395833333333334 0.053703703703703705
2 0.65859375 0.35694444444444445 0.015104166666666667 0.017592592592592594
2 0.6270833333333333 0.35324074074074074 0.013541666666666667 0.017592592592592594
2 0.44609375 0.4064814814814815 0.019270833333333334 0.04814814814814815
2 0.5653645833333333 0.34305555555555556 0.009895833333333333 0.025
2 0.43802083333333336 0.3921296296296296 0.014583333333333334 0.041666666666666664
2 0.45026041666666666 0.33611111111111114 0.0067708333333333336 0.022222222222222223
2 0.5888020833333333 0.3486111111111111 0.013020833333333334 0.019444444444444445
2 0.49583333333333335 0.32407407407407407 0.00625 0.018518518518518517
2 0.553125 0.32083333333333336 0.005208333333333333 0.013888888888888888
2 0.5598958333333334 0.3194444444444444 0.005208333333333333 0.014814814814814815
2 0.6575520833333334 0.3296296296296296 0.005729166666666666 0.014814814814814815
