1 0.662353515625 0.5029296875 0.02587890625 0.046223958333333336
0 0.32568359375 0.5 0.0263671875 0.045572916666666664
0 0.40478515625 0.4524739583333333 0.015625 0.028645833333333332
1 0.601806640625 0.4479166666666667 0.01416015625 0.026041666666666668
0 0.44677734375 0.4300130208333333 0.0078125 0.014973958333333334
1 0.561767578125 0.4202473958333333 0.00537109375 0.012369791666666666
1 0.57275390625 0.4280598958333333 0.0087890625 0.016276041666666668
0 0.4794921875 0.4140625 0.0048828125 0.009114583333333334
0 0.46728515625 0.4195963541666667 0.0048828125 0.012369791666666666
1 0.5546875 0.4153645833333333 0.0048828125 0.010416666666666666
