1 0.26953125 0.6236111111111111 0.04375 0.09722222222222222
1 0.747265625 0.5881944444444445 0.03046875 0.07916666666666666
1 0.43046875 0.4875 0.021875 0.05
1 0.690234375 0.5097222222222222 0.02578125 0.06111111111111111
1 0.522265625 0.44166666666666665 0.01171875 0.030555555555555555
1 0.592578125 0.42569444444444443 0.00859375 0.020833333333333332
1 0.655078125 0.4513888888888889 0.01015625 0.030555555555555555
1 0.6796875 0.4284722222222222 0.0078125 0.02361111111111111
1 0.703125 0.4131944444444444 0.0078125 0.020833333333333332
1 0.6328125 0.41041666666666665 0.0078125 0.015277777777777777
1 0.72890625 0.4097222222222222 0.0078125 0.013888888888888888
1 0.90625 0.4222222222222222 0.0078125 0.022222222222222223
1 0.67421875 0.4013888888888889 0.0078125 0.016666666666666666
1 0.6953125 0.39861111111111114 0.0078125 0.013888888888888888
