1 0.09375 0.5320945945945946 0.095 0.1554054054054054
0 0.695625 0.5160472972972973 0.05125 0.09628378378378379
0 0.519375 0.49915540540540543 0.03875 0.07263513513513513
0 0.424375 0.48986486486486486 0.03125 0.057432432432432436
0 0.348125 0.4831081081081081 0.02625 0.05067567567567568
0 0.248125 0.47635135135135137 0.02375 0.0472972972972973
0 0.58875 0.4839527027027027 0.0225 0.04560810810810811
2 0.566875 0.43834459459459457 0.02125 0.03885135135135135
2 0.5625 0.4839527027027027 0.025 0.04222972972972973
0 0.138125 0.46875 0.02375 0.04560810810810811
1 0.043125 0.48986486486486486 0.05125 0.08108108108108109
0 0.979375 0.5692567567567568 0.03625 0.13175675675675674
