2 0.8544270833333333 0.487962962962963 0.022395833333333334 0.06111111111111111
2 0.3966145833333333 0.38333333333333336 0.0203125 0.046296296296296294
2 0.7200520833333334 0.36157407407407405 0.009895833333333333 0.025
2 0.5671875 0.3527777777777778 0.014583333333333334 0.03333333333333333
2 0.07265625 0.38287037037037036 0.011979166666666667 0.03796296296296296
2 0.8755208333333333 0.4273148148148148 0.013541666666666667 0.03425925925925926
2 0.86484375 0.3851851851851852 0.0078125 0.024074074074074074
2 0.6763020833333333 0.3287037037037037 0.008854166666666666 0.025925925925925925
2 0.22317708333333333 0.32592592592592595 0.008854166666666666 0.024074074074074074
2 0.6546875 0.325 0.014583333333333334 0.018518518518518517
2 0.93359375 0.47638888888888886 0.021354166666666667 0.049074074074074076
