0 0.7675 0.5125 0.035 0.10625
0 0.45125 0.5890625 0.05 0.159375
0 0.79125 0.8859375 0.1025 0.221875
0 0.463125 0.4 0.02125 0.08125
1 0.644375 0.384375 0.01875 0.075
0 0.61125 0.340625 0.015 0.05625
0 0.76 0.4125 0.0275 0.075
1 0.279375 0.328125 0.01125 0.05
0 0.24375 0.4078125 0.0275 0.078125
0 0.0425 0.4078125 0.02 0.071875
0 0.199375 0.315625 0.01125 0.04375
1 0.134375 0.90625 0.10625 0.18125
0 0.2275 0.3796875 0.025 0.046875
1 0.588125 0.271875 0.01125 0.04375
0 0.163125 0.2984375 0.00875 0.028125
1 0.05375 0.3359375 0.0125 0.040625
