1 0.739013671875 0.5152994791666666 0.02685546875 0.051432291666666664
1 0.613525390625 0.4462890625 0.01123046875 0.020182291666666668
0 0.3447265625 0.5169270833333334 0.0234375 0.048177083333333336
0 0.446044921875 0.4482421875 0.00927734375 0.022786458333333332
0 0.4697265625 0.427734375 0.0068359375 0.015625
1 0.601806640625 0.43359375 0.01123046875 0.02734375
1 0.455810546875 0.4342447916666667 0.01318359375 0.02734375
1 0.58203125 0.4267578125 0.005859375 0.014973958333333334
0 0.474853515625 0.4205729166666667 0.00537109375 0.013020833333333334
0 0.4833984375 0.4156901041666667 0.0048828125 0.009765625
1 0.57080078125 0.4212239583333333 0.005859375 0.013020833333333334
1 0.5556640625 0.4127604166666667 0.0048828125 0.010416666666666666
2 0.595703125 0.4309895833333333 0.009765625 0.029947916666666668
0 0.4990234375 0.41015625 0.0048828125 0.006510416666666667
2 0.46044921875 0.4303385416666667 0.01171875 0.028645833333333332
1 0.568359375 0.4104817708333333 0.0048828125 0.007161458333333333
1 0.5439453125 0.4049479166666667 0.0048828125 0.006510416666666667
