1 0.790234375 0.6298611111111111 0.03828125 0.09305555555555556
1 0.219140625 0.7173611111111111 0.05078125 0.12083333333333333
1 0.51328125 0.4826388888888889 0.015625 0.0375
1 0.297265625 0.5243055555555556 0.01953125 0.04583333333333333
1 0.250390625 0.4895833333333333 0.01015625 0.020833333333333332
1 0.373046875 0.46319444444444446 0.01015625 0.02361111111111111
1 0.6921875 0.42986111111111114 0.0078125 0.018055555555555554
1 0.79140625 0.4284722222222222 0.0078125 0.018055555555555554
1 0.74609375 0.41805555555555557 0.0078125 0.016666666666666666
1 0.2984375 0.45694444444444443 0.0078125 0.016666666666666666
1 0.2546875 0.45069444444444445 0.0078125 0.0125
1 0.202734375 0.4791666666666667 0.00703125 0.016666666666666666
1 0.896875 0.42569444444444443 0.0078125 0.015277777777777777
1 0.934765625 0.42083333333333334 0.00703125 0.013888888888888888
1 0.5515625 0.42569444444444443 0.0078125 0.018055555555555554
1 0.16953125 0.46458333333333335 0.0078125 0.0125
1 0.78515625 0.41805555555555557 0.0078125 0.016666666666666666
1 0.60390625 0.41805555555555557 0.0078125 0.013888888888888888
