0 0.06005859375 0.7076822916666666 0.0693359375 0.11588541666666667
0 0.34423828125 0.4886067708333333 0.021484375 0.031901041666666664
1 0.739501953125 0.5198567708333334 0.03173828125 0.055338541666666664
1 0.683349609375 0.4635416666666667 0.02099609375 0.03515625
1 0.8212890625 0.4521484375 0.0205078125 0.020182291666666668
1 0.947998046875 0.4469401041666667 0.01611328125 0.026692708333333332
0 0.52197265625 0.4293619791666667 0.015625 0.024088541666666668
0 0.60498046875 0.4261067708333333 0.01171875 0.021484375
0 0.890869140625 0.431640625 0.01513671875 0.015625
0 0.435302734375 0.4456380208333333 0.01416015625 0.029296875
0 0.735595703125 0.4254557291666667 0.00927734375 0.020182291666666668
