1 0.354736328125 0.5048828125 0.02880859375 0.047526041666666664
1 0.4267578125 0.4430338541666667 0.013671875 0.024088541666666668
1 0.451171875 0.4235026041666667 0.0087890625 0.017578125
1 0.6591796875 0.4778645833333333 0.0224609375 0.037760416666666664
1 0.6083984375 0.4423828125 0.013671875 0.024088541666666668
1 0.839599609375 0.4609375 0.01708984375 0.029947916666666668
1 0.7890625 0.4326171875 0.009765625 0.018880208333333332
1 0.629150390625 0.4293619791666667 0.01123046875 0.020182291666666668
1 0.578369140625 0.4222005208333333 0.00927734375 0.018880208333333332
1 0.5673828125 0.4143880208333333 0.0087890625 0.016276041666666668
1 0.466796875 0.4108072916666667 0.0048828125 0.01171875
1 0.489013671875 0.4007161458333333 0.00537109375 0.011067708333333334
1 0.68603515625 0.3984375 0.0068359375 0.01171875
1 0.554931640625 0.4059244791666667 0.00732421875 0.012369791666666666
1 0.885009765625 0.4130859375 0.00732421875 0.013671875
1 0.755859375 0.4130859375 0.0078125 0.014973958333333334
1 0.9697265625 0.453125 0.0166015625 0.026041666666666668
1 0.5458984375 0.3958333333333333 0.0048828125 0.009114583333333334
1 0.616943359375 0.3977864583333333 0.00634765625 0.010416666666666666
1 0.584228515625 0.3958333333333333 0.00537109375 0.010416666666666666
1 0.66796875 0.3935546875 0.0048828125 0.009765625
1 0.816650390625 0.40625 0.00732421875 0.01171875
1 0.84814453125 0.4020182291666667 0.0068359375 0.009765625
1 0.795654296875 0.3984375 0.00634765625 0.010416666666666666
1 0.748779296875 0.4010416666666667 0.00634765625 0.010416666666666666
1 0.517333984375 0.3990885416666667 0.00537109375 0.010416666666666666
1 0.55859375 0.4020182291666667 0.0048828125 0.011067708333333334
