2 0.80322265625 0.6233723958333334 0.0673828125 0.14518229166666666
2 0.151611328125 0.6533203125 0.07861328125 0.15950520833333334
0 0.33935546875 0.541015625 0.025390625 0.046875
1 0.572021484375 0.4710286458333333 0.00927734375 0.021484375
1 0.633056640625 0.5 0.01513671875 0.029947916666666668
0 0.424560546875 0.4742838541666667 0.01025390625 0.020182291666666668
1 0.5087890625 0.4586588541666667 0.0078125 0.016276041666666668
1 0.400146484375 0.4544270833333333 0.00634765625 0.01171875
1 0.443115234375 0.4560546875 0.00732421875 0.016276041666666668
0 0.386474609375 0.46484375 0.00830078125 0.016927083333333332
0 0.351318359375 0.4619140625 0.00830078125 0.014973958333333334
0 0.31640625 0.4615885416666667 0.0068359375 0.010416666666666666
