2 0.31145833333333334 0.48935185185185187 0.03229166666666667 0.0824074074074074
2 0.6065104166666667 0.3509259259259259 0.0109375 0.03333333333333333
2 0.42916666666666664 0.3486111111111111 0.009375 0.030555555555555555
2 0.5723958333333333 0.3263888888888889 0.008333333333333333 0.021296296296296296
2 0.8088541666666667 0.4777777777777778 0.026041666666666668 0.06666666666666667
2 0.46927083333333336 0.324537037037037 0.005208333333333333 0.01574074074074074
2 0.5046875 0.3106481481481482 0.005208333333333333 0.010185185185185186
2 0.4546875 0.30925925925925923 0.005208333333333333 0.009259259259259259
2 0.4953125 0.31851851851851853 0.005208333333333333 0.011111111111111112
2 0.5328125 0.31712962962962965 0.005208333333333333 0.010185185185185186
2 0.528125 0.30925925925925923 0.005208333333333333 0.009259259259259259
2 0.6411458333333333 0.3236111111111111 0.005208333333333333 0.010185185185185186
2 0.5921875 0.3212962962962963 0.00625 0.014814814814814815
