1 0.66845703125 0.5071614583333334 0.025390625 0.052083333333333336
0 0.299560546875 0.517578125 0.03076171875 0.053385416666666664
1 0.589599609375 0.4505208333333333 0.01806640625 0.029947916666666668
0 0.389892578125 0.455078125 0.01513671875 0.026041666666666668
0 0.408447265625 0.4404296875 0.00927734375 0.017578125
0 0.426513671875 0.4329427083333333 0.00732421875 0.015625
0 0.44482421875 0.4241536458333333 0.0048828125 0.011067708333333334
1 0.551513671875 0.435546875 0.00927734375 0.018229166666666668
1 0.5400390625 0.4300130208333333 0.0087890625 0.016276041666666668
1 0.52197265625 0.4231770833333333 0.0068359375 0.009114583333333334
0 0.43896484375 0.4274088541666667 0.005859375 0.012369791666666666
1 0.531494140625 0.4254557291666667 0.00732421875 0.013671875
1 0.5166015625 0.4189453125 0.0048828125 0.011067708333333334
0 0.44970703125 0.4202473958333333 0.0048828125 0.009765625
0 0.45556640625 0.4189453125 0.0048828125 0.009765625
