1 0.67919921875 0.5022786458333334 0.02734375 0.050130208333333336
1 0.56689453125 0.4404296875 0.0107421875 0.024088541666666668
2 0.555419921875 0.4280598958333333 0.01318359375 0.031901041666666664
0 0.29638671875 0.5139973958333334 0.0283203125 0.050130208333333336
0 0.400634765625 0.4440104166666667 0.01123046875 0.022135416666666668
2 0.411376953125 0.4303385416666667 0.01220703125 0.03125
0 0.44140625 0.4111328125 0.0048828125 0.008463541666666666
0 0.426025390625 0.4241536458333333 0.00634765625 0.014973958333333334
0 0.537353515625 0.4231770833333333 0.00830078125 0.015625
0 0.52783203125 0.4166666666666667 0.005859375 0.01171875
0 0.431640625 0.4169921875 0.0048828125 0.011067708333333334
0 0.45654296875 0.4069010416666667 0.0048828125 0.0078125
1 0.5126953125 0.4085286458333333 0.0048828125 0.011067708333333334
0 0.4658203125 0.4029947916666667 0.0048828125 0.0078125
