0 0.076875 0.8109375 0.07125 0.215625
0 0.175 0.5453125 0.0425 0.128125
0 0.218125 0.41875 0.02125 0.075
0 0.386875 0.384375 0.02125 0.075
1 0.50125 0.471875 0.04 0.08125
0 0.51 0.3734375 0.0175 0.065625
1 0.470625 0.3578125 0.01375 0.059375
0 0.01375 0.4859375 0.025 0.096875
1 0.101875 0.371875 0.01625 0.05
0 0.22375 0.375 0.015 0.05625
2 0.791875 0.35625 0.02625 0.1125
0 0.549375 0.1734375 0.01875 0.078125
1 0.499375 0.284375 0.01875 0.0625
1 0.5225 0.278125 0.015 0.0625
0 0.21125 0.3484375 0.0125 0.040625
1 0.150625 0.3140625 0.01125 0.034375
0 0.4575 0.34375 0.0075 0.0375
1 0.41625 0.315625 0.025 0.0625
1 0.10625 0.334375 0.01 0.0375
0 0.22125 0.3328125 0.01 0.034375
0 0.2625 0.3046875 0.0075 0.028125
1 0.17 0.3078125 0.0075 0.034375
0 0.19875 0.321875 0.0075 0.0375
0 0.469375 0.2703125 0.01125 0.046875
1 0.435 0.2671875 0.01 0.046875
0 0.395625 0.29375 0.02875 0.06875
0 0.23125 0.30625 0.0075 0.03125
1 0.09 0.353125 0.0125 0.04375
1 0.12 0.325 0.0125 0.0375
1 0.0925 0.3109375 0.0075 0.028125
0 0.28875 0.3 0.0075 0.025
0 0.305 0.296875 0.0075 0.01875
