0 0.203857421875 0.5455729166666666 0.03466796875 0.06380208333333333
0 0.41796875 0.4635416666666667 0.015625 0.033854166666666664
1 0.9658203125 0.7190755208333334 0.0634765625 0.123046875
2 0.296875 0.4378255208333333 0.0224609375 0.018880208333333332
1 0.703125 0.4908854166666667 0.0234375 0.044270833333333336
2 0.265625 0.4339192708333333 0.01171875 0.030598958333333332
2 0.445068359375 0.4095052083333333 0.00732421875 0.018229166666666668
0 0.545166015625 0.4313151041666667 0.00927734375 0.018880208333333332
0 0.64453125 0.4241536458333333 0.0068359375 0.014973958333333334
1 0.734375 0.4482421875 0.01171875 0.022786458333333332
1 0.790283203125 0.4423828125 0.00927734375 0.018880208333333332
1 0.8505859375 0.4420572916666667 0.009765625 0.018229166666666668
0 0.724609375 0.4251302083333333 0.005859375 0.014322916666666666
0 0.781982421875 0.4274088541666667 0.00634765625 0.012369791666666666
2 0.49072265625 0.4026692708333333 0.005859375 0.013671875
