1 0.92822265625 0.9166666666666666 0.13671875 0.16276041666666666
1 0.882080078125 0.5582682291666666 0.03662109375 0.061848958333333336
0 0.363525390625 0.4912109375 0.02880859375 0.048828125
0 0.478759765625 0.4602864583333333 0.02099609375 0.033854166666666664
0 0.55419921875 0.4475911458333333 0.01953125 0.030598958333333332
1 0.8828125 0.4742838541666667 0.017578125 0.031901041666666664
0 0.66845703125 0.4329427083333333 0.013671875 0.020833333333333332
0 0.7900390625 0.4267578125 0.0087890625 0.016276041666666668
1 0.904541015625 0.4534505208333333 0.01220703125 0.020182291666666668
0 0.72314453125 0.4264322916666667 0.009765625 0.018229166666666668
1 0.900634765625 0.4225260416666667 0.00634765625 0.013020833333333334
0 0.8154296875 0.4251302083333333 0.0078125 0.014322916666666666
