1 0.853271484375 0.6666666666666666 0.06201171875 0.109375
1 0.64111328125 0.4869791666666667 0.0234375 0.045572916666666664
0 0.14111328125 0.6510416666666666 0.0634765625 0.11197916666666667
0 0.359375 0.486328125 0.0244140625 0.044270833333333336
0 0.420654296875 0.4462890625 0.01416015625 0.025390625
1 0.593017578125 0.4453125 0.01318359375 0.024739583333333332
1 0.574462890625 0.4283854166666667 0.01025390625 0.01953125
0 0.439208984375 0.4296875 0.01025390625 0.020833333333333332
1 0.556884765625 0.416015625 0.00830078125 0.014322916666666666
0 0.453125 0.4182942708333333 0.0078125 0.014973958333333334
0 0.46533203125 0.4111328125 0.0048828125 0.011067708333333334
1 0.547607421875 0.4078776041666667 0.00634765625 0.012369791666666666
1 0.542724609375 0.4055989583333333 0.00537109375 0.010416666666666666
