0 0.112548828125 0.677734375 0.06787109375 0.11979166666666667
0 0.358154296875 0.4807942708333333 0.02001953125 0.044921875
1 0.754638671875 0.458984375 0.01806640625 0.032552083333333336
1 0.815185546875 0.5182291666666666 0.03173828125 0.057291666666666664
0 0.504150390625 0.4342447916666667 0.01416015625 0.03125
0 0.662109375 0.400390625 0.0087890625 0.018229166666666668
1 0.747802734375 0.4313151041666667 0.01220703125 0.021484375
1 0.775390625 0.4065755208333333 0.0087890625 0.018880208333333332
0 0.60107421875 0.4108072916666667 0.0087890625 0.01953125
1 0.75048828125 0.4153645833333333 0.0126953125 0.022135416666666668
