1 0.04140625 0.48333333333333334 0.0109375 0.03888888888888889
1 0.428125 0.44166666666666665 0.0171875 0.04722222222222222
0 0.161328125 0.49027777777777776 0.01640625 0.044444444444444446
0 0.408203125 0.4423611111111111 0.01640625 0.04861111111111111
1 0.74375 0.4375 0.015625 0.05277777777777778
1 0.728515625 0.39652777777777776 0.01328125 0.0375
1 0.644921875 0.36944444444444446 0.00859375 0.027777777777777776
1 0.50390625 0.3875 0.0078125 0.025
1 0.74296875 0.36180555555555555 0.0078125 0.018055555555555554
1 0.841015625 0.3770833333333333 0.00859375 0.02361111111111111
1 0.821875 0.35347222222222224 0.0078125 0.018055555555555554
1 0.762890625 0.3875 0.01171875 0.025
1 0.787890625 0.35833333333333334 0.00859375 0.016666666666666666
