1 0.669677734375 0.5107421875 0.03076171875 0.051432291666666664
1 0.200927734375 0.5696614583333334 0.04541015625 0.07421875
1 0.903076171875 0.6389973958333334 0.06787109375 0.103515625
1 0.549072265625 0.4697265625 0.02392578125 0.039713541666666664
1 0.44384765625 0.4527994791666667 0.021484375 0.037109375
1 0.148193359375 0.482421875 0.02197265625 0.046875
1 0.05419921875 0.4505208333333333 0.015625 0.0234375
1 0.337158203125 0.4427083333333333 0.01513671875 0.0234375
1 0.018798828125 0.484375 0.02490234375 0.032552083333333336
1 0.245361328125 0.4423828125 0.01416015625 0.022786458333333332
1 0.15771484375 0.4456380208333333 0.0166015625 0.021484375
