1 0.2703125 0.5354166666666667 0.025 0.06805555555555555
1 0.747265625 0.5375 0.03046875 0.07777777777777778
1 0.75625 0.45 0.015625 0.030555555555555555
1 0.44296875 0.44722222222222224 0.0140625 0.03611111111111111
1 0.7171875 0.46944444444444444 0.01875 0.04722222222222222
1 0.816015625 0.42777777777777776 0.01328125 0.03611111111111111
1 0.564453125 0.4131944444444444 0.01484375 0.034722222222222224
1 0.694921875 0.40208333333333335 0.01015625 0.02638888888888889
1 0.78984375 0.3923611111111111 0.0078125 0.018055555555555554
1 0.92890625 0.4166666666666667 0.0078125 0.030555555555555555
