0 0.27578125 0.7548611111111111 0.046875 0.13472222222222222
2 0.34140625 0.5770833333333333 0.028125 0.07916666666666666
0 0.846875 0.5902777777777778 0.034375 0.09722222222222222
2 0.70546875 0.5 0.0234375 0.06944444444444445
0 0.98359375 0.4361111111111111 0.0140625 0.03611111111111111
0 0.908203125 0.41805555555555557 0.01015625 0.030555555555555555
2 0.9203125 0.4597222222222222 0.01875 0.05277777777777778
0 0.62265625 0.46597222222222223 0.0171875 0.04861111111111111
0 0.37421875 0.5215277777777778 0.0203125 0.05694444444444444
0 0.39296875 0.48055555555555557 0.0140625 0.041666666666666664
2 0.476953125 0.44027777777777777 0.01171875 0.03333333333333333
0 0.598046875 0.4423611111111111 0.01328125 0.0375
0 0.128125 0.5513888888888889 0.0171875 0.05277777777777778
0 0.39921875 0.4548611111111111 0.0140625 0.0375
0 0.021484375 0.6284722222222222 0.01796875 0.05694444444444444
0 0.786328125 0.3972222222222222 0.00859375 0.025
0 0.4265625 0.40208333333333335 0.0078125 0.018055555555555554
