1 0.67578125 0.4652777777777778 0.0234375 0.06388888888888888
1 0.357421875 0.3277777777777778 0.01796875 0.04722222222222222
1 0.75 0.39444444444444443 0.0078125 0.025
1 0.59921875 0.32569444444444445 0.009375 0.02361111111111111
1 0.54765625 0.32916666666666666 0.0125 0.030555555555555555
1 0.732421875 0.40555555555555556 0.01328125 0.03333333333333333
1 0.61875 0.3215277777777778 0.0078125 0.018055555555555554
1 0.7578125 0.37916666666666665 0.0078125 0.019444444444444445
1 0.74453125 0.36527777777777776 0.0078125 0.016666666666666666
1 0.62890625 0.3194444444444444 0.0078125 0.016666666666666666
