1 0.25859375 0.5979166666666667 0.04375 0.09583333333333334
1 0.028125 0.7486111111111111 0.05625 0.16666666666666666
1 0.675 0.55 0.0390625 0.09444444444444444
1 0.35 0.5180555555555556 0.0203125 0.05
1 0.51015625 0.46319444444444446 0.0109375 0.03194444444444444
1 0.27890625 0.47152777777777777 0.009375 0.03194444444444444
1 0.448828125 0.45694444444444443 0.01015625 0.030555555555555555
1 0.35390625 0.4875 0.009375 0.03333333333333333
1 0.596875 0.4798611111111111 0.0171875 0.04583333333333333
1 0.18828125 0.46458333333333335 0.0078125 0.02361111111111111
1 0.36640625 0.45416666666666666 0.0078125 0.022222222222222223
1 0.2765625 0.4513888888888889 0.0078125 0.019444444444444445
