1 0.28662109375 0.5084635416666666 0.0439453125 0.036458333333333336
1 0.76025390625 0.4866536458333333 0.033203125 0.044921875
1 0.634521484375 0.4410807291666667 0.02099609375 0.031901041666666664
1 0.525146484375 0.4270833333333333 0.01806640625 0.026041666666666668
0 0.293212890625 0.4586588541666667 0.02197265625 0.034505208333333336
1 0.33349609375 0.4208984375 0.0166015625 0.021484375
0 0.199951171875 0.4505208333333333 0.01611328125 0.029947916666666668
1 0.134521484375 0.4296875 0.01123046875 0.022135416666666668
0 0.058349609375 0.451171875 0.01806640625 0.03125
1 0.42041015625 0.4195963541666667 0.0126953125 0.022786458333333332
1 0.242919921875 0.423828125 0.01123046875 0.020833333333333332
