0 0.27421875 0.5451388888888888 0.0296875 0.0875
0 0.6421875 0.5138888888888888 0.0265625 0.075
0 0.375390625 0.43819444444444444 0.01015625 0.029166666666666667
0 0.4 0.41944444444444445 0.0078125 0.019444444444444445
0 0.55 0.42986111111111114 0.009375 0.029166666666666667
0 0.535546875 0.41458333333333336 0.00859375 0.02361111111111111
0 0.46015625 0.3993055555555556 0.0078125 0.018055555555555554
0 0.18671875 0.42916666666666664 0.0078125 0.022222222222222223
0 0.3171875 0.4152777777777778 0.0078125 0.019444444444444445
0 0.5109375 0.4013888888888889 0.0078125 0.022222222222222223
0 0.379296875 0.41388888888888886 0.00859375 0.022222222222222223
0 0.06484375 0.4423611111111111 0.009375 0.02361111111111111
0 0.40234375 0.4 0.0078125 0.019444444444444445
