1 0.096484375 0.8201388888888889 0.06484375 0.16805555555555557
1 0.25234375 0.6333333333333333 0.0328125 0.08888888888888889
1 0.26171875 0.5534722222222223 0.0203125 0.04861111111111111
1 0.241015625 0.5236111111111111 0.01171875 0.03333333333333333
1 0.176953125 0.5291666666666667 0.01015625 0.030555555555555555
1 0.3875 0.4951388888888889 0.0109375 0.029166666666666667
1 0.518359375 0.5083333333333333 0.01796875 0.041666666666666664
1 0.122265625 0.5326388888888889 0.00859375 0.02638888888888889
1 0.34609375 0.4909722222222222 0.0078125 0.020833333333333332
1 0.11640625 0.5236111111111111 0.0078125 0.019444444444444445
2 0.2265625 0.5027777777777778 0.0078125 0.019444444444444445
2 0.31640625 0.4875 0.0078125 0.019444444444444445
1 0.29765625 0.4847222222222222 0.0078125 0.019444444444444445
