1 0.337646484375 0.5159505208333334 0.03369140625 0.055338541666666664
1 0.415771484375 0.4410807291666667 0.01708984375 0.029296875
1 0.594482421875 0.4733072916666667 0.02001953125 0.041666666666666664
1 0.395751953125 0.4215494791666667 0.01123046875 0.018880208333333332
1 0.5576171875 0.4313151041666667 0.013671875 0.022786458333333332
1 0.351806640625 0.4150390625 0.00732421875 0.016276041666666668
1 0.410888671875 0.4036458333333333 0.00732421875 0.015625
1 0.48876953125 0.4072265625 0.0078125 0.014973958333333334
1 0.13818359375 0.4498697916666667 0.0166015625 0.024739583333333332
1 0.291259765625 0.4130859375 0.00732421875 0.016276041666666668
1 0.537109375 0.4130859375 0.009765625 0.017578125
1 0.33984375 0.4039713541666667 0.0048828125 0.011067708333333334
1 0.1240234375 0.4153645833333333 0.0068359375 0.01171875
1 0.204833984375 0.4153645833333333 0.00830078125 0.014322916666666666
1 0.232421875 0.408203125 0.005859375 0.01171875
1 0.083251953125 0.4251302083333333 0.01025390625 0.014322916666666666
1 0.17822265625 0.4111328125 0.0078125 0.012369791666666666
1 0.352294921875 0.396484375 0.00537109375 0.010416666666666666
1 0.011962890625 0.4345703125 0.01123046875 0.017578125
1 0.28564453125 0.4052734375 0.0048828125 0.012369791666666666
