1 0.5166015625 0.4296875 0.0146484375 0.0234375
1 0.413330078125 0.4231770833333333 0.01123046875 0.01953125
1 0.624267578125 0.447265625 0.01708984375 0.036458333333333336
0 0.244384765625 0.5078125 0.02685546875 0.046875
1 0.9267578125 0.61328125 0.0576171875 0.09375
1 0.74169921875 0.494140625 0.0283203125 0.046875
0 0.27294921875 0.4619140625 0.017578125 0.031901041666666664
1 0.3232421875 0.4228515625 0.0107421875 0.020182291666666668
0 0.189208984375 0.4534505208333333 0.01611328125 0.026692708333333332
1 0.23974609375 0.4261067708333333 0.009765625 0.017578125
1 0.1337890625 0.4319661458333333 0.009765625 0.017578125
0 0.0537109375 0.4547526041666667 0.01171875 0.022786458333333332
1 0.08837890625 0.4313151041666667 0.0087890625 0.014973958333333334
1 0.199462890625 0.4111328125 0.00634765625 0.011067708333333334
0 0.18212890625 0.4091796875 0.0048828125 0.009765625
2 0.208984375 0.3974609375 0.0048828125 0.009765625
