0 0.0775 0.8140625 0.075 0.234375
1 0.50125 0.471875 0.04 0.075
0 0.36375 0.459375 0.0375 0.08125
0 0.174375 0.540625 0.04125 0.11875
1 0.4225 0.4765625 0.0425 0.071875
0 0.21875 0.4125 0.025 0.075
1 0.073125 0.415625 0.02375 0.06875
1 0.10375 0.3734375 0.0175 0.053125
1 0.015 0.4875 0.025 0.0875
0 0.5475 0.175 0.02 0.08125
1 0.4675 0.1125 0.015 0.05
0 0.51 0.375 0.0175 0.06875
1 0.5 0.2828125 0.02 0.065625
1 0.523125 0.2796875 0.01625 0.065625
1 0.47 0.3625 0.015 0.05625
1 0.4075 0.4140625 0.025 0.059375
0 0.223125 0.375 0.01875 0.05625
1 0.435625 0.2671875 0.01125 0.046875
0 0.211875 0.3578125 0.01375 0.053125
2 0.791875 0.3546875 0.03125 0.121875
1 0.223125 0.3359375 0.01375 0.040625
1 0.2325 0.3078125 0.01 0.034375
1 0.15125 0.315625 0.01 0.0375
1 0.120625 0.3265625 0.01125 0.034375
0 0.46875 0.2734375 0.0125 0.046875
1 0.17125 0.3078125 0.01 0.028125
1 0.10625 0.334375 0.01 0.0375
0 0.261875 0.3 0.00875 0.03125
0 0.200625 0.31875 0.00875 0.0375
1 0.09125 0.3515625 0.0125 0.046875
1 0.0475 0.328125 0.01 0.03125
1 0.09125 0.3109375 0.01 0.028125
1 0.1775 0.296875 0.0075 0.025
1 0.20875 0.3 0.0075 0.025
