1 0.81953125 0.6590277777777778 0.05 0.14583333333333334
1 0.089453125 0.5493055555555556 0.04765625 0.12083333333333333
1 0.4765625 0.3326388888888889 0.0140625 0.0375
1 0.25234375 0.3451388888888889 0.01875 0.04861111111111111
1 0.208203125 0.30972222222222223 0.01171875 0.027777777777777776
1 0.11171875 0.29930555555555555 0.0078125 0.020833333333333332
1 0.352734375 0.29305555555555557 0.00859375 0.027777777777777776
1 0.19765625 0.2798611111111111 0.0078125 0.015277777777777777
1 0.03046875 0.29791666666666666 0.0078125 0.020833333333333332
1 0.0984375 0.2791666666666667 0.0078125 0.019444444444444445
1 0.221875 0.25763888888888886 0.0078125 0.020833333333333332
1 0.290625 0.25416666666666665 0.0078125 0.013888888888888888
1 0.190625 0.2611111111111111 0.0078125 0.013888888888888888
