1 0.30234375 0.7118055555555556 0.04375 0.11805555555555555
1 0.898046875 0.7090277777777778 0.04921875 0.12638888888888888
1 0.45703125 0.4895833333333333 0.015625 0.04027777777777778
1 0.68671875 0.4875 0.0203125 0.041666666666666664
1 0.538671875 0.4270833333333333 0.00859375 0.018055555555555554
1 0.515625 0.43680555555555556 0.0078125 0.02361111111111111
1 0.641796875 0.4409722222222222 0.00703125 0.02361111111111111
1 0.6390625 0.42916666666666664 0.0078125 0.019444444444444445
1 0.574609375 0.41805555555555557 0.00703125 0.016666666666666666
1 0.65546875 0.42083333333333334 0.0078125 0.013888888888888888
