1 0.79541015625 0.5078125 0.0283203125 0.052083333333333336
0 0.374755859375 0.4772135416666667 0.02490234375 0.028645833333333332
1 0.702392578125 0.4518229166666667 0.01806640625 0.028645833333333332
0 0.4326171875 0.43359375 0.0126953125 0.024739583333333332
0 0.5224609375 0.4137369791666667 0.0087890625 0.017578125
1 0.71240234375 0.4127604166666667 0.0078125 0.014322916666666666
0 0.6572265625 0.390625 0.0048828125 0.009114583333333334
0 0.60205078125 0.4000651041666667 0.0087890625 0.011067708333333334
1 0.72509765625 0.404296875 0.0078125 0.013020833333333334
1 0.754638671875 0.3987630208333333 0.00732421875 0.009765625
1 0.699951171875 0.4300130208333333 0.01318359375 0.016276041666666668
0 0.72265625 0.3880208333333333 0.0048828125 0.009114583333333334
0 0.76123046875 0.38671875 0.0048828125 0.006510416666666667
1 0.783203125 0.3938802083333333 0.005859375 0.010416666666666666
1 0.8193359375 0.3916015625 0.0048828125 0.009765625
