1 0.733984375 0.5166666666666667 0.02890625 0.07777777777777778
1 0.246484375 0.5902777777777778 0.02578125 0.06944444444444445
1 0.419921875 0.4756944444444444 0.01484375 0.043055555555555555
1 0.669140625 0.425 0.01015625 0.03333333333333333
1 0.4375 0.4388888888888889 0.009375 0.027777777777777776
1 0.49296875 0.40347222222222223 0.0078125 0.020833333333333332
1 0.363671875 0.4284722222222222 0.00859375 0.020833333333333332
1 0.407421875 0.42569444444444443 0.00859375 0.02361111111111111
1 0.57890625 0.40208333333333335 0.009375 0.02361111111111111
1 0.19296875 0.47291666666666665 0.0078125 0.018055555555555554
