2 0.6229166666666667 0.3814814814814815 0.015625 0.03888888888888889
2 0.4791666666666667 0.3388888888888889 0.00625 0.016666666666666666
2 0.5932291666666667 0.3314814814814815 0.005208333333333333 0.014814814814814815
2 0.34453125 0.43194444444444446 0.0234375 0.05092592592592592
2 0.44609375 0.35833333333333334 0.0109375 0.025925925925925925
2 0.31223958333333335 0.35324074074074074 0.0067708333333333336 0.017592592592592594
2 0.0796875 0.4134259259259259 0.010416666666666666 0.023148148148148147
2 0.43671875 0.32407407407407407 0.0067708333333333336 0.012962962962962963
2 0.478125 0.32037037037037036 0.007291666666666667 0.009259259259259259
2 0.33515625 0.3421296296296296 0.005729166666666666 0.012037037037037037
2 0.14322916666666666 0.3875 0.00625 0.01574074074074074
