0 0.1962890625 0.6188151041666666 0.048828125 0.09049479166666667
0 0.343505859375 0.4879557291666667 0.02392578125 0.046223958333333336
1 0.688720703125 0.486328125 0.01904296875 0.037760416666666664
1 0.612060546875 0.4518229166666667 0.01416015625 0.026041666666666668
0 0.430908203125 0.4534505208333333 0.01416015625 0.025390625
1 0.556640625 0.431640625 0.0107421875 0.018229166666666668
0 0.438720703125 0.4345703125 0.01123046875 0.021484375
1 0.52294921875 0.4208984375 0.0078125 0.014973958333333334
0 0.422119140625 0.4231770833333333 0.00830078125 0.014322916666666666
1 0.483642578125 0.4072265625 0.00830078125 0.011067708333333334
1 0.501953125 0.4140625 0.0078125 0.013020833333333334
1 0.4658203125 0.4026692708333333 0.0048828125 0.009765625
1 0.455078125 0.4013671875 0.0048828125 0.008463541666666666
0 0.41357421875 0.4173177083333333 0.0078125 0.013020833333333334
1 0.4482421875 0.400390625 0.0048828125 0.0078125
0 0.4072265625 0.4098307291666667 0.0048828125 0.011067708333333334
0 0.4033203125 0.4059244791666667 0.0048828125 0.008463541666666666
1 0.44189453125 0.400390625 0.0048828125 0.0078125
