0 0.6875 0.5152027027027027 0.0575 0.10135135135135136
0 0.515625 0.5008445945945946 0.03625 0.06587837837837837
0 0.97125 0.5506756756756757 0.055 0.15878378378378377
1 0.095625 0.5346283783783784 0.11125 0.15371621621621623
0 0.420625 0.49155405405405406 0.02875 0.057432432432432436
0 0.584375 0.4839527027027027 0.02375 0.04560810810810811
2 0.55625 0.4839527027027027 0.02 0.04222972972972973
0 0.345 0.4847972972972973 0.025 0.05405405405405406
1 0.561875 0.44256756756756754 0.02625 0.05405405405405406
0 0.138125 0.47128378378378377 0.02375 0.04391891891891892
1 0.04125 0.4890202702702703 0.05 0.08952702702702703
0 0.24375 0.4797297297297297 0.0275 0.05067567567567568
