1 0.336328125 0.6097222222222223 0.04140625 0.09166666666666666
1 0.747265625 0.5902777777777778 0.02890625 0.09444444444444444
1 0.4109375 0.5020833333333333 0.0171875 0.04027777777777778
1 0.61015625 0.49722222222222223 0.015625 0.03888888888888889
1 0.569921875 0.47291666666666665 0.00859375 0.02638888888888889
1 0.4734375 0.46805555555555556 0.0078125 0.022222222222222223
1 0.452734375 0.47152777777777777 0.00859375 0.02638888888888889
1 0.50546875 0.4618055555555556 0.0078125 0.015277777777777777
1 0.61015625 0.4618055555555556 0.0078125 0.018055555555555554
1 0.53984375 0.4597222222222222 0.0078125 0.013888888888888888
