1 0.105859375 0.6048611111111111 0.05703125 0.1375
1 0.271875 0.4083333333333333 0.0296875 0.07222222222222222
1 0.45390625 0.3388888888888889 0.015625 0.03611111111111111
2 0.68046875 0.4076388888888889 0.021875 0.059722222222222225
1 0.5796875 0.31805555555555554 0.0078125 0.027777777777777776
1 0.834375 0.3659722222222222 0.0078125 0.02361111111111111
1 0.941796875 0.49236111111111114 0.01796875 0.05416666666666667
1 0.6328125 0.3125 0.0078125 0.016666666666666666
2 0.730859375 0.3402777777777778 0.00859375 0.016666666666666666
1 0.671875 0.30694444444444446 0.0078125 0.013888888888888888
1 0.8796875 0.4097222222222222 0.0125 0.03611111111111111
