2 0.77265625 0.4787037037037037 0.022395833333333334 0.06111111111111111
2 0.09401041666666667 0.6685185185185185 0.06822916666666666 0.1425925925925926
2 0.9510416666666667 0.7203703703703703 0.05 0.15185185185185185
2 0.71796875 0.41712962962962963 0.0171875 0.04537037037037037
2 0.4471354166666667 0.39166666666666666 0.019270833333333334 0.04814814814814815
2 0.703125 0.38101851851851853 0.010416666666666666 0.028703703703703703
2 0.5447916666666667 0.35509259259259257 0.013541666666666667 0.030555555555555555
2 0.5638020833333334 0.34814814814814815 0.0109375 0.025925925925925925
2 0.5088541666666667 0.32592592592592595 0.009375 0.022222222222222223
2 0.6338541666666667 0.3365740740740741 0.008333333333333333 0.017592592592592594
2 0.7028645833333333 0.3611111111111111 0.009895833333333333 0.022222222222222223
