2 0.18177083333333333 0.8976851851851851 0.075 0.19722222222222222
2 0.25416666666666665 0.6069444444444444 0.04791666666666667 0.11574074074074074
2 0.85390625 0.5467592592592593 0.0515625 0.11018518518518519
2 0.26666666666666666 0.47962962962962963 0.029166666666666667 0.08703703703703704
2 0.5302083333333333 0.37037037037037035 0.014583333333333334 0.04259259259259259
2 0.22005208333333334 0.39166666666666666 0.016145833333333335 0.044444444444444446
2 0.2682291666666667 0.33101851851851855 0.007291666666666667 0.028703703703703703
2 0.16484375 0.36712962962962964 0.009895833333333333 0.026851851851851852
2 0.35833333333333334 0.34629629629629627 0.009375 0.025925925925925925
2 0.0671875 0.3662037037037037 0.011458333333333333 0.026851851851851852
2 0.03177083333333333 0.3435185185185185 0.005208333333333333 0.012962962962962963
2 0.17395833333333333 0.3351851851851852 0.007291666666666667 0.016666666666666666
