2 0.34348958333333335 0.5111111111111111 0.03802083333333333 0.08703703703703704
2 0.2671875 0.7074074074074074 0.06354166666666666 0.16666666666666666
2 0.6377604166666667 0.4 0.018229166666666668 0.053703703703703705
2 0.30390625 0.45694444444444443 0.028645833333333332 0.06388888888888888
2 0.8127604166666667 0.48333333333333334 0.027604166666666666 0.07407407407407407
2 0.26588541666666665 0.42314814814814816 0.0203125 0.05
2 0.4244791666666667 0.35 0.011458333333333333 0.027777777777777776
2 0.17786458333333333 0.38935185185185184 0.011979166666666667 0.030555555555555555
2 0.10416666666666667 0.3851851851851852 0.009375 0.024074074074074074
2 0.2799479166666667 0.350462962962963 0.008854166666666666 0.021296296296296296
