0 0.397216796875 0.4684244791666667 0.01318359375 0.030598958333333332
1 0.716796875 0.546875 0.033203125 0.06380208333333333
0 0.2763671875 0.5406901041666666 0.025390625 0.056640625
1 0.62646484375 0.4622395833333333 0.015625 0.028645833333333332
0 0.4521484375 0.4391276041666667 0.0087890625 0.017578125
1 0.5908203125 0.4375 0.009765625 0.01953125
1 0.578369140625 0.4283854166666667 0.00732421875 0.014322916666666666
0 0.476318359375 0.4270833333333333 0.01025390625 0.020833333333333332
0 0.4912109375 0.4202473958333333 0.0048828125 0.009765625
1 0.570556640625 0.4222005208333333 0.00634765625 0.012369791666666666
0 0.49853515625 0.4163411458333333 0.0048828125 0.008463541666666666
