1 0.79609375 0.6048611111111111 0.04375 0.11527777777777778
1 0.829296875 0.4979166666666667 0.02265625 0.059722222222222225
1 0.11953125 0.42430555555555555 0.0328125 0.09027777777777778
1 0.2828125 0.30486111111111114 0.015625 0.04861111111111111
1 0.419921875 0.2951388888888889 0.01484375 0.034722222222222224
1 0.555078125 0.3229166666666667 0.01171875 0.029166666666666667
1 0.981640625 0.5590277777777778 0.01796875 0.04583333333333333
1 0.944140625 0.4951388888888889 0.01328125 0.03194444444444444
1 0.6765625 0.36180555555555555 0.0109375 0.02638888888888889
1 0.7703125 0.4 0.009375 0.027777777777777776
