0 0.334716796875 0.5048828125 0.03076171875 0.050130208333333336
0 0.398193359375 0.4615885416666667 0.01611328125 0.03125
1 0.577880859375 0.4293619791666667 0.01611328125 0.030598958333333332
1 0.67822265625 0.5071614583333334 0.0361328125 0.040364583333333336
1 0.9814453125 0.7666015625 0.0361328125 0.07356770833333333
1 0.60791015625 0.4488932291666667 0.01953125 0.035807291666666664
0 0.450439453125 0.4235026041666667 0.00927734375 0.016276041666666668
1 0.555419921875 0.4176432291666667 0.01123046875 0.014973958333333334
1 0.544921875 0.4104817708333333 0.009765625 0.016276041666666668
0 0.431396484375 0.4361979166666667 0.01318359375 0.018229166666666668
