1 0.308203125 0.5208333333333334 0.02734375 0.06944444444444445
1 0.833984375 0.6694444444444444 0.05234375 0.13055555555555556
1 0.824609375 0.46319444444444446 0.01640625 0.04861111111111111
1 0.587890625 0.42777777777777776 0.01171875 0.03888888888888889
1 0.8578125 0.39444444444444443 0.0078125 0.025
1 0.726953125 0.39791666666666664 0.00859375 0.02638888888888889
1 0.30859375 0.4027777777777778 0.0125 0.03333333333333333
1 0.7515625 0.38263888888888886 0.0078125 0.018055555555555554
1 0.7796875 0.36666666666666664 0.0078125 0.013888888888888888
1 0.80703125 0.37430555555555556 0.0078125 0.015277777777777777
1 0.8890625 0.4201388888888889 0.0125 0.0375
1 0.7359375 0.37222222222222223 0.0078125 0.013888888888888888
1 0.4671875 0.3854166666666667 0.0078125 0.020833333333333332
1 0.31953125 0.3736111111111111 0.0078125 0.019444444444444445
1 0.064453125 0.4076388888888889 0.01171875 0.020833333333333332
1 0.16875 0.38472222222222224 0.0078125 0.013888888888888888
1 0.7171875 0.36666666666666664 0.0078125 0.013888888888888888
