1 0.103125 0.5591216216216216 0.08375 0.125
1 0.268125 0.5261824324324325 0.05125 0.07939189189189189
0 0.72375 0.5168918918918919 0.055 0.09797297297297297
1 0.4025 0.5092905405405406 0.0325 0.05912162162162162
0 0.95375 0.549831081081081 0.085 0.19087837837837837
1 0.510625 0.5 0.02625 0.05067567567567568
0 0.883125 0.48817567567567566 0.03125 0.057432432432432436
1 0.63 0.49324324324324326 0.0225 0.04391891891891892
1 0.775625 0.4839527027027027 0.02375 0.04560810810810811
1 0.57875 0.47888513513513514 0.0125 0.02533783783783784
1 0.645625 0.4814189189189189 0.01375 0.02364864864864865
1 0.380625 0.4864864864864865 0.01125 0.016891891891891893
