0 0.29296875 0.5559895833333334 0.03515625 0.0546875
0 0.4296875 0.4947916666666667 0.017578125 0.03125
0 0.4912109375 0.4772135416666667 0.01171875 0.024739583333333332
1 0.64111328125 0.5553385416666666 0.0361328125 0.061197916666666664
1 0.6474609375 0.501953125 0.01953125 0.032552083333333336
1 0.64013671875 0.4778645833333333 0.0126953125 0.0234375
0 0.4990234375 0.4733072916666667 0.009765625 0.022135416666666668
0 0.5205078125 0.4609375 0.0078125 0.018229166666666668
0 0.470703125 0.451171875 0.0078125 0.016927083333333332
0 0.4296875 0.4427083333333333 0.005859375 0.015625
0 0.4541015625 0.4348958333333333 0.005859375 0.010416666666666666
1 0.64013671875 0.4615885416666667 0.0107421875 0.01953125
1 0.568359375 0.44921875 0.009765625 0.018229166666666668
1 0.5068359375 0.4375 0.0078125 0.015625
