1 0.1296875 0.475 0.0390625 0.08333333333333333
1 0.322265625 0.3638888888888889 0.02109375 0.05277777777777778
1 0.35625 0.33194444444444443 0.0140625 0.03888888888888889
1 0.330859375 0.30277777777777776 0.01015625 0.027777777777777776
1 0.92734375 0.6444444444444445 0.0390625 0.10555555555555556
1 0.73125 0.41597222222222224 0.0203125 0.05138888888888889
1 0.4453125 0.28888888888888886 0.0078125 0.022222222222222223
1 0.24453125 0.28541666666666665 0.00625 0.02361111111111111
1 0.15078125 0.2875 0.0078125 0.016666666666666666
1 0.578125 0.3277777777777778 0.0078125 0.025
1 0.675 0.3076388888888889 0.0078125 0.0125
