0 0.937890625 0.6444444444444445 0.03984375 0.10277777777777777
0 0.3609375 0.5069444444444444 0.015625 0.044444444444444446
0 0.733984375 0.50625 0.01796875 0.05138888888888889
0 0.65859375 0.46458333333333335 0.0140625 0.034722222222222224
0 0.203125 0.6902777777777778 0.034375 0.09722222222222222
0 0.563671875 0.4125 0.00859375 0.03333333333333333
2 0.537109375 0.4152777777777778 0.00859375 0.027777777777777776
2 0.421484375 0.41875 0.00859375 0.029166666666666667
2 0.399609375 0.42430555555555555 0.01015625 0.02638888888888889
0 0.3921875 0.46111111111111114 0.009375 0.027777777777777776
0 0.41328125 0.4423611111111111 0.0078125 0.020833333333333332
0 0.6625 0.42777777777777776 0.0078125 0.019444444444444445
0 0.6484375 0.4409722222222222 0.0078125 0.02361111111111111
0 0.675390625 0.41805555555555557 0.00859375 0.016666666666666666
0 0.51171875 0.4201388888888889 0.0078125 0.015277777777777777
0 0.5015625 0.41805555555555557 0.0078125 0.013888888888888888
