1 0.37451171875 0.4837239583333333 0.0244140625 0.04296875
1 0.4267578125 0.4391276041666667 0.013671875 0.025390625
1 0.4482421875 0.4231770833333333 0.009765625 0.018229166666666668
1 0.641357421875 0.4752604166666667 0.02197265625 0.040364583333333336
1 0.058837890625 0.7972005208333334 0.11279296875 0.173828125
1 0.881103515625 0.5390625 0.03466796875 0.059895833333333336
1 0.605224609375 0.4475911458333333 0.01611328125 0.025390625
1 0.56298828125 0.4215494791666667 0.0087890625 0.014973958333333334
1 0.6689453125 0.4339192708333333 0.009765625 0.018880208333333332
1 0.55224609375 0.4134114583333333 0.0068359375 0.013020833333333334
1 0.570556640625 0.4095052083333333 0.00634765625 0.01171875
1 0.460205078125 0.4117838541666667 0.00732421875 0.012369791666666666
1 0.467041015625 0.4049479166666667 0.00634765625 0.01171875
1 0.75537109375 0.4231770833333333 0.0078125 0.014322916666666666
1 0.662109375 0.4205729166666667 0.0078125 0.014322916666666666
1 0.543701171875 0.4059244791666667 0.00537109375 0.009765625
1 0.6318359375 0.3958333333333333 0.0048828125 0.009114583333333334
1 0.623046875 0.3919270833333333 0.0048828125 0.009114583333333334
1 0.59033203125 0.3909505208333333 0.0048828125 0.008463541666666666
1 0.5390625 0.4026692708333333 0.005859375 0.009765625
1 0.48681640625 0.3948567708333333 0.0048828125 0.007161458333333333
1 0.809814453125 0.4147135416666667 0.00732421875 0.01171875
1 0.768310546875 0.4235026041666667 0.00830078125 0.014973958333333334
1 0.675537109375 0.3974609375 0.00537109375 0.008463541666666666
1 0.667724609375 0.4127604166666667 0.00732421875 0.01171875
1 0.720458984375 0.4013671875 0.00537109375 0.009765625
1 0.580078125 0.3942057291666667 0.0048828125 0.008463541666666666
1 0.533203125 0.3987630208333333 0.0048828125 0.009765625
1 0.9560546875 0.4293619791666667 0.0087890625 0.013671875
1 0.994384765625 0.4391276041666667 0.01025390625 0.016276041666666668
1 0.47314453125 0.3997395833333333 0.0048828125 0.006510416666666667
1 0.984619140625 0.4518229166666667 0.01416015625 0.020833333333333332
1 0.83251953125 0.4124348958333333 0.005859375 0.008463541666666666
1 0.7880859375 0.4046223958333333 0.005859375 0.009765625
1 0.759033203125 0.4059244791666667 0.00537109375 0.009765625
1 0.666015625 0.404296875 0.005859375 0.009114583333333334
1 0.50732421875 0.3942057291666667 0.0048828125 0.007161458333333333
1 0.52880859375 0.3916015625 0.0048828125 0.007161458333333333
1 0.5576171875 0.3919270833333333 0.0048828125 0.006510416666666667
