1 0.8765625 0.8784722222222222 0.06875 0.18472222222222223
1 0.72578125 0.49166666666666664 0.028125 0.06944444444444445
1 0.01875 0.4722222222222222 0.0359375 0.10833333333333334
1 0.359765625 0.34305555555555556 0.02109375 0.05277777777777778
1 0.764453125 0.4263888888888889 0.01328125 0.03333333333333333
1 0.594140625 0.3423611111111111 0.01015625 0.02638888888888889
1 0.834765625 0.43680555555555556 0.00859375 0.02638888888888889
1 0.72734375 0.375 0.0078125 0.022222222222222223
1 0.91015625 0.46597222222222223 0.0078125 0.029166666666666667
1 0.09375 0.24444444444444444 0.0078125 0.022222222222222223
