1 0.3369140625 0.5517578125 0.03515625 0.06575520833333333
1 0.42724609375 0.4606119791666667 0.015625 0.030598958333333332
1 0.59912109375 0.4541015625 0.013671875 0.026692708333333332
1 0.451904296875 0.4388020833333333 0.01123046875 0.020833333333333332
1 0.5703125 0.4375 0.01171875 0.018229166666666668
1 0.549560546875 0.4280598958333333 0.00830078125 0.014973958333333334
1 0.688232421875 0.4342447916666667 0.00830078125 0.015625
1 0.46826171875 0.4228515625 0.0068359375 0.012369791666666666
1 0.793212890625 0.4342447916666667 0.00830078125 0.014322916666666666
1 0.541259765625 0.4222005208333333 0.00634765625 0.011067708333333334
1 0.8935546875 0.4498697916666667 0.013671875 0.022135416666666668
1 0.85791015625 0.43359375 0.0087890625 0.013020833333333334
1 0.75732421875 0.427734375 0.0078125 0.013020833333333334
1 0.4775390625 0.4166666666666667 0.0048828125 0.009114583333333334
1 0.47314453125 0.4195963541666667 0.0048828125 0.011067708333333334
1 0.597900390625 0.4225260416666667 0.00537109375 0.010416666666666666
1 0.5361328125 0.4169921875 0.0048828125 0.009765625
