2 0.6385416666666667 0.36944444444444446 0.013541666666666667 0.025925925925925925
2 0.353125 0.41805555555555557 0.01875 0.04537037037037037
2 0.8203125 0.4675925925925926 0.022916666666666665 0.06111111111111111
2 0.6609375 0.4083333333333333 0.017708333333333333 0.03888888888888889
2 0.41822916666666665 0.362962962962963 0.010416666666666666 0.024074074074074074
2 0.005729166666666666 0.47129629629629627 0.011458333333333333 0.037037037037037035
2 0.19609375 0.38796296296296295 0.008854166666666666 0.022222222222222223
2 0.09401041666666667 0.4023148148148148 0.008854166666666666 0.017592592592592594
2 0.18645833333333334 0.36944444444444446 0.008333333333333333 0.014814814814814815
2 0.50859375 0.34444444444444444 0.0067708333333333336 0.020370370370370372
