2 0.42919921875 0.4378255208333333 0.01171875 0.022786458333333332
2 0.3125 0.53125 0.0302734375 0.05859375
2 0.397216796875 0.4661458333333333 0.01904296875 0.032552083333333336
2 0.65283203125 0.4713541666666667 0.01953125 0.033854166666666664
2 0.75830078125 0.5462239583333334 0.033203125 0.06380208333333333
2 0.0458984375 0.7744140625 0.083984375 0.15690104166666666
2 0.61279296875 0.4407552083333333 0.01171875 0.0234375
2 0.58203125 0.4235026041666667 0.0087890625 0.016276041666666668
2 0.45263671875 0.4212239583333333 0.009765625 0.016927083333333332
2 0.5693359375 0.4127604166666667 0.0078125 0.013020833333333334
2 0.464111328125 0.4095052083333333 0.00927734375 0.014322916666666666
2 0.474609375 0.4039713541666667 0.0068359375 0.012369791666666666
2 0.56591796875 0.4055989583333333 0.0078125 0.010416666666666666
2 0.55615234375 0.4010416666666667 0.0068359375 0.010416666666666666
2 0.54736328125 0.3961588541666667 0.0048828125 0.008463541666666666
2 0.54345703125 0.3929036458333333 0.0048828125 0.007161458333333333
2 0.4853515625 0.3961588541666667 0.0048828125 0.008463541666666666
2 0.48193359375 0.3997395833333333 0.0048828125 0.010416666666666666
2 0.53955078125 0.3909505208333333 0.0048828125 0.007161458333333333
