2 0.6955729166666667 0.5546296296296296 0.04010416666666667 0.09444444444444444
2 0.4322916666666667 0.36203703703703705 0.010416666666666666 0.027777777777777776
2 0.33958333333333335 0.42083333333333334 0.025 0.04537037037037037
2 0.44505208333333335 0.32916666666666666 0.009895833333333333 0.012037037037037037
2 0.45390625 0.32916666666666666 0.0078125 0.010185185185185186
2 0.60234375 0.350462962962963 0.008854166666666666 0.021296296296296296
2 0.22161458333333334 0.38101851851851853 0.0109375 0.023148148148148147
2 0.49296875 0.32592592592592595 0.005729166666666666 0.014814814814814815
2 0.5875 0.3287037037037037 0.00625 0.014814814814814815
2 0.26901041666666664 0.3592592592592593 0.0078125 0.020370370370370372
