1 0.84875 0.5177364864864865 0.0375 0.06925675675675676
1 0.639375 0.5092905405405406 0.03875 0.07263513513513513
1 0.235 0.5177364864864865 0.075 0.13344594594594594
1 0.449375 0.5033783783783784 0.04375 0.08783783783783784
1 0.576875 0.4864864864864865 0.01375 0.02702702702702703
1 0.496875 0.48057432432432434 0.01875 0.03209459459459459
1 0.320625 0.47128378378378377 0.01375 0.02702702702702703
1 0.914375 0.5076013513513513 0.01625 0.03209459459459459
1 0.14 0.45861486486486486 0.0125 0.02533783783783784
1 0.41875 0.47550675675675674 0.0125 0.02533783783783784
0 0.546875 0.4864864864864865 0.01125 0.02027027027027027
0 0.8025 0.5 0.01 0.02702702702702703
1 0.989375 0.5084459459459459 0.01625 0.033783783783783786
0 0.870625 0.504222972972973 0.01125 0.02195945945945946
1 0.749375 0.4966216216216216 0.01125 0.02702702702702703
0 0.61125 0.48817567567567566 0.0125 0.02027027027027027
0 0.405625 0.47466216216216217 0.01125 0.02027027027027027
0 0.4775 0.4797297297297297 0.01 0.02027027027027027
0 0.955625 0.5101351351351351 0.01375 0.02702702702702703
0 0.74125 0.49577702702702703 0.0125 0.02195945945945946
0 0.3375 0.4704391891891892 0.0125 0.02195945945945946
0 0.104375 0.45692567567567566 0.01125 0.02195945945945946
1 0.06 0.4560810810810811 0.015 0.02702702702702703
