1 0.648046875 0.4083333333333333 0.02421875 0.075
1 0.26015625 0.4263888888888889 0.03125 0.08611111111111111
1 0.5 0.3284722222222222 0.015625 0.04583333333333333
1 0.291796875 0.3506944444444444 0.01953125 0.04861111111111111
1 0.23203125 0.3173611111111111 0.0109375 0.029166666666666667
1 0.13984375 0.3138888888888889 0.0078125 0.022222222222222223
1 0.37890625 0.30069444444444443 0.0109375 0.02638888888888889
1 0.10703125 0.3 0.0078125 0.013888888888888888
1 0.03671875 0.325 0.0078125 0.019444444444444445
1 0.22734375 0.2916666666666667 0.0078125 0.016666666666666666
