1 0.37265625 0.56875 0.025 0.06805555555555555
1 0.76484375 0.5243055555555556 0.0203125 0.05694444444444444
1 0.66875 0.46944444444444444 0.0125 0.03333333333333333
1 0.425390625 0.48333333333333334 0.01328125 0.03611111111111111
1 0.49296875 0.4388888888888889 0.0078125 0.025
1 0.6234375 0.4423611111111111 0.0078125 0.020833333333333332
1 0.55078125 0.4215277777777778 0.0078125 0.02361111111111111
1 0.61484375 0.41388888888888886 0.0078125 0.016666666666666666
1 0.670703125 0.40694444444444444 0.00859375 0.016666666666666666
1 0.73671875 0.41805555555555557 0.0078125 0.019444444444444445
1 0.71875 0.39861111111111114 0.0078125 0.013888888888888888
1 0.68359375 0.42430555555555555 0.0078125 0.018055555555555554
