1 0.70166015625 0.5504557291666666 0.0400390625 0.06966145833333333
1 0.582763671875 0.4521484375 0.01611328125 0.026692708333333332
1 0.34912109375 0.486328125 0.017578125 0.040364583333333336
1 0.419921875 0.4475911458333333 0.0166015625 0.025390625
1 0.18359375 0.4645182291666667 0.0166015625 0.030598958333333332
1 0.320068359375 0.4401041666666667 0.01025390625 0.022135416666666668
1 0.563232421875 0.43359375 0.00927734375 0.01953125
1 0.552001953125 0.4267578125 0.00732421875 0.017578125
1 0.452392578125 0.421875 0.00537109375 0.01171875
1 0.54638671875 0.4205729166666667 0.0078125 0.014322916666666666
1 0.536376953125 0.4095052083333333 0.00537109375 0.013020833333333334
1 0.529052734375 0.4069010416666667 0.00634765625 0.010416666666666666
1 0.49462890625 0.4049479166666667 0.0048828125 0.010416666666666666
