1 0.5302734375 0.4674479166666667 0.017578125 0.0390625
1 0.6904296875 0.4983723958333333 0.025390625 0.047526041666666664
0 0.23046875 0.6181640625 0.060546875 0.09440104166666667
0 0.1044921875 0.5065104166666666 0.02734375 0.044270833333333336
0 0.185791015625 0.5237630208333334 0.02294921875 0.047526041666666664
1 0.331787109375 0.4557291666666667 0.01806640625 0.028645833333333332
1 0.197265625 0.44921875 0.0146484375 0.022135416666666668
1 0.97900390625 0.6158854166666666 0.0400390625 0.09375
1 0.986572265625 0.4645182291666667 0.02001953125 0.035807291666666664
1 0.048828125 0.4462890625 0.009765625 0.014973958333333334
1 0.847412109375 0.4147135416666667 0.00927734375 0.01953125
0 0.9482421875 0.4130859375 0.0068359375 0.016276041666666668
1 0.11474609375 0.447265625 0.0107421875 0.01953125
1 0.01318359375 0.4453125 0.0087890625 0.013020833333333334
1 0.89501953125 0.4319661458333333 0.01171875 0.021484375
1 0.824951171875 0.4065755208333333 0.00732421875 0.013671875
1 0.80908203125 0.3997395833333333 0.0068359375 0.01171875
1 0.79150390625 0.3899739583333333 0.0048828125 0.009114583333333334
0 0.892822265625 0.4016927083333333 0.01025390625 0.013020833333333334
0 0.84130859375 0.3889973958333333 0.0048828125 0.007161458333333333
