1 0.86640625 0.6111111111111112 0.0390625 0.1111111111111111
1 0.45078125 0.4409722222222222 0.015625 0.04027777777777778
1 0.68828125 0.44375 0.0171875 0.04583333333333333
1 0.259375 0.6159722222222223 0.0421875 0.10972222222222222
1 0.62890625 0.3770833333333333 0.0078125 0.020833333333333332
1 0.74453125 0.4125 0.009375 0.027777777777777776
1 0.88515625 0.39375 0.0078125 0.020833333333333332
1 0.7421875 0.3798611111111111 0.0078125 0.018055555555555554
1 0.7078125 0.36666666666666664 0.0078125 0.013888888888888888
1 0.96171875 0.4270833333333333 0.0078125 0.020833333333333332
1 0.959765625 0.42083333333333334 0.00859375 0.022222222222222223
