2 0.7416666666666667 0.5430555555555555 0.03333333333333333 0.08981481481481482
2 0.22005208333333334 0.48703703703703705 0.0390625 0.08148148148148149
2 0.4002604166666667 0.40046296296296297 0.0234375 0.05092592592592592
2 0.81953125 0.4726851851851852 0.019270833333333334 0.05648148148148148
2 0.5317708333333333 0.3819444444444444 0.015625 0.03981481481481482
2 0.9471354166666667 0.4634259259259259 0.009895833333333333 0.03425925925925926
2 0.6984375 0.37777777777777777 0.0125 0.03148148148148148
2 0.7677083333333333 0.3875 0.009375 0.025
2 0.87109375 0.4115740740740741 0.008854166666666666 0.028703703703703703
2 0.3377604166666667 0.3337962962962963 0.011979166666666667 0.028703703703703703
