1 0.659375 0.5261824324324325 0.06875 0.13006756756756757
1 0.3675 0.5422297297297297 0.0875 0.15878378378378377
1 0.838125 0.518581081081081 0.05125 0.10135135135135136
1 0.56375 0.47719594594594594 0.015 0.028716216216216218
1 0.48625 0.48057432432432434 0.015 0.028716216216216218
0 0.5125 0.47466216216216217 0.0125 0.02027027027027027
0 0.229375 0.48057432432432434 0.01375 0.02533783783783784
1 0.39375 0.47888513513513514 0.02 0.028716216216216218
1 0.3025 0.48057432432432434 0.0125 0.028716216216216218
1 0.174375 0.47719594594594594 0.01375 0.02533783783783784
1 0.08625 0.47550675675675674 0.015 0.02195945945945946
1 0.62 0.47719594594594594 0.015 0.028716216216216218
1 0.455625 0.47466216216216217 0.01375 0.02364864864864865
0 0.24625 0.47381756756756754 0.0075 0.018581081081081082
0 0.595 0.47128378378378377 0.0125 0.02027027027027027
1 0.134375 0.47635135135135137 0.01125 0.02364864864864865
0 0.5525 0.47297297297297297 0.01 0.02027027027027027
0 0.72875 0.47719594594594594 0.0125 0.02533783783783784
