1 0.193359375 0.6243055555555556 0.03671875 0.10972222222222222
1 0.218359375 0.4722222222222222 0.01171875 0.03333333333333333
1 0.248046875 0.4979166666666667 0.01640625 0.043055555555555555
1 0.6921875 0.5104166666666666 0.0296875 0.08194444444444444
1 0.49296875 0.4527777777777778 0.015625 0.03888888888888889
1 0.34296875 0.44305555555555554 0.0125 0.027777777777777776
1 0.246875 0.4444444444444444 0.0078125 0.022222222222222223
1 0.161328125 0.46805555555555556 0.00859375 0.027777777777777776
1 0.058203125 0.4756944444444444 0.00859375 0.02361111111111111
1 0.140625 0.45208333333333334 0.0078125 0.02638888888888889
