1 0.901953125 0.9118055555555555 0.08203125 0.17083333333333334
1 0.695703125 0.48125 0.02734375 0.08472222222222223
1 0.380859375 0.3680555555555556 0.01953125 0.058333333333333334
1 0.726953125 0.4222222222222222 0.01953125 0.05
1 0.51640625 0.3368055555555556 0.009375 0.03194444444444444
1 0.61953125 0.3423611111111111 0.0078125 0.02638888888888889
1 0.76015625 0.40625 0.009375 0.034722222222222224
1 0.80546875 0.4173611111111111 0.0078125 0.029166666666666667
1 0.6921875 0.3527777777777778 0.0078125 0.019444444444444445
1 0.920703125 0.44722222222222224 0.00703125 0.025
1 0.85859375 0.4375 0.009375 0.025
