0 0.3875 0.42736486486486486 0.02 0.04054054054054054
1 0.645 0.4197635135135135 0.02 0.03885135135135135
1 0.53375 0.40202702702702703 0.015 0.02702702702702703
0 0.226875 0.5557432432432432 0.04875 0.08445945945945946
1 0.76 0.47297297297297297 0.035 0.06418918918918919
0 0.323125 0.41047297297297297 0.01875 0.030405405405405407
1 0.4225 0.39949324324324326 0.015 0.02533783783783784
1 0.34875 0.3952702702702703 0.0075 0.02027027027027027
0 0.20125 0.40540540540540543 0.0075 0.02027027027027027
1 0.281875 0.39611486486486486 0.01125 0.018581081081081082
0 0.26375 0.40709459459459457 0.01 0.02364864864864865
0 0.138125 0.40625 0.00875 0.018581081081081082
1 0.145625 0.3969594594594595 0.00875 0.016891891891891893
1 0.22875 0.3952702702702703 0.01 0.02027027027027027
