0 0.57875 0.5050675675675675 0.0425 0.08783783783783784
0 0.4825 0.5008445945945946 0.035 0.07263513513513513
0 0.355 0.49155405405405406 0.03 0.057432432432432436
0 0.44 0.4839527027027027 0.0225 0.04222972972972973
1 0.15875 0.47888513513513514 0.025 0.04222972972972973
1 0.074375 0.4797297297297297 0.02875 0.05067567567567568
1 0.254375 0.4797297297297297 0.01625 0.04054054054054054
0 0.555625 0.4847972972972973 0.01375 0.033783783783783786
0 0.6175 0.4873310810810811 0.015 0.028716216216216218
0 0.658125 0.4864864864864865 0.01125 0.02702702702702703
0 0.679375 0.4856418918918919 0.01125 0.02533783783783784
1 0.4225 0.4780405405405405 0.01 0.02027027027027027
1 0.545 0.47888513513513514 0.01 0.02195945945945946
