1 0.89990234375 0.6376953125 0.0693359375 0.10611979166666667
1 0.669921875 0.51171875 0.03125 0.05078125
1 0.548095703125 0.4680989583333333 0.02001953125 0.037760416666666664
1 0.199951171875 0.5709635416666666 0.04248046875 0.07682291666666667
1 0.1494140625 0.4833984375 0.021484375 0.035807291666666664
1 0.4443359375 0.4527994791666667 0.01953125 0.031901041666666664
1 0.337158203125 0.4436848958333333 0.01123046875 0.022786458333333332
1 0.2451171875 0.44140625 0.0126953125 0.022135416666666668
1 0.01953125 0.4833984375 0.0244140625 0.034505208333333336
1 0.05419921875 0.4508463541666667 0.015625 0.022786458333333332
1 0.1572265625 0.4456380208333333 0.013671875 0.024088541666666668
