1 0.84921875 0.58125 0.0359375 0.10972222222222222
1 0.28984375 0.3840277777777778 0.021875 0.05138888888888889
1 0.274609375 0.34791666666666665 0.01171875 0.03194444444444444
1 0.5515625 0.3645833333333333 0.0140625 0.03194444444444444
1 0.116796875 0.5513888888888889 0.05078125 0.11666666666666667
1 0.198046875 0.3326388888888889 0.01015625 0.020833333333333332
1 0.434375 0.32569444444444445 0.0109375 0.020833333333333332
1 0.0984375 0.33402777777777776 0.0078125 0.018055555555555554
1 0.171875 0.3111111111111111 0.0078125 0.013888888888888888
1 0.0484375 0.3277777777777778 0.0078125 0.013888888888888888
1 0.322265625 0.30972222222222223 0.01015625 0.022222222222222223
