1 0.381875 0.45 0.03125 0.11875
0 0.57625 0.340625 0.025 0.08125
1 0.148125 0.515625 0.08625 0.18125
0 0.625625 0.4453125 0.03625 0.121875
1 0.435625 0.3375 0.02125 0.1
0 0.71125 0.2890625 0.0175 0.059375
2 0.73375 0.3234375 0.035 0.065625
0 0.540625 0.2890625 0.01125 0.053125
0 0.5 0.2609375 0.0075 0.040625
1 0.4575 0.2984375 0.015 0.059375
0 0.454375 0.25625 0.00875 0.04375
1 0.61125 0.1796875 0.0075 0.028125
1 0.709375 0.2046875 0.00875 0.028125
0 0.925 0.940625 0.0675 0.10625
1 0.6675 0.203125 0.0075 0.025
1 0.65 0.19375 0.0075 0.03125
1 0.818125 0.1953125 0.00875 0.028125
1 0.7625 0.20625 0.01 0.0375
1 0.794375 0.2203125 0.01125 0.040625
