2 0.23541666666666666 0.6138888888888889 0.051041666666666666 0.13333333333333333
2 0.3611979166666667 0.4134259259259259 0.0203125 0.05462962962962963
2 0.48880208333333336 0.3425925925925926 0.009895833333333333 0.025925925925925925
2 0.7770833333333333 0.5666666666666667 0.041666666666666664 0.09814814814814815
2 0.609375 0.3851851851851852 0.015625 0.03518518518518519
2 0.3265625 0.35648148148148145 0.011458333333333333 0.025925925925925925
2 0.32395833333333335 0.3314814814814815 0.007291666666666667 0.018518518518518517
2 0.3059895833333333 0.3199074074074074 0.0067708333333333336 0.017592592592592594
2 0.2869791666666667 0.31712962962962965 0.00625 0.01574074074074074
2 0.3515625 0.30925925925925923 0.005208333333333333 0.012962962962962963
2 0.3807291666666667 0.31342592592592594 0.005208333333333333 0.013888888888888888
2 0.42552083333333335 0.32222222222222224 0.011458333333333333 0.020370370370370372
