0 0.237060546875 0.5 0.02294921875 0.046875
1 0.572998046875 0.4700520833333333 0.01708984375 0.041666666666666664
1 0.676025390625 0.5325520833333334 0.03564453125 0.059895833333333336
1 0.83837890625 0.5149739583333334 0.033203125 0.053385416666666664
0 0.1953125 0.5703125 0.0458984375 0.0703125
1 0.198974609375 0.447265625 0.01416015625 0.033854166666666664
1 0.45849609375 0.44921875 0.015625 0.028645833333333332
1 0.356201171875 0.4443359375 0.01416015625 0.026692708333333332
0 0.130859375 0.4840494791666667 0.01953125 0.031901041666666664
0 0.043701171875 0.4856770833333333 0.01904296875 0.03125
1 0.701904296875 0.4488932291666667 0.01708984375 0.027994791666666668
1 0.645263671875 0.4264322916666667 0.01025390625 0.01953125
1 0.613037109375 0.4130859375 0.00830078125 0.017578125
1 0.047607421875 0.4541015625 0.01416015625 0.021484375
0 0.864013671875 0.4505208333333333 0.01318359375 0.02734375
0 0.76416015625 0.4251302083333333 0.0107421875 0.020833333333333332
0 0.708251953125 0.4124348958333333 0.00732421875 0.013671875
1 0.589111328125 0.4039713541666667 0.00634765625 0.013671875
1 0.56884765625 0.3932291666666667 0.0048828125 0.009114583333333334
0 0.63134765625 0.3938802083333333 0.0048828125 0.010416666666666666
0 0.681884765625 0.4052734375 0.00537109375 0.012369791666666666
0 0.662109375 0.400390625 0.0048828125 0.010416666666666666
0 0.64453125 0.396484375 0.0048828125 0.010416666666666666
0 0.611328125 0.3873697916666667 0.0048828125 0.009114583333333334
1 0.577880859375 0.3981119791666667 0.00634765625 0.012369791666666666
1 0.5634765625 0.3899739583333333 0.0048828125 0.009114583333333334
0 0.6181640625 0.3896484375 0.0048828125 0.009765625
0 0.5927734375 0.3844401041666667 0.0048828125 0.007161458333333333
0 0.58837890625 0.3844401041666667 0.0048828125 0.007161458333333333
