0 0.27 0.5194256756756757 0.045 0.07939189189189189
1 0.835625 0.5160472972972973 0.04375 0.07939189189189189
1 0.666875 0.46368243243243246 0.03125 0.048986486486486486
1 0.695 0.46283783783783783 0.03 0.05067567567567568
0 0.343125 0.47550675675675674 0.03375 0.06587837837837837
0 0.395 0.40709459459459457 0.0125 0.02364864864864865
0 0.365625 0.4265202702702703 0.01625 0.03209459459459459
1 0.639375 0.4206081081081081 0.02125 0.04391891891891892
1 0.61 0.40540540540540543 0.015 0.02702702702702703
1 0.570625 0.3876689189189189 0.01125 0.02195945945945946
0 0.406875 0.3969594594594595 0.00875 0.02364864864864865
0 0.383125 0.38344594594594594 0.00875 0.016891891891891893
1 0.5975 0.39442567567567566 0.015 0.02533783783783784
