1 0.439208984375 0.4456380208333333 0.01318359375 0.024088541666666668
1 0.61572265625 0.466796875 0.0185546875 0.032552083333333336
1 0.211669921875 0.6881510416666666 0.07373046875 0.12239583333333333
1 0.84521484375 0.7353515625 0.0888671875 0.14388020833333334
1 0.590087890625 0.4404296875 0.01318359375 0.022786458333333332
1 0.970458984375 0.5218098958333334 0.02685546875 0.054036458333333336
1 0.45263671875 0.4303385416666667 0.01171875 0.01953125
1 0.908203125 0.4638671875 0.017578125 0.027994791666666668
1 0.687255859375 0.4293619791666667 0.01220703125 0.021484375
1 0.549560546875 0.4166666666666667 0.00634765625 0.015625
1 0.466796875 0.4189453125 0.0078125 0.014973958333333334
1 0.473876953125 0.4150390625 0.00634765625 0.011067708333333334
1 0.541259765625 0.4140625 0.00537109375 0.010416666666666666
1 0.620849609375 0.4127604166666667 0.00537109375 0.010416666666666666
