1 0.297119140625 0.591796875 0.04833984375 0.08333333333333333
1 0.904052734375 0.4996744791666667 0.02490234375 0.041015625
1 0.87255859375 0.4554036458333333 0.0146484375 0.025390625
1 0.60302734375 0.4567057291666667 0.015625 0.030598958333333332
1 0.737060546875 0.6181640625 0.06103515625 0.095703125
1 0.54736328125 0.4150390625 0.0068359375 0.012369791666666666
1 0.674560546875 0.427734375 0.00927734375 0.018229166666666668
1 0.582763671875 0.4348958333333333 0.01416015625 0.024739583333333332
1 0.44580078125 0.439453125 0.013671875 0.024739583333333332
1 0.45751953125 0.4270833333333333 0.0087890625 0.01953125
1 0.46923828125 0.4173177083333333 0.0068359375 0.013020833333333334
1 0.72412109375 0.4156901041666667 0.005859375 0.011067708333333334
1 0.8916015625 0.4251302083333333 0.0078125 0.013020833333333334
1 0.93994140625 0.4244791666666667 0.0087890625 0.014322916666666666
1 0.540771484375 0.4127604166666667 0.00537109375 0.01171875
1 0.533203125 0.4108072916666667 0.0048828125 0.009114583333333334
1 0.873779296875 0.4195963541666667 0.00634765625 0.011067708333333334
1 0.4755859375 0.4137369791666667 0.0048828125 0.009765625
1 0.616455078125 0.4111328125 0.00537109375 0.011067708333333334
1 0.68310546875 0.4104817708333333 0.0048828125 0.011067708333333334
