0 0.253173828125 0.5625 0.03662109375 0.06770833333333333
1 0.617919921875 0.455078125 0.01220703125 0.026041666666666668
0 0.41357421875 0.4609375 0.0126953125 0.02734375
1 0.59130859375 0.4358723958333333 0.009765625 0.018880208333333332
1 0.722900390625 0.5302734375 0.03564453125 0.055338541666666664
0 0.4580078125 0.435546875 0.0087890625 0.018229166666666668
1 0.57666015625 0.4244791666666667 0.0078125 0.013020833333333334
0 0.479248046875 0.4231770833333333 0.00634765625 0.01171875
0 0.48828125 0.4173177083333333 0.0048828125 0.009114583333333334
1 0.569580078125 0.4169921875 0.00537109375 0.009765625
