2 0.68203125 0.49074074074074076 0.033854166666666664 0.07222222222222222
2 0.6166666666666667 0.3675925925925926 0.0125 0.027777777777777776
2 0.38359375 0.36435185185185187 0.013020833333333334 0.01574074074074074
2 0.10390625 0.5833333333333334 0.05677083333333333 0.1037037037037037
2 0.29973958333333334 0.36944444444444446 0.0109375 0.024074074074074074
2 0.36744791666666665 0.3662037037037037 0.015104166666666667 0.019444444444444445
2 0.4484375 0.3587962962962963 0.0125 0.026851851851851852
2 0.48723958333333334 0.337037037037037 0.0078125 0.020370370370370372
2 0.609375 0.34305555555555556 0.007291666666666667 0.021296296296296296
2 0.07994791666666666 0.42453703703703705 0.013020833333333334 0.028703703703703703
2 0.5114583333333333 0.325 0.005208333333333333 0.014814814814814815
2 0.6036458333333333 0.3277777777777778 0.005208333333333333 0.014814814814814815
