1 0.850341796875 0.6044921875 0.05126953125 0.09309895833333333
1 0.653564453125 0.4762369791666667 0.02197265625 0.042317708333333336
0 0.258056640625 0.626953125 0.05419921875 0.10677083333333333
1 0.596435546875 0.4384765625 0.01220703125 0.025390625
0 0.402587890625 0.4755859375 0.02294921875 0.035807291666666664
1 0.680908203125 0.427734375 0.01025390625 0.01953125
1 0.63232421875 0.41796875 0.0087890625 0.016927083333333332
0 0.44091796875 0.4378255208333333 0.013671875 0.025390625
1 0.57373046875 0.4205729166666667 0.0087890625 0.016927083333333332
0 0.72998046875 0.416015625 0.0078125 0.015625
1 0.917724609375 0.4508463541666667 0.01513671875 0.024088541666666668
0 0.92919921875 0.4303385416666667 0.013671875 0.01953125
1 0.795654296875 0.4427083333333333 0.01416015625 0.02734375
1 0.5595703125 0.4104817708333333 0.0078125 0.014973958333333334
0 0.4609375 0.421875 0.0078125 0.016927083333333332
1 0.600830078125 0.4065755208333333 0.00732421875 0.013671875
0 0.880615234375 0.4293619791666667 0.01220703125 0.017578125
1 0.588134765625 0.400390625 0.00634765625 0.01171875
0 0.465087890625 0.4130859375 0.00634765625 0.013671875
0 0.785888671875 0.4231770833333333 0.00830078125 0.018229166666666668
0 0.6875 0.4075520833333333 0.0068359375 0.013020833333333334
0 0.47021484375 0.4065755208333333 0.0048828125 0.011067708333333334
1 0.5791015625 0.3981119791666667 0.0048828125 0.011067708333333334
