0 0.261474609375 0.5107421875 0.02587890625 0.047526041666666664
0 0.1845703125 0.4830729166666667 0.01953125 0.033854166666666664
1 0.802978515625 0.4986979166666667 0.02392578125 0.044270833333333336
1 0.65478515625 0.4583333333333333 0.0166015625 0.03125
1 0.28759765625 0.4381510416666667 0.009765625 0.01953125
1 0.491455078125 0.4410807291666667 0.01416015625 0.025390625
1 0.3896484375 0.4322916666666667 0.0107421875 0.020833333333333332
0 0.057373046875 0.4729817708333333 0.01611328125 0.027994791666666668
1 0.181396484375 0.44140625 0.01123046875 0.01953125
1 0.144287109375 0.4381510416666667 0.01025390625 0.015625
1 0.212158203125 0.4254557291666667 0.00927734375 0.013671875
1 0.269287109375 0.4150390625 0.00830078125 0.013671875
1 0.363037109375 0.4052734375 0.00634765625 0.011067708333333334
1 0.4501953125 0.3990885416666667 0.0048828125 0.010416666666666666
0 0.15771484375 0.4248046875 0.0078125 0.012369791666666666
0 0.0107421875 0.4449869791666667 0.0107421875 0.016276041666666668
0 0.067626953125 0.4358723958333333 0.00830078125 0.014973958333333334
1 0.251708984375 0.4117838541666667 0.00634765625 0.009765625
