0 0.878125 0.5717905405405406 0.17125 0.24155405405405406
0 0.311875 0.5346283783783784 0.07125 0.11993243243243243
0 0.195 0.5320945945945946 0.0625 0.09797297297297297
0 0.048125 0.5236486486486487 0.04125 0.07432432432432433
0 0.069375 0.512668918918919 0.02625 0.052364864864864864
1 0.105625 0.5059121621621622 0.01875 0.03885135135135135
0 0.400625 0.5 0.01625 0.030405405405405407
0 0.486875 0.49408783783783783 0.01125 0.02195945945945946
0 0.46625 0.49577702702702703 0.0125 0.02533783783783784
0 0.444375 0.49746621621621623 0.01125 0.02533783783783784
1 0.369375 0.49324324324324326 0.01125 0.02364864864864865
1 0.269375 0.4966216216216216 0.01375 0.030405405405405407
1 0.12625 0.5 0.01 0.02364864864864865
1 0.243125 0.4966216216216216 0.01375 0.02702702702702703
0 0.4125 0.49577702702702703 0.01 0.018581081081081082
0 0.378125 0.49408783783783783 0.00875 0.018581081081081082
