0 0.220703125 0.5916666666666667 0.02890625 0.08055555555555556
1 0.24765625 0.6006944444444444 0.0359375 0.0875
1 0.803515625 0.5784722222222223 0.03515625 0.10138888888888889
1 0.723828125 0.4534722222222222 0.01484375 0.04583333333333333
1 0.418359375 0.45625 0.01640625 0.04583333333333333
1 0.5484375 0.41944444444444445 0.0125 0.025
1 0.658203125 0.4027777777777778 0.01015625 0.027777777777777776
1 0.797265625 0.4263888888888889 0.01171875 0.03333333333333333
1 0.773046875 0.39861111111111114 0.00859375 0.025
1 0.873828125 0.4173611111111111 0.00859375 0.029166666666666667
1 0.86328125 0.39861111111111114 0.0078125 0.022222222222222223
