1 0.775390625 0.5611111111111111 0.03359375 0.09444444444444444
1 0.709375 0.41041666666666665 0.0125 0.0375
1 0.50078125 0.3423611111111111 0.0125 0.0375
0 0.487109375 0.3368055555555556 0.01015625 0.034722222222222224
0 0.141796875 0.3375 0.01796875 0.044444444444444446
2 0.6921875 0.3701388888888889 0.0078125 0.02361111111111111
0 0.365625 0.30625 0.0109375 0.029166666666666667
1 0.5578125 0.3277777777777778 0.0078125 0.019444444444444445
0 0.5484375 0.32430555555555557 0.0078125 0.020833333333333332
0 0.4625 0.3013888888888889 0.0078125 0.019444444444444445
