0 0.349365234375 0.5113932291666666 0.02490234375 0.050130208333333336
1 0.612548828125 0.4326171875 0.01025390625 0.018880208333333332
1 0.626953125 0.4462890625 0.013671875 0.024088541666666668
1 0.730712890625 0.5104166666666666 0.02783203125 0.05078125
1 0.62451171875 0.4248046875 0.0078125 0.014973958333333334
0 0.426025390625 0.4371744791666667 0.00830078125 0.020182291666666668
0 0.450439453125 0.4251302083333333 0.00732421875 0.015625
1 0.6669921875 0.4127604166666667 0.005859375 0.010416666666666666
0 0.650146484375 0.4176432291666667 0.00732421875 0.012369791666666666
0 0.509521484375 0.4176432291666667 0.00634765625 0.012369791666666666
0 0.5712890625 0.4104817708333333 0.0048828125 0.009765625
0 0.6220703125 0.4046223958333333 0.0048828125 0.008463541666666666
