1 0.783203125 0.5784505208333334 0.0478515625 0.080078125
1 0.705810546875 0.4664713541666667 0.02587890625 0.027994791666666668
0 0.02734375 0.619140625 0.0537109375 0.09895833333333333
0 0.363525390625 0.4694010416666667 0.01611328125 0.033854166666666664
1 0.649658203125 0.4375 0.01513671875 0.026041666666666668
0 0.40185546875 0.4417317708333333 0.0205078125 0.017578125
0 0.384033203125 0.4251302083333333 0.01025390625 0.022135416666666668
0 0.206787109375 0.4225260416666667 0.01220703125 0.016927083333333332
0 0.313232421875 0.4212239583333333 0.00927734375 0.016927083333333332
1 0.45166015625 0.4088541666666667 0.009765625 0.014322916666666666
1 0.59716796875 0.4225260416666667 0.0126953125 0.0234375
1 0.5263671875 0.4137369791666667 0.009765625 0.017578125
1 0.232177734375 0.412109375 0.00830078125 0.013020833333333334
1 0.317138671875 0.4088541666666667 0.00732421875 0.014322916666666666
1 0.189453125 0.4114583333333333 0.005859375 0.01171875
0 0.3251953125 0.3929036458333333 0.0048828125 0.008463541666666666
0 0.099365234375 0.4130859375 0.00732421875 0.011067708333333334
0 0.070556640625 0.4208984375 0.01416015625 0.016276041666666668
