0 0.81875 0.59375 0.065 0.2125
1 0.959375 0.7578125 0.07875 0.315625
1 0.715625 0.484375 0.04875 0.15
1 0.15 0.5015625 0.0375 0.134375
0 0.27125 0.371875 0.02 0.0875
2 0.05375 0.3046875 0.0375 0.159375
0 0.316875 0.334375 0.01875 0.09375
0 0.63375 0.434375 0.025 0.125
0 0.009375 0.2625 0.01875 0.11875
1 0.105 0.5 0.0325 0.15
1 0.795625 0.5125 0.04875 0.18125
0 0.605 0.4875 0.0475 0.09375
1 0.183125 0.446875 0.02375 0.15625
0 0.545625 0.3125 0.02375 0.1
0 0.334375 0.3640625 0.02125 0.059375
1 0.56375 0.3 0.0175 0.1125
