0 0.329375 0.725 0.05875 0.2
1 0.195625 0.5796875 0.04875 0.153125
0 0.71875 0.4796875 0.035 0.109375
1 0.891875 0.6984375 0.08125 0.221875
0 0.4075 0.509375 0.03 0.1125
1 0.356875 0.3828125 0.01875 0.078125
1 0.453125 0.415625 0.01875 0.075
0 0.660625 0.409375 0.02375 0.075
0 0.6175 0.375 0.02 0.05
0 0.680625 0.3296875 0.01875 0.040625
2 0.7125 0.3390625 0.02 0.065625
0 0.78375 0.3734375 0.0275 0.084375
1 0.4625 0.3640625 0.0125 0.040625
1 0.5225 0.30625 0.01 0.03125
1 0.503125 0.3 0.01125 0.03125
1 0.55 0.3125 0.01 0.03125
2 0.386875 0.3484375 0.01625 0.034375
