1 0.419921875 0.5368055555555555 0.01796875 0.05138888888888889
1 0.46015625 0.49722222222222223 0.0078125 0.022222222222222223
1 0.5671875 0.48333333333333334 0.0078125 0.016666666666666666
1 0.58828125 0.49236111111111114 0.0078125 0.029166666666666667
1 0.675 0.5173611111111112 0.009375 0.02638888888888889
1 0.476953125 0.48333333333333334 0.00703125 0.013888888888888888
1 0.777734375 0.4861111111111111 0.01015625 0.013888888888888888
1 0.81953125 0.48125 0.0078125 0.0125
1 0.558984375 0.4798611111111111 0.00703125 0.0125
1 0.4875 0.4798611111111111 0.0078125 0.0125
1 0.7 0.4847222222222222 0.0078125 0.016666666666666666
