0 0.448125 0.2171875 0.02875 0.121875
0 0.764375 0.2984375 0.03875 0.165625
0 0.6575 0.26875 0.035 0.15
0 0.58875 0.240625 0.0325 0.125
1 0.165 0.31875 0.0475 0.18125
0 0.935 0.390625 0.05 0.2
0 0.01875 0.4578125 0.0375 0.178125
1 0.14625 0.178125 0.025 0.1
0 0.099375 0.2125 0.02875 0.11875
2 0.16125 0.13125 0.0175 0.075
0 0.26 0.1171875 0.015 0.071875
0 0.08375 0.1453125 0.02 0.078125
0 0.211875 0.0890625 0.01625 0.065625
1 0.625 0.0796875 0.0325 0.121875
1 0.544375 0.1109375 0.03125 0.115625
0 0.188125 0.1078125 0.01375 0.065625
