0 0.100830078125 0.5556640625 0.04638671875 0.07356770833333333
1 0.68603515625 0.560546875 0.0390625 0.07682291666666667
1 0.671630859375 0.4661458333333333 0.02099609375 0.0390625
0 0.412109375 0.4501953125 0.0185546875 0.031901041666666664
2 0.053466796875 0.447265625 0.02001953125 0.040364583333333336
1 0.729248046875 0.4475911458333333 0.01416015625 0.029296875
0 0.5380859375 0.4322916666666667 0.01171875 0.024739583333333332
0 0.614990234375 0.4274088541666667 0.01025390625 0.018880208333333332
1 0.757080078125 0.427734375 0.00634765625 0.015625
0 0.632080078125 0.4225260416666667 0.00830078125 0.016927083333333332
1 0.77001953125 0.4348958333333333 0.009765625 0.022135416666666668
1 0.71826171875 0.4195963541666667 0.0087890625 0.016276041666666668
