1 0.244140625 0.6236111111111111 0.03046875 0.09722222222222222
1 0.734375 0.6423611111111112 0.0296875 0.10694444444444444
1 0.69609375 0.5 0.0234375 0.058333333333333334
1 0.469140625 0.48333333333333334 0.01484375 0.041666666666666664
1 0.655078125 0.44305555555555554 0.00859375 0.022222222222222223
1 0.764453125 0.46875 0.01484375 0.034722222222222224
1 0.912109375 0.44583333333333336 0.00859375 0.022222222222222223
1 0.85 0.45069444444444445 0.0109375 0.02638888888888889
1 0.7671875 0.43194444444444446 0.0078125 0.022222222222222223
1 0.8890625 0.42777777777777776 0.0078125 0.016666666666666666
