0 0.276123046875 0.5579427083333334 0.03759765625 0.078125
0 0.44873046875 0.4602864583333333 0.017578125 0.032552083333333336
2 0.332763671875 0.431640625 0.02294921875 0.016927083333333332
0 0.5302734375 0.4303385416666667 0.0107421875 0.020833333333333332
1 0.722900390625 0.4710286458333333 0.02197265625 0.033203125
0 0.59326171875 0.419921875 0.0087890625 0.015625
1 0.697998046875 0.4375 0.01318359375 0.0234375
1 0.708984375 0.4290364583333333 0.0087890625 0.016927083333333332
0 0.64453125 0.4153645833333333 0.0068359375 0.01171875
1 0.7333984375 0.4222005208333333 0.0068359375 0.016276041666666668
1 0.800537109375 0.4208984375 0.00634765625 0.012369791666666666
2 0.578125 0.4088541666666667 0.0068359375 0.015625
1 0.860107421875 0.4241536458333333 0.00732421875 0.012369791666666666
1 0.92919921875 0.4280598958333333 0.0068359375 0.012369791666666666
0 0.850341796875 0.4192708333333333 0.00537109375 0.009114583333333334
1 0.982421875 0.63671875 0.0341796875 0.08984375
