1 0.209716796875 0.5380859375 0.03271484375 0.057942708333333336
1 0.64794921875 0.4593098958333333 0.015625 0.031901041666666664
1 0.549072265625 0.439453125 0.01416015625 0.026041666666666668
1 0.792236328125 0.5221354166666666 0.03076171875 0.055989583333333336
0 0.26318359375 0.4772135416666667 0.0166015625 0.036458333333333336
0 0.177001953125 0.4661458333333333 0.01708984375 0.028645833333333332
1 0.330810546875 0.4283854166666667 0.01123046875 0.01953125
1 0.13525390625 0.4404296875 0.009765625 0.017578125
1 0.090087890625 0.439453125 0.01025390625 0.015625
1 0.239990234375 0.4345703125 0.01025390625 0.020182291666666668
1 0.42041015625 0.4322916666666667 0.01171875 0.01953125
1 0.20458984375 0.4186197916666667 0.0068359375 0.013020833333333334
1 0.15185546875 0.4274088541666667 0.0087890625 0.016276041666666668
0 0.04150390625 0.4654947916666667 0.0146484375 0.0234375
