0 0.90625 0.625 0.17548076923076922 0.25
1 0.08533653846153846 0.5729166666666666 0.16346153846153846 0.1971153846153846
0 0.7073317307692307 0.5560897435897436 0.06370192307692307 0.09935897435897435
1 0.3125 0.532051282051282 0.05048076923076923 0.08653846153846154
0 0.6424278846153846 0.5336538461538461 0.03245192307692308 0.0641025641025641
1 0.4128605769230769 0.5136217948717948 0.020432692307692308 0.04006410256410257
0 0.6165865384615384 0.5256410256410257 0.02403846153846154 0.041666666666666664
1 0.5114182692307693 0.5120192307692307 0.015625 0.027243589743589744
1 0.3737980769230769 0.5200320512820513 0.03125 0.05929487179487179
0 0.5606971153846154 0.5160256410256411 0.015625 0.03205128205128205
1 0.29627403846153844 0.5048076923076923 0.013221153846153846 0.02564102564102564
0 0.46153846153846156 0.5088141025641025 0.009615384615384616 0.02403846153846154
1 0.33052884615384615 0.5072115384615384 0.019230769230769232 0.030448717948717948
