1 0.6767578125 0.4798177083333333 0.0224609375 0.037760416666666664
0 0.297119140625 0.5729166666666666 0.04736328125 0.07421875
0 0.817138671875 0.5680338541666666 0.03369140625 0.07096354166666667
1 0.4130859375 0.470703125 0.013671875 0.032552083333333336
0 0.442138671875 0.4440104166666667 0.01318359375 0.024739583333333332
1 0.846923828125 0.4951171875 0.02294921875 0.042317708333333336
1 0.627197265625 0.44921875 0.01123046875 0.024739583333333332
1 0.726806640625 0.4544270833333333 0.01318359375 0.024739583333333332
1 0.67626953125 0.4365234375 0.009765625 0.017578125
1 0.600830078125 0.4339192708333333 0.00732421875 0.017578125
0 0.451171875 0.4319661458333333 0.0087890625 0.016276041666666668
0 0.457763671875 0.423828125 0.00634765625 0.016927083333333332
1 0.59130859375 0.4280598958333333 0.0078125 0.014973958333333334
1 0.64892578125 0.4290364583333333 0.0078125 0.015625
0 0.90380859375 0.4622395833333333 0.013671875 0.024739583333333332
0 0.73193359375 0.4293619791666667 0.0078125 0.013671875
1 0.61279296875 0.4261067708333333 0.0087890625 0.014973958333333334
0 0.79736328125 0.4368489583333333 0.0078125 0.014322916666666666
0 0.83837890625 0.4449869791666667 0.0107421875 0.017578125
0 0.56298828125 0.4189453125 0.005859375 0.011067708333333334
