0 0.451416015625 0.4319661458333333 0.01123046875 0.021484375
1 0.623779296875 0.4283854166666667 0.01025390625 0.016927083333333332
0 0.398193359375 0.4886067708333333 0.02392578125 0.042317708333333336
1 0.73095703125 0.4873046875 0.021484375 0.043619791666666664
1 0.63818359375 0.4404296875 0.01171875 0.021484375
1 0.63623046875 0.4212239583333333 0.0078125 0.014322916666666666
1 0.660400390625 0.4134114583333333 0.00537109375 0.01171875
0 0.525146484375 0.4140625 0.00537109375 0.013020833333333334
0 0.58447265625 0.4065755208333333 0.0048828125 0.011067708333333334
1 0.70703125 0.4052734375 0.0068359375 0.012369791666666666
0 0.467041015625 0.4212239583333333 0.00732421875 0.015625
1 0.736328125 0.4036458333333333 0.0048828125 0.009114583333333334
0 0.6337890625 0.4016927083333333 0.0048828125 0.009114583333333334
1 0.678955078125 0.4095052083333333 0.00537109375 0.010416666666666666
