1 0.3046875 0.5680555555555555 0.0296875 0.07222222222222222
1 0.651953125 0.49583333333333335 0.02890625 0.06111111111111111
1 0.883203125 0.7631944444444444 0.07421875 0.1625
1 0.525390625 0.45208333333333334 0.01640625 0.0375
1 0.075390625 0.8638888888888889 0.08046875 0.16666666666666666
1 0.44765625 0.4340277777777778 0.0125 0.029166666666666667
1 0.351953125 0.42916666666666664 0.01015625 0.027777777777777776
1 0.3234375 0.49166666666666664 0.0234375 0.04722222222222222
1 0.252734375 0.42777777777777776 0.00859375 0.022222222222222223
1 0.150390625 0.4527777777777778 0.00859375 0.027777777777777776
1 0.244140625 0.46319444444444446 0.01328125 0.03194444444444444
