1 0.413125 0.5396959459459459 0.09875 0.17398648648648649
1 0.53875 0.5152027027027027 0.05 0.10810810810810811
0 0.91625 0.5236486486486487 0.0375 0.06418918918918919
0 0.8525 0.5168918918918919 0.0275 0.05067567567567568
0 0.749375 0.5084459459459459 0.02125 0.04054054054054054
1 0.609375 0.5076013513513513 0.03375 0.07263513513513513
1 0.631875 0.5050675675675675 0.02375 0.06418918918918919
1 0.286875 0.4839527027027027 0.02125 0.04222972972972973
0 0.24 0.4839527027027027 0.015 0.03209459459459459
1 0.183125 0.4822635135135135 0.01875 0.03885135135135135
0 0.15 0.4797297297297297 0.0175 0.033783783783783786
1 0.49125 0.49324324324324326 0.02 0.04391891891891892
0 0.34 0.4873310810810811 0.015 0.03209459459459459
0 0.581875 0.4966216216216216 0.01375 0.037162162162162164
1 0.051875 0.47635135135135137 0.02125 0.04054054054054054
0 0.065 0.47635135135135137 0.01 0.030405405405405407
