1 0.048583984375 0.7317708333333334 0.08349609375 0.13802083333333334
1 0.820068359375 0.53515625 0.03466796875 0.0625
1 0.768310546875 0.4886067708333333 0.02099609375 0.038411458333333336
1 0.5205078125 0.4632161458333333 0.0166015625 0.030598958333333332
1 0.55712890625 0.4440104166666667 0.01171875 0.024739583333333332
1 0.97119140625 0.6490885416666666 0.056640625 0.09635416666666667
1 0.707763671875 0.4283854166666667 0.00927734375 0.016927083333333332
1 0.57568359375 0.4313151041666667 0.0087890625 0.020182291666666668
1 0.597900390625 0.4192708333333333 0.00830078125 0.015625
1 0.870849609375 0.447265625 0.01318359375 0.022135416666666668
1 0.613037109375 0.4098307291666667 0.00634765625 0.012369791666666666
1 0.844482421875 0.42578125 0.01025390625 0.016927083333333332
1 0.70068359375 0.4156901041666667 0.005859375 0.013671875
1 0.818359375 0.4127604166666667 0.0068359375 0.013020833333333334
1 0.62060546875 0.4059244791666667 0.0048828125 0.009765625
1 0.62744140625 0.4033203125 0.0048828125 0.008463541666666666
