1 0.68896484375 0.5397135416666666 0.0419921875 0.049479166666666664
1 0.587158203125 0.4680989583333333 0.02294921875 0.044270833333333336
0 0.210693359375 0.5654296875 0.04541015625 0.07096354166666667
0 0.14404296875 0.4840494791666667 0.033203125 0.027994791666666668
1 0.854736328125 0.5107421875 0.02099609375 0.057942708333333336
0 0.248046875 0.49609375 0.0263671875 0.045572916666666664
0 0.062255859375 0.4811197916666667 0.01708984375 0.028645833333333332
1 0.47119140625 0.4459635416666667 0.0126953125 0.02734375
1 0.715576171875 0.4462890625 0.01416015625 0.027994791666666668
1 0.3701171875 0.4407552083333333 0.013671875 0.026041666666666668
0 0.779052734375 0.4228515625 0.01025390625 0.021484375
1 0.658447265625 0.4231770833333333 0.01220703125 0.0234375
0 0.8779296875 0.4514973958333333 0.0185546875 0.025390625
1 0.212890625 0.4443359375 0.0146484375 0.025390625
1 0.6259765625 0.4124348958333333 0.009765625 0.012369791666666666
0 0.721435546875 0.4088541666666667 0.00830078125 0.014322916666666666
1 0.591064453125 0.39453125 0.00537109375 0.010416666666666666
1 0.602294921875 0.400390625 0.00634765625 0.013020833333333334
0 0.062744140625 0.453125 0.01416015625 0.015625
0 0.6953125 0.40234375 0.0068359375 0.013020833333333334
0 0.657470703125 0.3932291666666667 0.00537109375 0.010416666666666666
0 0.644287109375 0.3899739583333333 0.00537109375 0.009114583333333334
0 0.67431640625 0.3981119791666667 0.0068359375 0.007161458333333333
