1 0.561875 0.39442567567567566 0.01625 0.028716216216216218
0 0.229375 0.4847972972972973 0.03125 0.060810810810810814
0 0.2925 0.42905405405405406 0.02 0.04054054054054054
0 0.026875 0.6554054054054054 0.05375 0.13175675675675674
0 0.31625 0.40878378378378377 0.0175 0.030405405405405407
1 0.4775 0.3766891891891892 0.0125 0.02364864864864865
1 0.69375 0.44932432432432434 0.0325 0.05405405405405406
1 0.605 0.41216216216216217 0.0225 0.037162162162162164
0 0.106875 0.38513513513513514 0.01125 0.02364864864864865
0 0.193125 0.37246621621621623 0.01125 0.018581081081081082
0 0.25375 0.3623310810810811 0.01 0.018581081081081082
0 0.281875 0.3614864864864865 0.00875 0.016891891891891893
0 0.32 0.3766891891891892 0.01 0.02027027027027027
0 0.308125 0.36739864864864863 0.00875 0.018581081081081082
0 0.29625 0.36317567567567566 0.0075 0.016891891891891893
1 0.441875 0.36486486486486486 0.00875 0.02027027027027027
