0 0.69125 0.4578125 0.04 0.071875
1 0.08125 0.9 0.0925 0.19375
1 0.311875 0.440625 0.03375 0.09375
0 0.428125 0.3625 0.01625 0.0625
0 0.623125 0.3703125 0.01875 0.071875
0 0.23125 0.3578125 0.015 0.059375
1 0.94375 0.725 0.0925 0.19375
1 0.10375 0.4125 0.0275 0.0875
0 0.15375 0.3390625 0.015 0.053125
0 0.40625 0.325 0.0125 0.04375
1 0.5825 0.3265625 0.015 0.053125
0 0.339375 0.31875 0.01125 0.04375
1 0.525625 0.290625 0.00875 0.0375
0 0.70875 0.103125 0.0225 0.06875
0 0.789375 0.1015625 0.02375 0.071875
0 0.27125 0.2984375 0.01 0.034375
0 0.196875 0.30625 0.01125 0.0375
1 0.0725 0.328125 0.015 0.04375
0 0.45875 0.278125 0.0075 0.03125
1 0.5125 0.28125 0.0075 0.03125
0 0.88875 0.0953125 0.025 0.078125
0 0.34 0.28125 0.0075 0.03125
1 0.3675 0.259375 0.0075 0.01875
1 0.24125 0.271875 0.0075 0.025
0 0.42375 0.259375 0.0075 0.01875
0 0.555625 0.3078125 0.01375 0.034375
1 0.315 0.2625 0.0075 0.025
1 0.35125 0.2671875 0.0075 0.028125
1 0.4825 0.2625 0.0075 0.0375
1 0.099375 0.28125 0.01125 0.03125
1 0.50125 0.2640625 0.01 0.034375
1 0.2925 0.2671875 0.01 0.028125
