0 0.29736328125 0.5139973958333334 0.0263671875 0.051432291666666664
1 0.56640625 0.4404296875 0.01171875 0.022786458333333332
2 0.555908203125 0.4280598958333333 0.01318359375 0.029296875
1 0.67919921875 0.5016276041666666 0.0283203125 0.047526041666666664
0 0.400634765625 0.4436848958333333 0.01123046875 0.022786458333333332
2 0.410888671875 0.4300130208333333 0.01318359375 0.031901041666666664
0 0.42626953125 0.4244791666666667 0.0068359375 0.014322916666666666
1 0.53759765625 0.4231770833333333 0.0078125 0.015625
0 0.431396484375 0.4173177083333333 0.00537109375 0.01171875
0 0.44140625 0.4111328125 0.0048828125 0.009765625
1 0.51318359375 0.4085286458333333 0.0048828125 0.007161458333333333
1 0.527587890625 0.4156901041666667 0.00537109375 0.012369791666666666
0 0.4560546875 0.4072265625 0.0048828125 0.008463541666666666
0 0.470703125 0.4049479166666667 0.0048828125 0.006510416666666667
2 0.54931640625 0.4254557291666667 0.0087890625 0.027994791666666668
