1 0.569140625 0.36944444444444446 0.01328125 0.03888888888888889
1 0.37890625 0.3125 0.009375 0.027777777777777776
1 0.286328125 0.34097222222222223 0.01484375 0.0375
1 0.363671875 0.325 0.01015625 0.030555555555555555
1 0.51171875 0.3229166666666667 0.0078125 0.02361111111111111
1 0.44921875 0.28958333333333336 0.0078125 0.015277777777777777
1 0.384765625 0.2986111111111111 0.00703125 0.022222222222222223
1 0.36796875 0.2881944444444444 0.0078125 0.018055555555555554
1 0.49375 0.3055555555555556 0.0078125 0.019444444444444445
1 0.307421875 0.275 0.00703125 0.016666666666666666
