1 0.745703125 0.6069444444444444 0.03671875 0.09166666666666666
1 0.63515625 0.49583333333333335 0.0234375 0.05555555555555555
1 0.418359375 0.49444444444444446 0.02421875 0.05
1 0.340234375 0.5659722222222222 0.03203125 0.06805555555555555
1 0.48359375 0.45069444444444445 0.009375 0.02638888888888889
1 0.6296875 0.4576388888888889 0.009375 0.029166666666666667
1 0.65390625 0.4409722222222222 0.0078125 0.02361111111111111
1 0.537890625 0.4361111111111111 0.00859375 0.019444444444444445
1 0.301953125 0.44583333333333336 0.00859375 0.027777777777777776
1 0.5765625 0.42430555555555555 0.0078125 0.015277777777777777
1 0.57109375 0.41388888888888886 0.0078125 0.013888888888888888
1 0.675 0.4354166666666667 0.0078125 0.020833333333333332
