0 0.029541015625 0.6129557291666666 0.05419921875 0.091796875
0 0.633544921875 0.4661458333333333 0.01806640625 0.03515625
0 0.486083984375 0.4915364583333333 0.03173828125 0.036458333333333336
0 0.77392578125 0.4544270833333333 0.0146484375 0.026041666666666668
0 0.8232421875 0.4462890625 0.0146484375 0.017578125
1 0.89501953125 0.439453125 0.0068359375 0.013020833333333334
1 0.94287109375 0.4459635416666667 0.0078125 0.014322916666666666
1 0.98681640625 0.4684244791666667 0.013671875 0.025390625
0 0.84765625 0.4423828125 0.0068359375 0.014973958333333334
1 0.9638671875 0.4514973958333333 0.009765625 0.012369791666666666
1 0.9814453125 0.4576822916666667 0.009765625 0.01953125
0 0.771728515625 0.42578125 0.00537109375 0.013020833333333334
0 0.835693359375 0.4352213541666667 0.00634765625 0.014973958333333334
