2 0.19775390625 0.6181640625 0.07421875 0.16861979166666666
0 0.316162109375 0.5319010416666666 0.03369140625 0.059895833333333336
1 0.689697265625 0.5146484375 0.03466796875 0.054036458333333336
1 0.559814453125 0.4264322916666667 0.01123046875 0.01953125
1 0.609619140625 0.4641927083333333 0.02099609375 0.033854166666666664
0 0.389892578125 0.462890625 0.02001953125 0.03125
1 0.54443359375 0.4147135416666667 0.0078125 0.014322916666666666
0 0.4267578125 0.423828125 0.0107421875 0.018229166666666668
0 0.440673828125 0.4137369791666667 0.00830078125 0.013671875
2 0.04443359375 0.845703125 0.087890625 0.23177083333333334
1 0.533203125 0.4075520833333333 0.0068359375 0.013020833333333334
1 0.524658203125 0.4010416666666667 0.00634765625 0.010416666666666666
0 0.44580078125 0.4059244791666667 0.005859375 0.012369791666666666
1 0.517578125 0.3932291666666667 0.0048828125 0.0078125
