0 0.70875 0.6875 0.08 0.25625
1 0.7875 0.4546875 0.0525 0.203125
1 0.574375 0.4421875 0.04375 0.165625
0 0.18875 0.45625 0.0475 0.16875
0 0.036875 0.55625 0.06125 0.20625
1 0.61625 0.403125 0.0375 0.1375
1 0.50875 0.2890625 0.0275 0.090625
0 0.288125 0.3609375 0.03125 0.109375
1 0.565625 0.315625 0.03125 0.1125
0 0.294375 0.296875 0.02875 0.09375
1 0.33375 0.2578125 0.0225 0.078125
1 0.628125 0.1953125 0.03125 0.103125
0 0.5425 0.271875 0.025 0.08125
0 0.533125 0.2453125 0.01625 0.078125
1 0.32 0.2484375 0.0175 0.078125
