1 0.78955078125 0.529296875 0.0322265625 0.057291666666666664
1 0.677001953125 0.4580078125 0.01806640625 0.031901041666666664
0 0.31005859375 0.4915364583333333 0.02734375 0.044270833333333336
0 0.3818359375 0.4401041666666667 0.013671875 0.02734375
0 0.486083984375 0.416015625 0.00927734375 0.018229166666666668
1 0.66845703125 0.4326171875 0.0126953125 0.022786458333333332
1 0.697021484375 0.4055989583333333 0.00732421875 0.014322916666666666
1 0.6826171875 0.4147135416666667 0.0087890625 0.016927083333333332
0 0.567626953125 0.4010416666666667 0.00634765625 0.01171875
1 0.722412109375 0.4000651041666667 0.00634765625 0.013671875
0 0.6259765625 0.3919270833333333 0.0048828125 0.013020833333333334
0 0.6875 0.3889973958333333 0.0048828125 0.008463541666666666
1 0.752197265625 0.3961588541666667 0.00634765625 0.009765625
