1 0.347265625 0.49444444444444446 0.01328125 0.03333333333333333
0 0.290625 0.5423611111111111 0.01875 0.05138888888888889
0 0.669140625 0.4965277777777778 0.01484375 0.043055555555555555
2 0.5453125 0.44722222222222224 0.0109375 0.041666666666666664
0 0.646484375 0.475 0.01015625 0.030555555555555555
2 0.516015625 0.45069444444444445 0.01171875 0.03194444444444444
0 0.48671875 0.45625 0.0078125 0.020833333333333332
0 0.657421875 0.46111111111111114 0.00859375 0.022222222222222223
0 0.37578125 0.47291666666666665 0.0078125 0.020833333333333332
0 0.66796875 0.4548611111111111 0.0078125 0.018055555555555554
0 0.38984375 0.46597222222222223 0.0078125 0.018055555555555554
2 0.36484375 0.45555555555555555 0.0078125 0.025
0 0.689453125 0.44375 0.00859375 0.020833333333333332
