1 0.1796875 0.6590277777777778 0.0390625 0.11527777777777778
2 0.2125 0.5777777777777777 0.0578125 0.23055555555555557
0 0.30234375 0.6201388888888889 0.0390625 0.09861111111111111
0 0.5921875 0.5027777777777778 0.015625 0.04722222222222222
0 0.7109375 0.5784722222222223 0.034375 0.0875
0 0.391796875 0.5159722222222223 0.01484375 0.043055555555555555
2 0.112109375 0.5729166666666666 0.07109375 0.1986111111111111
0 0.42109375 0.48055555555555557 0.009375 0.027777777777777776
0 0.5421875 0.47152777777777777 0.0078125 0.02638888888888889
2 0.38984375 0.4597222222222222 0.0125 0.03611111111111111
2 0.364453125 0.46597222222222223 0.01015625 0.02361111111111111
