1 0.725 0.5590277777777778 0.0234375 0.07083333333333333
1 0.331640625 0.5493055555555556 0.02265625 0.05694444444444444
1 0.4375 0.46597222222222223 0.0109375 0.029166666666666667
1 0.61640625 0.44583333333333336 0.0109375 0.025
1 0.677734375 0.48333333333333334 0.01328125 0.03611111111111111
1 0.423046875 0.4395833333333333 0.00703125 0.020833333333333332
1 0.54609375 0.41944444444444445 0.0078125 0.019444444444444445
1 0.388671875 0.42916666666666664 0.00703125 0.019444444444444445
1 0.344140625 0.42986111111111114 0.00703125 0.015277777777777777
1 0.45859375 0.41458333333333336 0.0078125 0.015277777777777777
1 0.802734375 0.42569444444444443 0.00703125 0.018055555555555554
1 0.878125 0.44513888888888886 0.0078125 0.018055555555555554
1 0.871875 0.44583333333333336 0.0078125 0.016666666666666666
