1 0.701171875 0.5534722222222223 0.03359375 0.09583333333333334
1 0.5765625 0.33541666666666664 0.009375 0.029166666666666667
1 0.281640625 0.3548611111111111 0.02109375 0.05416666666666667
1 0.7375 0.4131944444444444 0.0125 0.03194444444444444
1 0.790625 0.4152777777777778 0.0078125 0.030555555555555555
1 0.6671875 0.3486111111111111 0.0078125 0.022222222222222223
1 0.73515625 0.3645833333333333 0.0078125 0.018055555555555554
1 0.83515625 0.41944444444444445 0.0078125 0.022222222222222223
1 0.83671875 0.4 0.0078125 0.013888888888888888
1 0.88828125 0.4361111111111111 0.0078125 0.013888888888888888
