2 0.3768229166666667 0.4375 0.021354166666666667 0.06018518518518518
2 0.6640625 0.42824074074074076 0.017708333333333333 0.049074074074074076
2 0.5932291666666667 0.36435185185185187 0.009375 0.026851851851851852
2 0.41041666666666665 0.3662037037037037 0.011458333333333333 0.030555555555555555
2 0.9518229166666666 0.7342592592592593 0.0609375 0.16111111111111112
2 0.5513020833333333 0.337037037037037 0.0078125 0.020370370370370372
2 0.39348958333333334 0.324537037037037 0.0067708333333333336 0.017592592592592594
2 0.3578125 0.324537037037037 0.007291666666666667 0.017592592592592594
2 0.5197916666666667 0.3236111111111111 0.00625 0.017592592592592594
2 0.4200520833333333 0.33425925925925926 0.008854166666666666 0.020370370370370372
2 0.3143229166666667 0.325 0.0067708333333333336 0.020370370370370372
2 0.48359375 0.31296296296296294 0.005729166666666666 0.016666666666666666
2 0.42135416666666664 0.3287037037037037 0.005208333333333333 0.020370370370370372
2 0.21510416666666668 0.3282407407407407 0.009375 0.021296296296296296
2 0.42864583333333334 0.3101851851851852 0.00625 0.016666666666666666
2 0.3182291666666667 0.30925925925925923 0.005208333333333333 0.014814814814814815
2 0.6263020833333334 0.31805555555555554 0.005729166666666666 0.013888888888888888
