1 0.6921875 0.5402777777777777 0.025 0.058333333333333334
1 0.34921875 0.5486111111111112 0.021875 0.058333333333333334
1 0.189453125 0.7618055555555555 0.05703125 0.13472222222222222
1 0.9171875 0.7368055555555556 0.0515625 0.13472222222222222
1 0.3984375 0.4777777777777778 0.0140625 0.03333333333333333
1 0.562109375 0.4583333333333333 0.01328125 0.03333333333333333
1 0.4640625 0.44027777777777777 0.0078125 0.019444444444444445
1 0.746875 0.425 0.0078125 0.022222222222222223
1 0.363671875 0.45625 0.00859375 0.020833333333333332
1 0.84453125 0.4270833333333333 0.0078125 0.020833333333333332
