1 0.507421875 0.5034722222222222 0.02109375 0.05694444444444444
1 0.04375 0.8493055555555555 0.0578125 0.14583333333333334
1 0.233984375 0.5902777777777778 0.02734375 0.06666666666666667
1 0.376171875 0.4847222222222222 0.01640625 0.044444444444444446
1 0.137109375 0.5326388888888889 0.01484375 0.04027777777777778
1 0.858984375 0.6416666666666667 0.04140625 0.10555555555555556
1 0.215234375 0.5430555555555555 0.01640625 0.03888888888888889
1 0.261328125 0.49027777777777776 0.00859375 0.027777777777777776
1 0.109765625 0.5131944444444444 0.00859375 0.018055555555555554
1 0.0328125 0.5444444444444444 0.0109375 0.022222222222222223
