0 0.41875 0.49155405405405406 0.03 0.05405405405405406
0 0.514375 0.5008445945945946 0.03375 0.06587837837837837
1 0.091875 0.5320945945945946 0.10125 0.15202702702702703
0 0.345625 0.4856418918918919 0.02375 0.052364864864864864
0 0.686875 0.5160472972972973 0.05375 0.09966216216216216
2 0.555625 0.4847972972972973 0.02375 0.04054054054054054
0 0.585 0.4839527027027027 0.0225 0.048986486486486486
0 0.97 0.5548986486486487 0.055 0.1570945945945946
0 0.24625 0.47719594594594594 0.0225 0.048986486486486486
2 0.5625 0.4391891891891892 0.0175 0.037162162162162164
0 0.043125 0.49155405405405406 0.04875 0.08445945945945946
0 0.136875 0.46959459459459457 0.02375 0.04391891891891892
