0 0.179443359375 0.5436197916666666 0.03173828125 0.057291666666666664
0 0.31640625 0.4697265625 0.0166015625 0.034505208333333336
1 0.626708984375 0.5387369791666666 0.02978515625 0.06705729166666667
1 0.54150390625 0.4495442708333333 0.0146484375 0.030598958333333332
1 0.521728515625 0.4300130208333333 0.01123046875 0.022786458333333332
0 0.38525390625 0.4345703125 0.009765625 0.020182291666666668
0 0.42236328125 0.4127604166666667 0.0078125 0.015625
0 0.412109375 0.4182942708333333 0.0078125 0.013671875
1 0.508056640625 0.4156901041666667 0.00927734375 0.020182291666666668
0 0.441162109375 0.4036458333333333 0.00732421875 0.01171875
0 0.433349609375 0.4085286458333333 0.00634765625 0.012369791666666666
