1 0.0907451923076923 0.5713141025641025 0.13581730769230768 0.1971153846153846
1 0.3125 0.532051282051282 0.05048076923076923 0.09294871794871795
1 0.37319711538461536 0.5208333333333334 0.027644230769230768 0.060897435897435896
0 0.9098557692307693 0.6282051282051282 0.15384615384615385 0.2403846153846154
0 0.7073317307692307 0.5536858974358975 0.054086538461538464 0.09775641025641026
0 0.6165865384615384 0.5248397435897436 0.021634615384615384 0.04326923076923077
0 0.5612980769230769 0.5168269230769231 0.014423076923076924 0.030448717948717948
0 0.5114182692307693 0.5144230769230769 0.013221153846153846 0.02564102564102564
1 0.4128605769230769 0.5128205128205128 0.020432692307692308 0.041666666666666664
0 0.640625 0.5336538461538461 0.03365384615384615 0.0641025641025641
0 0.4609375 0.5096153846153846 0.010817307692307692 0.022435897435897436
