1 0.323046875 0.4875 0.03828125 0.1
1 0.294921875 0.3923611111111111 0.02109375 0.05416666666666667
2 0.51328125 0.3347222222222222 0.0109375 0.030555555555555555
1 0.361328125 0.31319444444444444 0.01015625 0.02638888888888889
1 0.72265625 0.4111111111111111 0.01875 0.04722222222222222
1 0.851171875 0.5736111111111111 0.03984375 0.09722222222222222
1 0.678515625 0.3548611111111111 0.01328125 0.034722222222222224
1 0.287109375 0.34930555555555554 0.01484375 0.04027777777777778
1 0.65859375 0.33194444444444443 0.0078125 0.027777777777777776
1 0.44140625 0.29583333333333334 0.0078125 0.022222222222222223
2 0.559375 0.2986111111111111 0.0078125 0.019444444444444445
1 0.48046875 0.2875 0.0078125 0.022222222222222223
1 0.10859375 0.29444444444444445 0.0078125 0.013888888888888888
1 0.6390625 0.31180555555555556 0.0078125 0.018055555555555554
2 0.19375 0.3104166666666667 0.0078125 0.018055555555555554
1 0.084375 0.30694444444444446 0.0078125 0.016666666666666666
1 0.5125 0.2861111111111111 0.0078125 0.013888888888888888
1 0.34453125 0.2763888888888889 0.0078125 0.013888888888888888
1 0.26875 0.2826388888888889 0.0078125 0.015277777777777777
1 0.28828125 0.27361111111111114 0.0078125 0.013888888888888888
2 0.2015625 0.30486111111111114 0.0078125 0.02361111111111111
1 0.24296875 0.2777777777777778 0.0078125 0.013888888888888888
1 0.63125 0.3 0.0078125 0.013888888888888888
