1 0.8017578125 0.548828125 0.0380859375 0.06380208333333333
0 0.431396484375 0.4700520833333333 0.02392578125 0.041666666666666664
1 0.855712890625 0.4700520833333333 0.01904296875 0.03125
0 0.297607421875 0.5113932291666666 0.03173828125 0.054036458333333336
0 0.51416015625 0.4508463541666667 0.01953125 0.031901041666666664
0 0.623291015625 0.4322916666666667 0.01416015625 0.022135416666666668
0 0.6943359375 0.4241536458333333 0.0107421875 0.016276041666666668
1 0.8701171875 0.4475911458333333 0.01171875 0.020182291666666668
1 0.87255859375 0.427734375 0.0087890625 0.014322916666666666
1 0.876708984375 0.4365234375 0.00830078125 0.016276041666666668
0 0.756103515625 0.421875 0.00732421875 0.013020833333333334
1 0.859619140625 0.4153645833333333 0.00537109375 0.009114583333333334
1 0.86572265625 0.4208984375 0.0078125 0.012369791666666666
