0 0.400634765625 0.4645182291666667 0.01904296875 0.025390625
1 0.930419921875 0.6305338541666666 0.06689453125 0.10091145833333333
2 0.424560546875 0.439453125 0.01904296875 0.040364583333333336
0 0.16455078125 0.6458333333333334 0.0546875 0.08723958333333333
1 0.62939453125 0.455078125 0.013671875 0.029947916666666668
1 0.44482421875 0.4261067708333333 0.009765625 0.024088541666666668
2 0.60888671875 0.4365234375 0.0126953125 0.039713541666666664
2 0.599365234375 0.4319661458333333 0.01123046875 0.038411458333333336
1 0.57958984375 0.4244791666666667 0.0107421875 0.01953125
1 0.567138671875 0.4176432291666667 0.01123046875 0.012369791666666666
0 0.47607421875 0.4052734375 0.0068359375 0.007161458333333333
0 0.49609375 0.4007161458333333 0.0048828125 0.008463541666666666
2 0.431640625 0.4322916666666667 0.01171875 0.037760416666666664
0 0.452880859375 0.4173177083333333 0.00732421875 0.015625
1 0.548583984375 0.4016927083333333 0.00537109375 0.0078125
1 0.5439453125 0.4075520833333333 0.0048828125 0.009114583333333334
0 0.46337890625 0.4091796875 0.005859375 0.011067708333333334
