2 0.7635416666666667 0.5689814814814815 0.046875 0.12129629629629629
2 0.13854166666666667 0.6083333333333333 0.05625 0.12962962962962962
2 0.6171875 0.3888888888888889 0.019791666666666666 0.05185185185185185
2 0.35208333333333336 0.38842592592592595 0.020833333333333332 0.04722222222222222
2 0.5611979166666666 0.35 0.0140625 0.03888888888888889
2 0.5078125 0.324537037037037 0.009375 0.026851851851851852
2 0.3734375 0.36712962962962964 0.016666666666666666 0.03981481481481482
2 0.34140625 0.35509259259259257 0.016145833333333335 0.03425925925925926
2 0.29296875 0.35185185185185186 0.0140625 0.02962962962962963
2 0.42473958333333334 0.31527777777777777 0.009895833333333333 0.030555555555555555
2 0.5770833333333333 0.2902777777777778 0.005208333333333333 0.019444444444444445
2 0.1171875 0.36064814814814816 0.014583333333333334 0.032407407407407406
2 0.23854166666666668 0.35324074074074074 0.010416666666666666 0.026851851851851852
2 0.16223958333333333 0.33564814814814814 0.0067708333333333336 0.021296296296296296
2 0.7231770833333333 0.33287037037037037 0.008854166666666666 0.019444444444444445
2 0.66328125 0.29953703703703705 0.0067708333333333336 0.025
2 0.7026041666666667 0.31712962962962965 0.008333333333333333 0.028703703703703703
2 0.6822916666666666 0.31296296296296294 0.008333333333333333 0.016666666666666666
2 0.621875 0.2962962962962963 0.005208333333333333 0.016666666666666666
2 0.01640625 0.3773148148148148 0.0078125 0.023148148148148147
2 0.2825520833333333 0.31805555555555554 0.0067708333333333336 0.017592592592592594
2 0.5869791666666667 0.29953703703703705 0.00625 0.017592592592592594
