0 0.88875 0.771875 0.0975 0.25625
1 0.4075 0.628125 0.05 0.1625
0 0.8475 0.321875 0.05 0.15
0 0.69375 0.4046875 0.0225 0.065625
0 0.425 0.4375 0.0275 0.08125
2 0.758125 0.2890625 0.03125 0.103125
0 0.61 0.346875 0.02 0.06875
1 0.563125 0.3328125 0.01625 0.053125
2 0.05125 0.6875 0.0675 0.1375
1 0.720625 0.35625 0.02375 0.08125
0 0.44875 0.375 0.0175 0.0625
1 0.43 0.353125 0.0175 0.05625
1 0.525 0.3140625 0.0125 0.046875
1 0.301875 0.4015625 0.03625 0.059375
0 0.643125 0.3234375 0.02375 0.046875
0 0.4725 0.3015625 0.0125 0.034375
1 0.6525 0.26875 0.0125 0.05
