1 0.163330078125 0.6656901041666666 0.07177734375 0.11002604166666667
1 0.384033203125 0.4729817708333333 0.02197265625 0.038411458333333336
1 0.563720703125 0.4368489583333333 0.01123046875 0.024739583333333332
1 0.5927734375 0.4658203125 0.01953125 0.033203125
1 0.43505859375 0.4404296875 0.0107421875 0.022786458333333332
1 0.472900390625 0.4202473958333333 0.00537109375 0.011067708333333334
1 0.462646484375 0.4235026041666667 0.00732421875 0.013671875
1 0.551025390625 0.427734375 0.00732421875 0.015625
1 0.54248046875 0.4231770833333333 0.005859375 0.013020833333333334
1 0.35791015625 0.4287109375 0.0078125 0.014973958333333334
1 0.4873046875 0.4176432291666667 0.0048828125 0.008463541666666666
1 0.5341796875 0.4169921875 0.0048828125 0.008463541666666666
1 0.22265625 0.423828125 0.0048828125 0.009114583333333334
1 0.167236328125 0.4313151041666667 0.00634765625 0.012369791666666666
1 0.026611328125 0.4619140625 0.01318359375 0.025390625
