1 0.291015625 0.5041666666666667 0.00703125 0.022222222222222223
1 0.281640625 0.5493055555555556 0.01953125 0.04861111111111111
1 0.319921875 0.5180555555555556 0.01171875 0.03333333333333333
1 0.24296875 0.49930555555555556 0.0078125 0.018055555555555554
1 0.316796875 0.4888888888888889 0.00703125 0.013888888888888888
1 0.49296875 0.5 0.0078125 0.022222222222222223
1 0.13828125 0.5013888888888889 0.0078125 0.019444444444444445
1 0.6953125 0.4840277777777778 0.0078125 0.018055555555555554
1 0.39375 0.49027777777777776 0.0078125 0.013888888888888888
1 0.5421875 0.48194444444444445 0.0078125 0.013888888888888888
1 0.040625 0.5131944444444444 0.0078125 0.02361111111111111
1 0.190234375 0.4979166666666667 0.00703125 0.018055555555555554
