1 0.72705078125 0.5432942708333334 0.0390625 0.06705729166666667
2 0.11328125 0.4524739583333333 0.025390625 0.052083333333333336
2 0.15625 0.4567057291666667 0.0400390625 0.025390625
1 0.698486328125 0.45703125 0.02099609375 0.0234375
0 0.297607421875 0.5022786458333334 0.03076171875 0.055338541666666664
0 0.47119140625 0.4401041666666667 0.01953125 0.020833333333333332
1 0.735595703125 0.4397786458333333 0.01318359375 0.025390625
1 0.798583984375 0.4384765625 0.00830078125 0.021484375
0 0.58154296875 0.4254557291666667 0.0107421875 0.020182291666666668
0 0.66455078125 0.4235026041666667 0.009765625 0.017578125
0 0.727783203125 0.4235026041666667 0.00927734375 0.016276041666666668
2 0.35498046875 0.4130859375 0.0126953125 0.029296875
