0 0.231201171875 0.5065104166666666 0.02880859375 0.048177083333333336
1 0.878662109375 0.59375 0.05029296875 0.08984375
1 0.712890625 0.4879557291666667 0.02734375 0.047526041666666664
1 0.600830078125 0.443359375 0.01611328125 0.028645833333333332
0 0.257080078125 0.4638671875 0.02001953125 0.033203125
1 0.305419921875 0.4244791666666667 0.01123046875 0.01953125
1 0.39453125 0.4235026041666667 0.013671875 0.025390625
1 0.496337890625 0.4306640625 0.01318359375 0.024088541666666668
0 0.114501953125 0.4348958333333333 0.01025390625 0.016927083333333332
0 0.171875 0.4554036458333333 0.0166015625 0.025390625
1 0.2216796875 0.4293619791666667 0.0126953125 0.020182291666666668
1 0.1220703125 0.4244791666666667 0.0087890625 0.015625
0 0.03369140625 0.4586588541666667 0.015625 0.022786458333333332
1 0.06640625 0.4348958333333333 0.0107421875 0.016927083333333332
