1 0.115234375 0.8666666666666667 0.06484375 0.16944444444444445
1 0.357421875 0.4826388888888889 0.01796875 0.05416666666666667
1 0.62265625 0.4326388888888889 0.0171875 0.04861111111111111
1 0.503125 0.3993055555555556 0.0109375 0.029166666666666667
1 0.29921875 0.44305555555555554 0.0109375 0.030555555555555555
1 0.375390625 0.4013888888888889 0.00859375 0.027777777777777776
1 0.208984375 0.45416666666666666 0.01171875 0.027777777777777776
1 0.1421875 0.4527777777777778 0.009375 0.022222222222222223
1 0.27421875 0.42083333333333334 0.0078125 0.025
1 0.092578125 0.4875 0.01171875 0.03333333333333333
