1 0.896240234375 0.59375 0.04833984375 0.08463541666666667
1 0.7158203125 0.4723307291666667 0.0205078125 0.043619791666666664
1 0.227294921875 0.7096354166666666 0.06884765625 0.13020833333333334
1 0.427001953125 0.4830729166666667 0.02587890625 0.04296875
1 0.7119140625 0.4309895833333333 0.0146484375 0.026041666666666668
1 0.5009765625 0.423828125 0.01171875 0.022135416666666668
1 0.55908203125 0.412109375 0.0107421875 0.018229166666666668
1 0.81982421875 0.4625651041666667 0.0205078125 0.034505208333333336
1 0.77734375 0.42578125 0.009765625 0.018229166666666668
1 0.841796875 0.423828125 0.0107421875 0.01953125
1 0.744873046875 0.4069010416666667 0.01025390625 0.016927083333333332
1 0.63916015625 0.4055989583333333 0.0107421875 0.018229166666666668
1 0.87939453125 0.4453125 0.0126953125 0.026041666666666668
1 0.81591796875 0.4111328125 0.0087890625 0.013671875
1 0.9072265625 0.4156901041666667 0.0087890625 0.014973958333333334
1 0.964111328125 0.4329427083333333 0.01220703125 0.018229166666666668
