1 0.191015625 0.7777777777777778 0.05703125 0.14166666666666666
1 0.509765625 0.4930555555555556 0.01796875 0.044444444444444446
1 0.281640625 0.5402777777777777 0.01953125 0.058333333333333334
1 0.233984375 0.5034722222222222 0.01171875 0.029166666666666667
1 0.362109375 0.4701388888888889 0.01484375 0.029166666666666667
1 0.823046875 0.6527777777777778 0.03828125 0.1
1 0.739453125 0.41875 0.00859375 0.018055555555555554
1 0.241796875 0.4597222222222222 0.00859375 0.016666666666666666
1 0.54375 0.42986111111111114 0.0078125 0.020833333333333332
1 0.596875 0.4215277777777778 0.0078125 0.015277777777777777
1 0.18515625 0.49166666666666664 0.0078125 0.022222222222222223
1 0.285546875 0.46458333333333335 0.01015625 0.020833333333333332
1 0.68828125 0.43333333333333335 0.0078125 0.022222222222222223
1 0.778515625 0.41875 0.00859375 0.018055555555555554
1 0.67734375 0.42291666666666666 0.0078125 0.015277777777777777
1 0.53046875 0.4215277777777778 0.0078125 0.015277777777777777
1 0.459375 0.42916666666666664 0.0078125 0.013888888888888888
1 0.89453125 0.425 0.0078125 0.019444444444444445
1 0.92734375 0.41875 0.0078125 0.018055555555555554
1 0.78828125 0.42986111111111114 0.0078125 0.02361111111111111
1 0.5109375 0.4166666666666667 0.0078125 0.013888888888888888
