0 0.320703125 0.5395833333333333 0.01953125 0.05138888888888889
0 0.514453125 0.46875 0.01484375 0.0375
0 0.3046875 0.5131944444444444 0.0140625 0.0375
2 0.0640625 0.5881944444444445 0.015625 0.043055555555555555
0 0.476171875 0.46111111111111114 0.01328125 0.03333333333333333
1 0.437890625 0.45416666666666666 0.01171875 0.03333333333333333
2 0.28984375 0.5 0.0109375 0.03333333333333333
0 0.027734375 0.6291666666666667 0.02265625 0.06944444444444445
0 0.6375 0.43125 0.0109375 0.03194444444444444
0 0.0953125 0.5604166666666667 0.0140625 0.0375
0 0.703125 0.4125 0.0109375 0.025
0 0.76015625 0.4131944444444444 0.0109375 0.029166666666666667
0 0.61171875 0.41388888888888886 0.0078125 0.022222222222222223
0 0.65546875 0.4125 0.0078125 0.025
0 0.58828125 0.4305555555555556 0.0109375 0.027777777777777776
2 0.553125 0.4284722222222222 0.009375 0.02361111111111111
0 0.1203125 0.5354166666666667 0.0109375 0.029166666666666667
0 0.13203125 0.5236111111111111 0.009375 0.027777777777777776
0 0.14375 0.5138888888888888 0.0078125 0.025
0 0.93828125 0.4284722222222222 0.01875 0.0375
0 0.83125 0.4166666666666667 0.0109375 0.030555555555555555
2 0.31953125 0.4618055555555556 0.0078125 0.020833333333333332
0 0.3921875 0.44930555555555557 0.0078125 0.02638888888888889
0 0.51640625 0.4263888888888889 0.0078125 0.025
