1 0.06125 0.553125 0.0625 0.20625
0 0.93 0.5734375 0.0675 0.234375
1 0.811875 0.4421875 0.04625 0.159375
1 0.89875 0.48125 0.0525 0.20625
2 0.1275 0.2609375 0.0375 0.140625
1 0.175 0.4765625 0.0425 0.146875
0 0.699375 0.4484375 0.05375 0.109375
1 0.2225 0.45 0.035 0.1125
0 0.355 0.334375 0.02 0.10625
1 0.258125 0.4125 0.02875 0.14375
0 0.079375 0.225 0.02875 0.15
0 0.73 0.396875 0.0375 0.15
0 0.400625 0.290625 0.01625 0.1
0 0.63625 0.275 0.02 0.1125
1 0.426875 0.2640625 0.01875 0.084375
0 0.291875 0.375 0.01875 0.0875
