1 0.6328125 0.525 0.0203125 0.05
1 0.46484375 0.48125 0.015625 0.03194444444444444
1 0.3828125 0.50625 0.0234375 0.04583333333333333
1 0.64609375 0.4791666666666667 0.0078125 0.025
1 0.52421875 0.4722222222222222 0.0078125 0.022222222222222223
1 0.627734375 0.49375 0.01171875 0.029166666666666667
1 0.68046875 0.4701388888888889 0.0078125 0.02361111111111111
1 0.7296875 0.46111111111111114 0.0078125 0.016666666666666666
1 0.743359375 0.46597222222222223 0.00859375 0.020833333333333332
1 0.596875 0.46805555555555556 0.0078125 0.016666666666666666
