1 0.62060546875 0.4449869791666667 0.0126953125 0.024088541666666668
1 0.661376953125 0.466796875 0.01708984375 0.033854166666666664
0 0.35009765625 0.5319010416666666 0.0361328125 0.061197916666666664
0 0.42919921875 0.4641927083333333 0.01953125 0.032552083333333336
0 0.450439453125 0.4417317708333333 0.01318359375 0.024088541666666668
1 0.7646484375 0.5299479166666666 0.0361328125 0.057291666666666664
1 0.80810546875 0.48046875 0.0224609375 0.036458333333333336
1 0.71044921875 0.4495442708333333 0.0126953125 0.024088541666666668
1 0.66845703125 0.4326171875 0.009765625 0.017578125
1 0.596923828125 0.4313151041666667 0.01025390625 0.018880208333333332
0 0.820068359375 0.4404296875 0.00927734375 0.016276041666666668
0 0.784423828125 0.4345703125 0.00927734375 0.016276041666666668
1 0.646240234375 0.4283854166666667 0.00732421875 0.014322916666666666
1 0.588134765625 0.4270833333333333 0.00732421875 0.014322916666666666
1 0.60791015625 0.4261067708333333 0.0087890625 0.013671875
0 0.874755859375 0.4544270833333333 0.01513671875 0.0234375
0 0.496337890625 0.4202473958333333 0.00732421875 0.011067708333333334
0 0.7236328125 0.4274088541666667 0.005859375 0.011067708333333334
0 0.561767578125 0.4189453125 0.00537109375 0.009765625
0 0.457763671875 0.4309895833333333 0.00634765625 0.015625
0 0.462158203125 0.4244791666666667 0.00537109375 0.010416666666666666
0 0.64013671875 0.4208984375 0.005859375 0.011067708333333334
