0 0.859375 0.7609375 0.06375 0.221875
1 0.7925 0.6015625 0.0525 0.178125
1 0.74375 0.4859375 0.0375 0.134375
0 0.715625 0.4390625 0.02625 0.096875
2 0.0275 0.6578125 0.05 0.196875
0 0.20125 0.5203125 0.04 0.128125
1 0.81125 0.515625 0.0375 0.14375
1 0.284375 0.4390625 0.02875 0.115625
0 0.119375 0.58125 0.04625 0.16875
1 0.418125 0.35625 0.01625 0.0625
2 0.284375 0.2984375 0.01875 0.090625
0 0.254375 0.275 0.01875 0.075
0 0.376875 0.3796875 0.02375 0.040625
1 0.695 0.3984375 0.02 0.090625
0 0.44625 0.33125 0.015 0.0625
0 0.635625 0.409375 0.02125 0.05
0 0.656875 0.3828125 0.01625 0.071875
1 0.32625 0.4125 0.025 0.08125
0 0.63375 0.3171875 0.0125 0.059375
0 0.615625 0.321875 0.01125 0.0625
