1 0.148828125 0.7840277777777778 0.06015625 0.1763888888888889
0 0.1078125 0.76875 0.0484375 0.1763888888888889
1 0.426953125 0.4486111111111111 0.01796875 0.041666666666666664
0 0.409765625 0.44930555555555557 0.01796875 0.043055555555555555
0 0.219921875 0.4597222222222222 0.01484375 0.03333333333333333
1 0.68828125 0.44375 0.015625 0.043055555555555555
0 0.462109375 0.39791666666666664 0.01015625 0.029166666666666667
1 0.471484375 0.3993055555555556 0.00859375 0.02638888888888889
0 0.3390625 0.40902777777777777 0.0078125 0.02638888888888889
0 0.3921875 0.38680555555555557 0.0078125 0.020833333333333332
0 0.36484375 0.39791666666666664 0.0078125 0.020833333333333332
