1 0.27 0.5363175675675675 0.08 0.13006756756756757
1 0.415625 0.5152027027027027 0.05375 0.10472972972972973
1 0.6025 0.504222972972973 0.04 0.07601351351351351
1 0.763125 0.49915540540540543 0.03875 0.07263513513513513
0 0.32375 0.4890202702702703 0.015 0.03209459459459459
1 0.483125 0.4873310810810811 0.02625 0.04222972972972973
1 0.72625 0.4890202702702703 0.0225 0.04222972972972973
1 0.085625 0.49915540540540543 0.02625 0.048986486486486486
1 0.8325 0.49239864864864863 0.0175 0.03547297297297297
1 0.90875 0.4983108108108108 0.03 0.05405405405405406
0 0.69375 0.4864864864864865 0.015 0.02702702702702703
0 0.029375 0.49915540540540543 0.01875 0.03885135135135135
0 0.13375 0.49493243243243246 0.0175 0.033783783783783786
1 0.22125 0.4966216216216216 0.025 0.04054054054054054
1 0.375625 0.48986486486486486 0.02125 0.037162162162162164
0 0.51625 0.4873310810810811 0.015 0.028716216216216218
0 0.78875 0.4864864864864865 0.0125 0.02702702702702703
