1 0.75048828125 0.5673828125 0.0400390625 0.07356770833333333
0 0.36083984375 0.4661458333333333 0.013671875 0.033854166666666664
0 0.23388671875 0.5625 0.037109375 0.06770833333333333
0 0.4599609375 0.4147135416666667 0.0078125 0.016927083333333332
1 0.625732421875 0.4658203125 0.01318359375 0.033203125
0 0.41748046875 0.4303385416666667 0.01171875 0.018229166666666668
1 0.562744140625 0.4248046875 0.01025390625 0.018880208333333332
1 0.564208984375 0.4111328125 0.00927734375 0.012369791666666666
0 0.486083984375 0.4072265625 0.00634765625 0.009765625
1 0.553955078125 0.4036458333333333 0.00537109375 0.010416666666666666
1 0.533203125 0.3987630208333333 0.0048828125 0.008463541666666666
