0 0.3720703125 0.4925130208333333 0.0263671875 0.050130208333333336
1 0.9443359375 0.654296875 0.0654296875 0.10807291666666667
1 0.8505859375 0.509765625 0.02734375 0.053385416666666664
0 0.52783203125 0.4593098958333333 0.0166015625 0.038411458333333336
1 0.838623046875 0.46484375 0.01806640625 0.033854166666666664
1 0.959716796875 0.4814453125 0.01806640625 0.035807291666666664
0 0.651123046875 0.4423828125 0.01318359375 0.033203125
1 0.908447265625 0.4593098958333333 0.01416015625 0.027994791666666668
1 0.880859375 0.4479166666666667 0.0107421875 0.0234375
0 0.68994140625 0.431640625 0.009765625 0.024739583333333332
1 0.820556640625 0.4466145833333333 0.00830078125 0.022135416666666668
0 0.709228515625 0.427734375 0.01220703125 0.01953125
