0 0.075625 0.8109375 0.07875 0.221875
0 0.174375 0.54375 0.04875 0.13125
0 0.218125 0.4171875 0.02625 0.078125
1 0.42125 0.48125 0.0425 0.06875
1 0.501875 0.4703125 0.04125 0.078125
1 0.0725 0.415625 0.02 0.0625
0 0.420625 0.4203125 0.02375 0.053125
1 0.485 0.378125 0.025 0.05
1 0.014375 0.4859375 0.02625 0.090625
1 0.151875 0.3171875 0.00875 0.028125
0 0.50875 0.3765625 0.015 0.065625
1 0.52125 0.2765625 0.015 0.065625
1 0.101875 0.3703125 0.01625 0.046875
1 0.089375 0.3515625 0.00875 0.040625
0 0.548125 0.175 0.01875 0.06875
0 0.468125 0.2703125 0.01125 0.046875
1 0.434375 0.2640625 0.01125 0.040625
0 0.221875 0.36875 0.01875 0.06875
2 0.7925 0.3546875 0.0275 0.109375
1 0.4675 0.1109375 0.0125 0.040625
1 0.41 0.4421875 0.035 0.059375
0 0.223125 0.3328125 0.01125 0.034375
0 0.261875 0.3015625 0.00875 0.028125
0 0.120625 0.3265625 0.01125 0.034375
1 0.10625 0.334375 0.01 0.0375
0 0.21125 0.3515625 0.0125 0.040625
1 0.47 0.359375 0.0125 0.05625
0 0.23125 0.309375 0.0075 0.03125
0 0.29 0.3 0.0075 0.025
1 0.17125 0.3078125 0.0075 0.028125
0 0.205625 0.328125 0.00875 0.0375
0 0.20125 0.321875 0.0075 0.03125
1 0.209375 0.2984375 0.00875 0.028125
1 0.12875 0.303125 0.0075 0.025
