0 0.446044921875 0.4420572916666667 0.00927734375 0.020833333333333332
0 0.351318359375 0.5074869791666666 0.01806640625 0.047526041666666664
1 0.731201171875 0.5045572916666666 0.02392578125 0.045572916666666664
2 0.599853515625 0.4290364583333333 0.01123046875 0.029947916666666668
1 0.611083984375 0.4417317708333333 0.01123046875 0.021484375
1 0.580810546875 0.4228515625 0.00732421875 0.014973958333333334
2 0.45458984375 0.4300130208333333 0.01171875 0.031901041666666664
1 0.569580078125 0.4166666666666667 0.00732421875 0.014322916666666666
2 0.4599609375 0.4251302083333333 0.0107421875 0.029947916666666668
0 0.469482421875 0.4231770833333333 0.00732421875 0.015625
0 0.474365234375 0.4166666666666667 0.00537109375 0.013020833333333334
0 0.498046875 0.4069010416666667 0.0048828125 0.006510416666666667
1 0.5546875 0.4098307291666667 0.0048828125 0.009765625
2 0.59326171875 0.42578125 0.0087890625 0.028645833333333332
0 0.4833984375 0.4108072916666667 0.0048828125 0.010416666666666666
