1 0.222265625 0.6944444444444444 0.04921875 0.1361111111111111
0 0.190234375 0.6791666666666667 0.04296875 0.11666666666666667
1 0.484765625 0.44513888888888886 0.01640625 0.04027777777777778
1 0.723828125 0.4444444444444444 0.01484375 0.03888888888888889
0 0.4671875 0.4486111111111111 0.0140625 0.03888888888888889
1 0.6640625 0.3972222222222222 0.0078125 0.030555555555555555
0 0.44921875 0.3958333333333333 0.0078125 0.016666666666666666
0 0.53359375 0.3951388888888889 0.0078125 0.018055555555555554
1 0.54296875 0.39375 0.0078125 0.020833333333333332
1 0.56171875 0.37916666666666665 0.0078125 0.013888888888888888
0 0.5578125 0.3763888888888889 0.0078125 0.013888888888888888
1 0.57265625 0.37083333333333335 0.0078125 0.013888888888888888
1 0.64296875 0.37569444444444444 0.0078125 0.015277777777777777
0 0.49453125 0.3819444444444444 0.0078125 0.013888888888888888
0 0.308203125 0.4534722222222222 0.01328125 0.04861111111111111
