1 0.734375 0.5611111111111111 0.028125 0.07777777777777778
1 0.285546875 0.6041666666666666 0.03203125 0.07222222222222222
1 0.28359375 0.5326388888888889 0.0140625 0.04583333333333333
1 0.31796875 0.5631944444444444 0.015625 0.05416666666666667
1 0.574609375 0.5048611111111111 0.01171875 0.043055555555555555
1 0.439453125 0.49583333333333335 0.01015625 0.03333333333333333
1 0.30625 0.4951388888888889 0.0078125 0.029166666666666667
1 0.189453125 0.5243055555555556 0.01015625 0.02361111111111111
1 0.198046875 0.4986111111111111 0.00703125 0.016666666666666666
1 0.166015625 0.49444444444444446 0.00703125 0.011111111111111112
