0 0.272216796875 0.5738932291666666 0.03759765625 0.06966145833333333
1 0.795654296875 0.5660807291666666 0.04345703125 0.07096354166666667
1 0.648193359375 0.4635416666666667 0.01708984375 0.029947916666666668
0 0.4287109375 0.458984375 0.015625 0.02734375
0 0.46240234375 0.4329427083333333 0.01171875 0.020833333333333332
1 0.605712890625 0.4319661458333333 0.01318359375 0.021484375
0 0.4736328125 0.4202473958333333 0.0048828125 0.012369791666666666
1 0.5869140625 0.4208984375 0.0078125 0.016276041666666668
0 0.48291015625 0.4169921875 0.005859375 0.011067708333333334
0 0.523681640625 0.4130859375 0.00537109375 0.008463541666666666
1 0.601318359375 0.416015625 0.00634765625 0.010416666666666666
1 0.62548828125 0.412109375 0.005859375 0.010416666666666666
0 0.5712890625 0.408203125 0.0048828125 0.0078125
1 0.644287109375 0.4098307291666667 0.00537109375 0.008463541666666666
0 0.61376953125 0.404296875 0.0048828125 0.006510416666666667
