0 0.070625 0.6140625 0.05125 0.128125
0 0.698125 0.6734375 0.06125 0.190625
0 0.6775 0.4484375 0.0425 0.109375
1 0.275 0.565625 0.0425 0.13125
1 0.295625 0.4359375 0.03375 0.090625
0 0.410625 0.4015625 0.01875 0.065625
2 0.38875 0.2984375 0.0125 0.065625
0 0.438125 0.284375 0.01375 0.05625
1 0.473125 0.275 0.01125 0.05625
2 0.818125 0.3421875 0.04375 0.046875
1 0.64125 0.3609375 0.0175 0.065625
1 0.668125 0.31875 0.01375 0.05
1 0.92875 0.3421875 0.04 0.059375
0 0.521875 0.3375 0.01625 0.05
1 0.723125 0.325 0.02625 0.04375
1 0.58125 0.2828125 0.0075 0.034375
