0 0.657421875 0.5145833333333333 0.03515625 0.0875
0 0.3734375 0.43819444444444444 0.0125 0.03194444444444444
0 0.2578125 0.5597222222222222 0.034375 0.09444444444444444
0 0.4 0.42083333333333334 0.0078125 0.025
0 0.554296875 0.4270833333333333 0.01015625 0.034722222222222224
0 0.5390625 0.4125 0.0078125 0.022222222222222223
0 0.46015625 0.3993055555555556 0.0078125 0.020833333333333332
0 0.380078125 0.4152777777777778 0.00859375 0.025
0 0.31484375 0.4173611111111111 0.0078125 0.020833333333333332
0 0.515234375 0.4013888888888889 0.00859375 0.019444444444444445
0 0.181640625 0.4326388888888889 0.00859375 0.02361111111111111
