0 0.359619140625 0.4853515625 0.02392578125 0.044921875
1 0.701416015625 0.4576822916666667 0.01708984375 0.03125
1 0.691650390625 0.4339192708333333 0.01220703125 0.022786458333333332
1 0.810302734375 0.5198567708333334 0.02978515625 0.055338541666666664
0 0.417236328125 0.4404296875 0.01318359375 0.026692708333333332
1 0.704833984375 0.4169921875 0.00830078125 0.016276041666666668
0 0.51318359375 0.4176432291666667 0.0107421875 0.018880208333333332
0 0.59130859375 0.4029947916666667 0.0078125 0.013020833333333334
1 0.744384765625 0.4016927083333333 0.00927734375 0.014322916666666666
1 0.71875 0.408203125 0.0078125 0.014322916666666666
1 0.773681640625 0.3974609375 0.00537109375 0.011067708333333334
0 0.647705078125 0.39453125 0.00732421875 0.01171875
1 0.808837890625 0.3951822916666667 0.00634765625 0.010416666666666666
0 0.748046875 0.3902994791666667 0.0048828125 0.007161458333333333
0 0.708984375 0.3916015625 0.0048828125 0.007161458333333333
0 0.88330078125 0.396484375 0.0048828125 0.006510416666666667
