1 0.297265625 0.6416666666666667 0.03828125 0.1
1 0.30859375 0.5597222222222222 0.021875 0.05555555555555555
1 0.405078125 0.4930555555555556 0.01015625 0.027777777777777776
1 0.25703125 0.5229166666666667 0.0140625 0.034722222222222224
1 0.303125 0.5347222222222222 0.0171875 0.05
1 0.533203125 0.5069444444444444 0.01640625 0.041666666666666664
1 0.146875 0.5298611111111111 0.0078125 0.02361111111111111
1 0.26328125 0.4986111111111111 0.0078125 0.016666666666666666
1 0.207421875 0.5208333333333334 0.00859375 0.025
1 0.08828125 0.5381944444444444 0.0078125 0.02361111111111111
1 0.05625 0.5361111111111111 0.0078125 0.022222222222222223
1 0.30546875 0.49722222222222223 0.0078125 0.019444444444444445
