1 0.90234375 0.6208333333333333 0.034375 0.09444444444444444
1 0.24765625 0.7597222222222222 0.053125 0.14722222222222223
1 0.38046875 0.5319444444444444 0.021875 0.05277777777777778
1 0.712890625 0.5055555555555555 0.01484375 0.044444444444444446
1 0.476953125 0.45625 0.01171875 0.03194444444444444
1 0.544140625 0.43333333333333335 0.01015625 0.025
1 0.638671875 0.4618055555555556 0.01171875 0.02638888888888889
1 0.67578125 0.4152777777777778 0.0078125 0.013888888888888888
1 0.61640625 0.42291666666666666 0.0078125 0.015277777777777777
1 0.698828125 0.43680555555555556 0.00859375 0.02361111111111111
1 0.75390625 0.42777777777777776 0.0078125 0.019444444444444445
