2 0.2869791666666667 0.3925925925925926 0.016666666666666666 0.03518518518518519
2 0.44869791666666664 0.35185185185185186 0.013020833333333334 0.03148148148148148
2 0.17135416666666667 0.7310185185185185 0.057291666666666664 0.16203703703703703
2 0.2760416666666667 0.5208333333333334 0.0375 0.08981481481481482
2 0.63203125 0.39861111111111114 0.019270833333333334 0.04537037037037037
2 0.36380208333333336 0.32731481481481484 0.008854166666666666 0.023148148148148147
2 0.24817708333333333 0.36157407407407405 0.0109375 0.026851851851851852
2 0.16588541666666667 0.35555555555555557 0.009895833333333333 0.025925925925925925
2 0.27265625 0.325 0.0078125 0.022222222222222223
2 0.20520833333333333 0.325 0.009375 0.024074074074074074
2 0.12578125 0.34675925925925927 0.009895833333333333 0.026851851851851852
