1 0.698828125 0.5597222222222222 0.03828125 0.10555555555555556
1 0.2671875 0.4083333333333333 0.03125 0.075
1 0.733203125 0.4097222222222222 0.01328125 0.03888888888888889
1 0.45390625 0.33958333333333335 0.015625 0.04027777777777778
1 0.70703125 0.4395833333333333 0.021875 0.05694444444444444
1 0.778125 0.4173611111111111 0.0140625 0.03194444444444444
1 0.648828125 0.34444444444444444 0.00859375 0.019444444444444445
1 0.75078125 0.3729166666666667 0.0078125 0.020833333333333332
1 0.572265625 0.3368055555555556 0.01171875 0.02638888888888889
1 0.830859375 0.43472222222222223 0.01171875 0.025
