1 0.298583984375 0.5481770833333334 0.04345703125 0.06640625
1 0.40966796875 0.455078125 0.015625 0.029947916666666668
1 0.4462890625 0.4309895833333333 0.0087890625 0.018229166666666668
1 0.5810546875 0.451171875 0.013671875 0.026041666666666668
1 0.478271484375 0.4182942708333333 0.00537109375 0.011067708333333334
1 0.559814453125 0.4303385416666667 0.00732421875 0.016927083333333332
1 0.080078125 0.4895833333333333 0.021484375 0.037760416666666664
1 0.549560546875 0.4235026041666667 0.00634765625 0.014973958333333334
1 0.46826171875 0.419921875 0.0068359375 0.01171875
1 0.349853515625 0.4205729166666667 0.00732421875 0.01171875
1 0.09033203125 0.4505208333333333 0.0126953125 0.01953125
1 0.056396484375 0.4332682291666667 0.00634765625 0.012369791666666666
1 0.37353515625 0.423828125 0.005859375 0.013020833333333334
1 0.542236328125 0.4202473958333333 0.00537109375 0.011067708333333334
1 0.20849609375 0.423828125 0.0048828125 0.009114583333333334
1 0.1376953125 0.4254557291666667 0.0048828125 0.009765625
1 0.066650390625 0.4371744791666667 0.00634765625 0.013671875
1 0.193359375 0.4235026041666667 0.0068359375 0.017578125
1 0.24072265625 0.4202473958333333 0.0048828125 0.008463541666666666
1 0.2880859375 0.4130859375 0.0048828125 0.012369791666666666
1 0.3037109375 0.4166666666666667 0.0048828125 0.009114583333333334
1 0.490234375 0.4156901041666667 0.0048828125 0.009765625
1 0.26416015625 0.4127604166666667 0.0048828125 0.0078125
1 0.419921875 0.4176432291666667 0.0048828125 0.009765625
1 0.53466796875 0.4156901041666667 0.0048828125 0.009765625
1 0.53076171875 0.4137369791666667 0.0048828125 0.008463541666666666
1 0.2294921875 0.416015625 0.0048828125 0.009114583333333334
1 0.30908203125 0.4127604166666667 0.0048828125 0.0078125
1 0.313720703125 0.4072265625 0.00537109375 0.007161458333333333
1 0.393310546875 0.4117838541666667 0.00537109375 0.007161458333333333
1 0.3369140625 0.4114583333333333 0.0048828125 0.006510416666666667
