0 0.7259615384615384 0.561698717948718 0.08653846153846154 0.13942307692307693
0 0.5462740384615384 0.5256410256410257 0.03485576923076923 0.060897435897435896
0 0.45853365384615385 0.5168269230769231 0.027644230769230768 0.046474358974358976
0 0.38221153846153844 0.5112179487179487 0.019230769230769232 0.038461538461538464
1 0.171875 0.5392628205128205 0.06971153846153846 0.1266025641025641
0 0.31850961538461536 0.5104166666666666 0.016826923076923076 0.030448717948717948
1 0.20673076923076922 0.5192307692307693 0.03365384615384615 0.057692307692307696
1 0.13641826923076922 0.5136217948717948 0.030048076923076924 0.049679487179487176
1 0.09555288461538461 0.5128205128205128 0.027644230769230768 0.04487179487179487
0 0.28125 0.5064102564102564 0.016826923076923076 0.03205128205128205
