1 0.27421875 0.5770833333333333 0.03125 0.0763888888888889
1 0.3921875 0.49444444444444446 0.0125 0.030555555555555555
1 0.570703125 0.4888888888888889 0.01015625 0.030555555555555555
1 0.417578125 0.47430555555555554 0.00859375 0.018055555555555554
1 0.54140625 0.46805555555555556 0.0078125 0.022222222222222223
1 0.534375 0.46111111111111114 0.0078125 0.016666666666666666
1 0.4875 0.45555555555555555 0.0078125 0.013888888888888888
1 0.34921875 0.4652777777777778 0.0078125 0.013888888888888888
1 0.39453125 0.4666666666666667 0.0078125 0.013888888888888888
1 0.41171875 0.4673611111111111 0.0078125 0.015277777777777777
