1 0.331787109375 0.5628255208333334 0.03955078125 0.07356770833333333
1 0.40185546875 0.4850260416666667 0.0234375 0.044270833333333336
1 0.44873046875 0.4440104166666667 0.013671875 0.02734375
1 0.63916015625 0.4547526041666667 0.0166015625 0.031901041666666664
1 0.599609375 0.4251302083333333 0.0107421875 0.01953125
1 0.957763671875 0.49609375 0.02880859375 0.04296875
1 0.8134765625 0.439453125 0.015625 0.0234375
1 0.471923828125 0.4192708333333333 0.00732421875 0.018229166666666668
1 0.48876953125 0.40625 0.0048828125 0.01171875
1 0.5546875 0.4016927083333333 0.0048828125 0.010416666666666666
1 0.735595703125 0.4134114583333333 0.00732421875 0.015625
1 0.48193359375 0.4114583333333333 0.0068359375 0.013020833333333334
1 0.56982421875 0.4072265625 0.0078125 0.013671875
1 0.681640625 0.4026692708333333 0.0048828125 0.009765625
1 0.936767578125 0.4095052083333333 0.00732421875 0.01171875
1 0.8916015625 0.4098307291666667 0.0068359375 0.013671875
1 0.584716796875 0.404296875 0.00537109375 0.010416666666666666
1 0.981201171875 0.4186197916666667 0.01123046875 0.016927083333333332
1 0.64453125 0.3990885416666667 0.0048828125 0.0078125
1 0.936279296875 0.4287109375 0.01318359375 0.020182291666666668
1 0.87060546875 0.4059244791666667 0.005859375 0.011067708333333334
1 0.763427734375 0.404296875 0.00537109375 0.009114583333333334
1 0.83251953125 0.4036458333333333 0.0048828125 0.009114583333333334
1 0.7001953125 0.4010416666666667 0.0048828125 0.009114583333333334
1 0.552490234375 0.4013671875 0.00537109375 0.008463541666666666
1 0.54541015625 0.3990885416666667 0.0048828125 0.006510416666666667
1 0.59228515625 0.3987630208333333 0.0048828125 0.007161458333333333
1 0.767578125 0.4020182291666667 0.0048828125 0.008463541666666666
1 0.791015625 0.4033203125 0.0048828125 0.009765625
