1 0.586669921875 0.4736328125 0.02099609375 0.041015625
1 0.354736328125 0.4967447916666667 0.02392578125 0.044270833333333336
1 0.5478515625 0.4368489583333333 0.0126953125 0.024739583333333332
1 0.717529296875 0.6305338541666666 0.04638671875 0.095703125
1 0.3486328125 0.4567057291666667 0.013671875 0.027994791666666668
1 0.38818359375 0.4215494791666667 0.009765625 0.017578125
1 0.4833984375 0.4270833333333333 0.009765625 0.018229166666666668
1 0.3037109375 0.439453125 0.009765625 0.020833333333333332
1 0.1328125 0.4375 0.009765625 0.016927083333333332
1 0.234619140625 0.4348958333333333 0.01123046875 0.01953125
1 0.24169921875 0.4235026041666667 0.0087890625 0.016276041666666668
1 0.180908203125 0.4267578125 0.00927734375 0.014973958333333334
1 0.11572265625 0.4296875 0.0078125 0.015625
1 0.3056640625 0.4215494791666667 0.0078125 0.013671875
1 0.04833984375 0.435546875 0.0087890625 0.015625
