1 0.538125 0.5548986486486487 0.08625 0.16047297297297297
0 0.95625 0.4890202702702703 0.0375 0.0625
0 0.89625 0.4847972972972973 0.03 0.05067567567567568
1 0.59375 0.5211148648648649 0.05 0.09628378378378379
0 0.83875 0.4831081081081081 0.025 0.0472972972972973
1 0.645625 0.5118243243243243 0.03625 0.06418918918918919
0 0.780625 0.4797297297297297 0.02125 0.037162162162162164
0 0.655 0.47297297297297297 0.0125 0.02364864864864865
1 0.4775 0.4839527027027027 0.015 0.03547297297297297
0 0.710625 0.4822635135135135 0.01875 0.03209459459459459
1 0.405625 0.4822635135135135 0.01625 0.03209459459459459
0 0.42625 0.47550675675675674 0.0125 0.028716216216216218
1 0.318125 0.48057432432432434 0.01375 0.02533783783783784
1 0.128125 0.47635135135135137 0.01375 0.02702702702702703
0 0.489375 0.47719594594594594 0.00875 0.02533783783783784
1 0.24 0.48057432432432434 0.0125 0.028716216216216218
0 0.09625 0.4721283783783784 0.0175 0.028716216216216218
0 0.248125 0.4704391891891892 0.01375 0.02195945945945946
0 0.325625 0.47381756756756754 0.01125 0.02195945945945946
0 0.1375 0.47297297297297297 0.0125 0.02364864864864865
