2 0.8505859375 0.6279296875 0.08984375 0.18033854166666666
1 0.689208984375 0.5133463541666666 0.03369140625 0.064453125
0 0.316162109375 0.5305989583333334 0.03564453125 0.06901041666666667
2 0.19921875 0.6171875 0.078125 0.16927083333333334
1 0.611083984375 0.4606119791666667 0.02783203125 0.041015625
2 0.0478515625 0.8313802083333334 0.0947265625 0.25390625
0 0.388671875 0.462890625 0.0146484375 0.03515625
0 0.426513671875 0.4264322916666667 0.01318359375 0.022135416666666668
1 0.544189453125 0.4150390625 0.00830078125 0.016276041666666668
1 0.559814453125 0.4264322916666667 0.01025390625 0.020833333333333332
1 0.53369140625 0.4078776041666667 0.0068359375 0.013671875
0 0.45166015625 0.4026692708333333 0.0048828125 0.012369791666666666
1 0.51953125 0.3974609375 0.0048828125 0.011067708333333334
1 0.52490234375 0.4020182291666667 0.0048828125 0.011067708333333334
