0 0.0484375 0.6138888888888889 0.01875 0.05
0 0.3109375 0.525 0.0171875 0.04722222222222222
0 0.29140625 0.5076388888888889 0.0140625 0.0375
2 0.06875 0.5791666666666667 0.0140625 0.041666666666666664
0 0.477734375 0.46319444444444446 0.01171875 0.03194444444444444
2 0.513671875 0.4284722222222222 0.00859375 0.020833333333333332
0 0.5453125 0.43125 0.0078125 0.02361111111111111
2 0.408203125 0.45416666666666666 0.01015625 0.030555555555555555
0 0.983203125 0.4486111111111111 0.01640625 0.041666666666666664
0 0.91640625 0.43194444444444446 0.0140625 0.03611111111111111
0 0.857421875 0.4215277777777778 0.01171875 0.029166666666666667
0 0.58828125 0.42986111111111114 0.0078125 0.02638888888888889
0 0.44375 0.46041666666666664 0.0109375 0.029166666666666667
2 0.274609375 0.49583333333333335 0.01171875 0.027777777777777776
0 0.090625 0.5555555555555556 0.0109375 0.03333333333333333
0 0.110546875 0.5347222222222222 0.01015625 0.027777777777777776
0 0.6078125 0.41388888888888886 0.0078125 0.019444444444444445
0 0.65078125 0.41388888888888886 0.0078125 0.022222222222222223
0 0.7015625 0.41180555555555554 0.0078125 0.029166666666666667
0 0.26640625 0.49027777777777776 0.0078125 0.030555555555555555
0 0.56875 0.4173611111111111 0.0078125 0.020833333333333332
