0 0.275390625 0.5400390625 0.03125 0.057942708333333336
0 0.215087890625 0.4925130208333333 0.01904296875 0.037109375
1 0.764404296875 0.4775390625 0.02294921875 0.037109375
1 0.568359375 0.4482421875 0.0166015625 0.029296875
1 0.457275390625 0.435546875 0.01123046875 0.022135416666666668
0 0.10546875 0.4755859375 0.0166015625 0.029296875
1 0.241455078125 0.4397786458333333 0.01025390625 0.022786458333333332
1 0.346923828125 0.4391276041666667 0.01220703125 0.022786458333333332
0 0.045166015625 0.4625651041666667 0.01123046875 0.021484375
1 0.210205078125 0.4358723958333333 0.00927734375 0.016276041666666668
0 0.093017578125 0.44140625 0.00830078125 0.014322916666666666
0 0.145751953125 0.4329427083333333 0.00732421875 0.013020833333333334
1 0.28076171875 0.4235026041666667 0.0078125 0.014973958333333334
1 0.340576171875 0.4134114583333333 0.00634765625 0.013020833333333334
0 0.051025390625 0.4508463541666667 0.01123046875 0.017578125
1 0.985595703125 0.55078125 0.02880859375 0.06380208333333333
0 0.231689453125 0.421875 0.00732421875 0.010416666666666666
0 0.324462890625 0.4104817708333333 0.00537109375 0.009765625
1 0.436279296875 0.404296875 0.00634765625 0.01171875
1 0.526611328125 0.3987630208333333 0.00830078125 0.012369791666666666
0 0.43212890625 0.3997395833333333 0.005859375 0.009114583333333334
0 0.51953125 0.3942057291666667 0.0048828125 0.011067708333333334
2 0.72900390625 0.3844401041666667 0.005859375 0.013671875
2 0.65625 0.3815104166666667 0.0048828125 0.013020833333333334
2 0.3740234375 0.3974609375 0.0048828125 0.009765625
