2 0.721484375 0.40625 0.02109375 0.05138888888888889
2 0.67265625 0.40694444444444444 0.0171875 0.05277777777777778
2 0.60703125 0.41805555555555557 0.015625 0.05277777777777778
0 0.54375 0.4125 0.0078125 0.019444444444444445
0 0.59296875 0.4263888888888889 0.0109375 0.030555555555555555
0 0.58125 0.4166666666666667 0.0078125 0.027777777777777776
0 0.51328125 0.4111111111111111 0.0078125 0.019444444444444445
2 0.64921875 0.4083333333333333 0.01875 0.05555555555555555
0 0.151953125 0.5194444444444445 0.01328125 0.03333333333333333
0 0.958203125 0.4048611111111111 0.01171875 0.029166666666666667
0 0.951171875 0.3951388888888889 0.01015625 0.029166666666666667
0 0.180859375 0.4861111111111111 0.00859375 0.025
0 0.24296875 0.4777777777777778 0.0078125 0.022222222222222223
