2 0.185791015625 0.43359375 0.00927734375 0.016927083333333332
2 0.0947265625 0.4498697916666667 0.0126953125 0.020833333333333332
2 0.284423828125 0.4189453125 0.00537109375 0.011067708333333334
2 0.1533203125 0.4270833333333333 0.0068359375 0.013020833333333334
2 0.31396484375 0.4143880208333333 0.0048828125 0.011067708333333334
2 0.344482421875 0.4098307291666667 0.00537109375 0.008463541666666666
2 0.2080078125 0.4208984375 0.0048828125 0.012369791666666666
2 0.240478515625 0.4251302083333333 0.00634765625 0.01171875
2 0.3115234375 0.408203125 0.0048828125 0.009114583333333334
2 0.24609375 0.4156901041666667 0.0048828125 0.011067708333333334
2 0.27978515625 0.4114583333333333 0.0048828125 0.009114583333333334
2 0.337890625 0.4046223958333333 0.0048828125 0.008463541666666666
2 0.3681640625 0.40625 0.0048828125 0.009114583333333334
2 0.38427734375 0.4026692708333333 0.0048828125 0.007161458333333333
2 0.3994140625 0.4016927083333333 0.0048828125 0.006510416666666667
2 0.38720703125 0.3977864583333333 0.0048828125 0.006510416666666667
2 0.094482421875 0.4352213541666667 0.01025390625 0.016276041666666668
2 0.35400390625 0.4016927083333333 0.0048828125 0.009114583333333334
2 0.37841796875 0.3987630208333333 0.0048828125 0.007161458333333333
