0 0.055419921875 0.9020182291666666 0.10595703125 0.189453125
0 0.2705078125 0.5501302083333334 0.033203125 0.06510416666666667
0 0.230712890625 0.4775390625 0.01611328125 0.033203125
1 0.93359375 0.5276692708333334 0.037109375 0.056640625
1 0.698486328125 0.4749348958333333 0.02294921875 0.041015625
1 0.554443359375 0.4514973958333333 0.01708984375 0.030598958333333332
1 0.4287109375 0.4368489583333333 0.013671875 0.024739583333333332
1 0.409912109375 0.42578125 0.01220703125 0.01953125
0 0.231689453125 0.4453125 0.01025390625 0.022135416666666668
0 0.25830078125 0.4319661458333333 0.0087890625 0.017578125
1 0.49072265625 0.4156901041666667 0.0087890625 0.016276041666666668
0 0.363525390625 0.4143880208333333 0.00634765625 0.014973958333333334
1 0.5703125 0.4085286458333333 0.0078125 0.013671875
1 0.685791015625 0.4055989583333333 0.00634765625 0.014322916666666666
1 0.306884765625 0.4212239583333333 0.00732421875 0.015625
