0 0.6925 0.5430743243243243 0.0625 0.11655405405405406
0 0.46625 0.5278716216216216 0.045 0.09966216216216216
1 0.2475 0.5135135135135135 0.03 0.05405405405405406
0 0.394375 0.5211148648648649 0.03125 0.07939189189189189
0 0.439375 0.5143581081081081 0.02875 0.06587837837837837
1 0.3625 0.512668918918919 0.025 0.04560810810810811
0 0.56125 0.5135135135135135 0.0225 0.0472972972972973
1 0.015625 0.5177364864864865 0.02875 0.06587837837837837
1 0.15 0.5177364864864865 0.0325 0.0625
0 0.984375 0.5092905405405406 0.01875 0.04222972972972973
0 0.895625 0.5101351351351351 0.02625 0.0472972972972973
1 0.59375 0.5076013513513513 0.02 0.03885135135135135
0 0.7925 0.5092905405405406 0.025 0.048986486486486486
1 0.5275 0.4966216216216216 0.0125 0.02364864864864865
0 0.7675 0.5059121621621622 0.0175 0.03547297297297297
1 0.750625 0.5016891891891891 0.01375 0.02702702702702703
1 0.815625 0.5033783783783784 0.02375 0.04054054054054054
1 0.60875 0.49746621621621623 0.015 0.028716216216216218
0 0.87 0.49915540540540543 0.015 0.028716216216216218
0 0.640625 0.4907094594594595 0.01375 0.02195945945945946
0 0.736875 0.49493243243243246 0.01125 0.02364864864864865
1 0.203125 0.49324324324324326 0.00875 0.02027027027027027
1 0.105 0.49493243243243246 0.0125 0.02364864864864865
