1 0.086181640625 0.6455078125 0.06689453125 0.091796875
1 0.279052734375 0.4534505208333333 0.01708984375 0.025390625
1 0.225341796875 0.5341796875 0.03466796875 0.056640625
1 0.618408203125 0.4856770833333333 0.02294921875 0.040364583333333336
1 0.24169921875 0.4404296875 0.0126953125 0.020182291666666668
1 0.56591796875 0.4514973958333333 0.0146484375 0.026692708333333332
1 0.46826171875 0.4322916666666667 0.0126953125 0.01953125
1 0.17822265625 0.4348958333333333 0.009765625 0.016927083333333332
1 0.031982421875 0.4544270833333333 0.01513671875 0.02734375
1 0.3515625 0.4228515625 0.009765625 0.016276041666666668
1 0.279541015625 0.419921875 0.00830078125 0.015625
1 0.11767578125 0.4228515625 0.0107421875 0.013671875
1 0.224365234375 0.4186197916666667 0.00830078125 0.014322916666666666
1 0.09130859375 0.4381510416666667 0.009765625 0.020833333333333332
