1 0.71826171875 0.5309244791666666 0.0341796875 0.061848958333333336
1 0.775146484375 0.4716796875 0.02099609375 0.041015625
1 0.939453125 0.5406901041666666 0.0390625 0.059244791666666664
1 0.287353515625 0.4967447916666667 0.02880859375 0.045572916666666664
1 0.662109375 0.4632161458333333 0.015625 0.038411458333333336
1 0.716064453125 0.4482421875 0.01708984375 0.033203125
0 0.450927734375 0.4514973958333333 0.01318359375 0.031901041666666664
0 0.509765625 0.4261067708333333 0.0107421875 0.020182291666666668
0 0.49072265625 0.4309895833333333 0.0107421875 0.024739583333333332
1 0.62890625 0.4401041666666667 0.01171875 0.02734375
1 0.6806640625 0.435546875 0.009765625 0.0234375
0 0.747314453125 0.43359375 0.01025390625 0.018229166666666668
0 0.8642578125 0.45703125 0.013671875 0.028645833333333332
0 0.793701171875 0.44140625 0.01123046875 0.022135416666666668
0 0.450439453125 0.4192708333333333 0.01025390625 0.015625
1 0.433349609375 0.416015625 0.01025390625 0.016927083333333332
