2 0.2025 0.884375 0.0975 0.21875
1 0.376875 0.4578125 0.02875 0.096875
1 0.43625 0.36875 0.0175 0.0625
0 0.908125 0.5609375 0.05125 0.153125
0 0.92 0.44375 0.0375 0.10625
1 0.7375 0.4203125 0.0275 0.096875
2 0.4625 0.3359375 0.0125 0.046875
1 0.50125 0.3171875 0.01 0.040625
1 0.6625 0.3578125 0.0175 0.059375
0 0.425625 0.328125 0.01625 0.03125
1 0.683125 0.3078125 0.00875 0.040625
1 0.5675 0.3 0.0075 0.03125
1 0.670625 0.325 0.01125 0.05
1 0.541875 0.2921875 0.00875 0.021875
1 0.61 0.2875 0.0075 0.025
1 0.66 0.2921875 0.0075 0.028125
1 0.6375 0.2875 0.0075 0.03125
