1 0.126171875 0.6145833333333334 0.02734375 0.08472222222222223
1 0.512890625 0.4666666666666667 0.00703125 0.03333333333333333
1 0.282421875 0.5166666666666667 0.01484375 0.04722222222222222
1 0.53984375 0.49583333333333335 0.0171875 0.041666666666666664
1 0.325390625 0.4875 0.00703125 0.030555555555555555
1 0.45703125 0.4597222222222222 0.0078125 0.022222222222222223
1 0.40546875 0.4597222222222222 0.0078125 0.019444444444444445
1 0.3 0.4756944444444444 0.0078125 0.02361111111111111
1 0.328125 0.4777777777777778 0.0078125 0.025
1 0.644140625 0.5652777777777778 0.01796875 0.06666666666666667
