2 0.8174479166666667 0.5162037037037037 0.021354166666666667 0.062037037037037036
2 0.4236979166666667 0.42777777777777776 0.0234375 0.05925925925925926
2 0.7640625 0.4083333333333333 0.0125 0.027777777777777776
2 0.55 0.36527777777777776 0.014583333333333334 0.041666666666666664
2 0.628125 0.3476851851851852 0.010416666666666666 0.019444444444444445
2 0.6953125 0.3453703703703704 0.009375 0.018518518518518517
2 0.6802083333333333 0.3472222222222222 0.009375 0.018518518518518517
2 0.6635416666666667 0.3337962962962963 0.00625 0.012037037037037037
2 0.7713541666666667 0.37222222222222223 0.005208333333333333 0.016666666666666666
2 0.7611979166666667 0.37592592592592594 0.009895833333333333 0.027777777777777776
2 0.7643229166666666 0.39166666666666666 0.0109375 0.024074074074074074
2 0.78984375 0.36898148148148147 0.0078125 0.019444444444444445
