1 0.739013671875 0.5305989583333334 0.03173828125 0.05859375
1 0.416015625 0.44921875 0.0146484375 0.028645833333333332
1 0.599609375 0.4401041666666667 0.0146484375 0.024739583333333332
1 0.793212890625 0.4697265625 0.01806640625 0.033203125
1 0.344482421875 0.505859375 0.03369140625 0.052083333333333336
1 0.57666015625 0.4244791666666667 0.0107421875 0.01953125
1 0.446044921875 0.4235026041666667 0.00927734375 0.017578125
1 0.559814453125 0.4117838541666667 0.00732421875 0.014973958333333334
1 0.55224609375 0.4059244791666667 0.005859375 0.012369791666666666
1 0.459228515625 0.4114583333333333 0.00830078125 0.014322916666666666
1 0.73876953125 0.4339192708333333 0.0126953125 0.021484375
1 0.725341796875 0.4195963541666667 0.01025390625 0.017578125
1 0.46923828125 0.4033203125 0.005859375 0.012369791666666666
1 0.487548828125 0.3961588541666667 0.00537109375 0.009765625
1 0.597412109375 0.416015625 0.00927734375 0.016927083333333332
1 0.5439453125 0.4010416666666667 0.0048828125 0.010416666666666666
1 0.51220703125 0.3929036458333333 0.0048828125 0.008463541666666666
1 0.85205078125 0.43359375 0.009765625 0.016927083333333332
1 0.873046875 0.4348958333333333 0.009765625 0.015625
1 0.7109375 0.4065755208333333 0.005859375 0.011067708333333334
1 0.770263671875 0.4010416666666667 0.00634765625 0.010416666666666666
