1 0.76484375 0.60625 0.028125 0.08472222222222223
1 0.399609375 0.5479166666666667 0.01953125 0.059722222222222225
1 0.740234375 0.4909722222222222 0.01328125 0.04027777777777778
1 0.5609375 0.4666666666666667 0.0125 0.03333333333333333
1 0.762109375 0.4618055555555556 0.00859375 0.02638888888888889
1 0.626953125 0.4444444444444444 0.00859375 0.025
1 0.675390625 0.4361111111111111 0.00859375 0.022222222222222223
1 0.78515625 0.44513888888888886 0.0078125 0.02361111111111111
1 0.775390625 0.43333333333333335 0.00859375 0.025
1 0.73203125 0.4215277777777778 0.0078125 0.015277777777777777
1 0.6828125 0.42986111111111114 0.0078125 0.018055555555555554
1 0.66640625 0.4236111111111111 0.0078125 0.013888888888888888
