1 0.81787109375 0.6256510416666666 0.0546875 0.10286458333333333
1 0.240478515625 0.5179036458333334 0.02978515625 0.054036458333333336
1 0.444091796875 0.4127604166666667 0.01025390625 0.018229166666666668
1 0.47607421875 0.4293619791666667 0.0146484375 0.025390625
1 0.552490234375 0.4690755208333333 0.02587890625 0.038411458333333336
1 0.326171875 0.4231770833333333 0.0107421875 0.020833333333333332
1 0.166259765625 0.4466145833333333 0.01904296875 0.033854166666666664
1 0.339111328125 0.4078776041666667 0.00927734375 0.014973958333333334
1 0.226806640625 0.408203125 0.00732421875 0.014322916666666666
1 0.408447265625 0.3961588541666667 0.00537109375 0.011067708333333334
1 0.39697265625 0.3912760416666667 0.0048828125 0.009114583333333334
1 0.058349609375 0.4225260416666667 0.00830078125 0.015625
1 0.163330078125 0.4069010416666667 0.00537109375 0.01171875
1 0.34521484375 0.3929036458333333 0.0048828125 0.013671875
1 0.095947265625 0.4069010416666667 0.00634765625 0.013020833333333334
1 0.2666015625 0.3961588541666667 0.0048828125 0.008463541666666666
1 0.29345703125 0.3951822916666667 0.0048828125 0.009114583333333334
1 0.30908203125 0.3942057291666667 0.0048828125 0.008463541666666666
1 0.34130859375 0.3984375 0.005859375 0.01171875
1 0.4013671875 0.3922526041666667 0.0048828125 0.009765625
1 0.39208984375 0.390625 0.0048828125 0.0078125
1 0.2783203125 0.3932291666666667 0.0048828125 0.006510416666666667
