0 0.190625 0.7020833333333333 0.0375 0.10416666666666667
0 0.354296875 0.5159722222222223 0.01484375 0.04861111111111111
0 0.64375 0.4979166666666667 0.015625 0.05138888888888889
0 0.7484375 0.6347222222222222 0.0328125 0.10555555555555556
0 0.33828125 0.4847222222222222 0.0109375 0.03888888888888889
0 0.576953125 0.43819444444444444 0.01171875 0.0375
0 0.4890625 0.43333333333333335 0.0125 0.030555555555555555
0 0.263671875 0.4513888888888889 0.01171875 0.027777777777777776
0 0.05390625 0.5291666666666667 0.0140625 0.03888888888888889
0 0.245703125 0.4875 0.01015625 0.03333333333333333
0 0.4046875 0.4354166666666667 0.0078125 0.02361111111111111
0 0.13828125 0.4798611111111111 0.0078125 0.020833333333333332
0 0.01953125 0.5104166666666666 0.0078125 0.020833333333333332
