0 0.263427734375 0.5022786458333334 0.03076171875 0.048828125
0 0.524658203125 0.4241536458333333 0.00927734375 0.017578125
1 0.674072265625 0.4557291666666667 0.01513671875 0.028645833333333332
0 0.461669921875 0.4388020833333333 0.01318359375 0.0234375
1 0.72412109375 0.5087890625 0.0302734375 0.052734375
1 0.666259765625 0.4329427083333333 0.01220703125 0.01953125
2 0.25830078125 0.4267578125 0.0166015625 0.013671875
2 0.4521484375 0.4163411458333333 0.015625 0.011067708333333334
0 0.58203125 0.4169921875 0.0087890625 0.013671875
1 0.6875 0.4231770833333333 0.0078125 0.014322916666666666
1 0.711669921875 0.4212239583333333 0.00634765625 0.013020833333333334
0 0.636474609375 0.4127604166666667 0.00830078125 0.014322916666666666
1 0.814697265625 0.4205729166666667 0.00732421875 0.01171875
1 0.7451171875 0.4189453125 0.0078125 0.012369791666666666
0 0.682861328125 0.4147135416666667 0.00634765625 0.010416666666666666
1 0.9423828125 0.4309895833333333 0.0068359375 0.010416666666666666
