0 0.222900390625 0.5859375 0.03564453125 0.0703125
2 0.34423828125 0.4811197916666667 0.0234375 0.06510416666666667
1 0.751220703125 0.5774739583333334 0.04150390625 0.07682291666666667
2 0.6767578125 0.5013020833333334 0.037109375 0.08072916666666667
2 0.319091796875 0.5032552083333334 0.03271484375 0.07421875
2 0.650146484375 0.4827473958333333 0.03271484375 0.068359375
1 0.5771484375 0.4371744791666667 0.01171875 0.021484375
0 0.396240234375 0.4599609375 0.01513671875 0.027994791666666668
0 0.423828125 0.4375 0.01171875 0.020833333333333332
1 0.60546875 0.458984375 0.0126953125 0.028645833333333332
1 0.5498046875 0.4195963541666667 0.0048828125 0.013671875
0 0.4736328125 0.4150390625 0.0048828125 0.011067708333333334
1 0.563720703125 0.4130859375 0.00634765625 0.011067708333333334
0 0.447998046875 0.4228515625 0.00732421875 0.013671875
