2 0.22109375 0.5449074074074074 0.03802083333333333 0.08796296296296297
2 0.3776041666666667 0.42916666666666664 0.01875 0.049074074074074076
2 0.34739583333333335 0.399537037037037 0.014583333333333334 0.03796296296296296
2 0.25078125 0.39490740740740743 0.0109375 0.030555555555555555
2 0.56484375 0.35185185185185186 0.0109375 0.024074074074074074
2 0.13697916666666668 0.42083333333333334 0.013541666666666667 0.032407407407407406
2 0.11223958333333334 0.39490740740740743 0.008854166666666666 0.019444444444444445
2 0.007291666666666667 0.4305555555555556 0.009375 0.022222222222222223
2 0.26875 0.36018518518518516 0.007291666666666667 0.020370370370370372
2 0.75703125 0.4009259259259259 0.0140625 0.03518518518518519
2 0.9916666666666667 0.475 0.015625 0.05185185185185185
2 0.41848958333333336 0.3425925925925926 0.0078125 0.022222222222222223
