2 0.2872395833333333 0.4513888888888889 0.025520833333333333 0.07314814814814814
2 0.7625 0.5138888888888888 0.030208333333333334 0.08333333333333333
2 0.44557291666666665 0.3851851851851852 0.025520833333333333 0.05555555555555555
2 0.56875 0.37453703703703706 0.019791666666666666 0.041666666666666664
2 0.7268229166666667 0.37592592592592594 0.011979166666666667 0.027777777777777776
2 0.378125 0.3282407407407407 0.011458333333333333 0.026851851851851852
2 0.5932291666666667 0.33564814814814814 0.010416666666666666 0.025
2 0.4296875 0.31157407407407406 0.011458333333333333 0.025
2 0.89921875 0.41388888888888886 0.009895833333333333 0.02962962962962963
2 0.79609375 0.38564814814814813 0.013020833333333334 0.03425925925925926
2 0.9705729166666667 0.4648148148148148 0.013020833333333334 0.03518518518518519
2 0.28671875 0.32083333333333336 0.009895833333333333 0.021296296296296296
2 0.36276041666666664 0.30648148148148147 0.0109375 0.018518518518518517
2 0.20598958333333334 0.31342592592592594 0.0078125 0.019444444444444445
