1 0.086875 0.778125 0.09125 0.3
1 0.266875 0.5078125 0.05375 0.196875
1 0.79125 0.6375 0.0675 0.25
1 0.920625 0.396875 0.05125 0.16875
1 0.75375 0.35625 0.04 0.1375
0 0.284375 0.36875 0.04125 0.15
1 0.473125 0.315625 0.03375 0.11875
0 0.520625 0.278125 0.02875 0.1
0 0.726875 0.246875 0.02875 0.0875
1 0.65625 0.2046875 0.0225 0.071875
0 0.54875 0.221875 0.025 0.08125
0 0.6925 0.1890625 0.02 0.071875
1 0.850625 0.278125 0.03375 0.1125
0 0.444375 0.2328125 0.02125 0.084375
1 0.759375 0.265625 0.02875 0.09375
1 0.81 0.153125 0.0275 0.1
1 0.64125 0.1265625 0.02 0.065625
0 0.75 0.1578125 0.015 0.046875
1 0.720625 0.159375 0.01375 0.05625
0 0.738125 0.1359375 0.01125 0.046875
0 0.849375 0.065625 0.04125 0.06875
0 0.7675 0.1203125 0.0125 0.040625
0 0.696875 0.0296875 0.01375 0.059375
1 0.849375 0.184375 0.01625 0.05625
