0 0.2958984375 0.5143229166666666 0.02734375 0.053385416666666664
2 0.4111328125 0.4303385416666667 0.01171875 0.03125
1 0.67919921875 0.5026041666666666 0.0302734375 0.052083333333333336
1 0.566162109375 0.4404296875 0.01220703125 0.022786458333333332
0 0.40087890625 0.443359375 0.0107421875 0.020833333333333332
2 0.5556640625 0.4283854166666667 0.0107421875 0.029947916666666668
1 0.53759765625 0.4225260416666667 0.0078125 0.015625
0 0.431884765625 0.4176432291666667 0.00537109375 0.012369791666666666
0 0.44091796875 0.4111328125 0.0048828125 0.011067708333333334
0 0.425537109375 0.4244791666666667 0.00732421875 0.015625
2 0.548828125 0.4248046875 0.0087890625 0.026692708333333332
1 0.527587890625 0.4156901041666667 0.00732421875 0.012369791666666666
0 0.455322265625 0.4069010416666667 0.00537109375 0.009114583333333334
1 0.512451171875 0.4085286458333333 0.00634765625 0.009765625
1 0.525390625 0.4059244791666667 0.0048828125 0.008463541666666666
1 0.501953125 0.4013671875 0.0048828125 0.007161458333333333
0 0.470703125 0.404296875 0.0048828125 0.006510416666666667
1 0.51513671875 0.4026692708333333 0.0048828125 0.007161458333333333
0 0.4658203125 0.4029947916666667 0.0048828125 0.006510416666666667
