2 0.6416015625 0.5104166666666666 0.01953125 0.036458333333333336
1 0.77978515625 0.6015625 0.0458984375 0.08333333333333333
0 0.07861328125 0.6647135416666666 0.0634765625 0.09244791666666667
0 0.32080078125 0.5201822916666666 0.0205078125 0.040364583333333336
0 0.39453125 0.4850260416666667 0.01171875 0.02734375
0 0.421875 0.4733072916666667 0.009765625 0.01953125
1 0.58203125 0.4778645833333333 0.009765625 0.0234375
1 0.556640625 0.4700520833333333 0.0078125 0.018229166666666668
1 0.505859375 0.4544270833333333 0.005859375 0.013020833333333334
1 0.5146484375 0.4557291666666667 0.005859375 0.013020833333333334
1 0.5439453125 0.4635416666666667 0.005859375 0.015625
0 0.44140625 0.4680989583333333 0.005859375 0.014322916666666666
0 0.447265625 0.462890625 0.005859375 0.01171875
1 0.529296875 0.4596354166666667 0.0078125 0.013020833333333334
0 0.439453125 0.4596354166666667 0.005859375 0.010416666666666666
0 0.427734375 0.4544270833333333 0.005859375 0.0078125
1 0.494140625 0.451171875 0.005859375 0.01171875
