1 0.782470703125 0.5774739583333334 0.04150390625 0.07421875
0 0.258544921875 0.5768229166666666 0.04443359375 0.07291666666666667
1 0.634033203125 0.4811197916666667 0.02197265625 0.040364583333333336
1 0.595947265625 0.4560546875 0.01611328125 0.030598958333333332
0 0.3662109375 0.4954427083333333 0.029296875 0.033854166666666664
0 0.42041015625 0.4576822916666667 0.0166015625 0.029947916666666668
0 0.455810546875 0.4332682291666667 0.01220703125 0.021484375
0 0.443359375 0.443359375 0.0126953125 0.02734375
1 0.568603515625 0.4446614583333333 0.01220703125 0.01953125
1 0.555419921875 0.4339192708333333 0.00830078125 0.018880208333333332
