1 0.61474609375 0.4547526041666667 0.0146484375 0.029296875
1 0.702880859375 0.5123697916666666 0.02880859375 0.055989583333333336
0 0.27197265625 0.5582682291666666 0.044921875 0.06705729166666667
0 0.425048828125 0.4407552083333333 0.01025390625 0.026041666666666668
0 0.379150390625 0.47265625 0.02294921875 0.040364583333333336
1 0.5537109375 0.41796875 0.0078125 0.016927083333333332
0 0.456787109375 0.4169921875 0.00830078125 0.013671875
1 0.572509765625 0.4300130208333333 0.01025390625 0.020182291666666668
0 0.44482421875 0.4280598958333333 0.0107421875 0.018880208333333332
0 0.465576171875 0.4095052083333333 0.00830078125 0.014322916666666666
1 0.5380859375 0.404296875 0.0048828125 0.010416666666666666
1 0.54248046875 0.4098307291666667 0.0068359375 0.012369791666666666
1 0.53369140625 0.4000651041666667 0.0048828125 0.009765625
2 0.4775390625 0.3961588541666667 0.0048828125 0.012369791666666666
2 0.529296875 0.3955078125 0.0048828125 0.012369791666666666
0 0.47265625 0.4049479166666667 0.0048828125 0.006510416666666667
