0 0.531875 0.3421875 0.01625 0.053125
1 0.926875 0.51875 0.04375 0.13125
0 0.680625 0.3859375 0.02125 0.071875
1 0.121875 0.43125 0.02875 0.08125
0 0.1775 0.3671875 0.02 0.059375
1 0.664375 0.3265625 0.01375 0.053125
0 0.44125 0.33125 0.0125 0.04375
1 0.4125 0.3078125 0.01 0.040625
1 0.3925 0.3109375 0.01 0.040625
0 0.233125 0.3375 0.01375 0.04375
0 0.5675 0.296875 0.0125 0.0375
0 0.618125 0.309375 0.01125 0.04375
1 0.526875 0.290625 0.01125 0.0375
0 0.1975 0.315625 0.01 0.03125
1 0.368125 0.3046875 0.00875 0.034375
1 0.359375 0.3015625 0.01125 0.028125
1 0.489375 0.28125 0.00875 0.03125
0 0.145625 0.3203125 0.00875 0.028125
0 0.07 0.3375 0.01 0.0375
0 0.035625 0.359375 0.01125 0.0375
1 0.015 0.375 0.0125 0.04375
1 0.275 0.2953125 0.0075 0.028125
