1 0.14375 0.543918918918919 0.105 0.14864864864864866
1 0.31 0.512668918918919 0.05 0.08952702702702703
1 0.44375 0.5008445945945946 0.0375 0.06925675675675676
0 0.8775 0.5304054054054054 0.075 0.11486486486486487
1 0.671875 0.49493243243243246 0.02875 0.05067567567567568
0 0.971875 0.5033783783783784 0.03875 0.06756756756756757
0 0.831875 0.5067567567567568 0.04375 0.0777027027027027
1 0.54875 0.49746621621621623 0.035 0.05912162162162162
1 0.583125 0.48057432432432434 0.01375 0.02195945945945946
1 0.716875 0.4839527027027027 0.01125 0.02195945945945946
0 0.630625 0.4822635135135135 0.00875 0.018581081081081082
1 0.518125 0.4797297297297297 0.01125 0.02027027027027027
1 0.948125 0.49408783783783783 0.02375 0.04222972972972973
1 0.651875 0.4831081081081081 0.01125 0.02027027027027027
1 0.80375 0.48817567567567566 0.0125 0.02364864864864865
1 0.82125 0.49324324324324326 0.015 0.04391891891891892
0 0.919375 0.49239864864864863 0.00875 0.015202702702702704
0 0.57 0.4822635135135135 0.0075 0.015202702702702704
0 0.686875 0.4847972972972973 0.00875 0.016891891891891893
1 0.22875 0.4721283783783784 0.01 0.018581081081081082
1 0.3775 0.47550675675675674 0.0075 0.018581081081081082
1 0.019375 0.4670608108108108 0.01125 0.018581081081081082
0 0.735 0.4873310810810811 0.0075 0.015202702702702704
1 0.256875 0.47381756756756754 0.00875 0.015202702702702704
