0 0.37890625 0.4957682291666667 0.025390625 0.047526041666666664
1 0.884033203125 0.5729166666666666 0.04052734375 0.07682291666666667
0 0.500244140625 0.4466145833333333 0.01513671875 0.028645833333333332
1 0.732177734375 0.4690755208333333 0.01904296875 0.031901041666666664
1 0.7607421875 0.4423828125 0.01171875 0.022786458333333332
0 0.591796875 0.42578125 0.0107421875 0.01953125
1 0.80322265625 0.4352213541666667 0.009765625 0.017578125
2 0.345703125 0.4248046875 0.0126953125 0.026692708333333332
0 0.678466796875 0.4202473958333333 0.00830078125 0.013671875
1 0.940673828125 0.44140625 0.00732421875 0.013020833333333334
1 0.8701171875 0.4381510416666667 0.0068359375 0.014322916666666666
1 0.896484375 0.4274088541666667 0.0048828125 0.009765625
2 0.371337890625 0.4280598958333333 0.01904296875 0.017578125
1 0.964111328125 0.4381510416666667 0.00634765625 0.01171875
0 0.75244140625 0.4228515625 0.005859375 0.012369791666666666
0 0.8154296875 0.4261067708333333 0.0048828125 0.012369791666666666
1 0.86083984375 0.4225260416666667 0.0048828125 0.009114583333333334
1 0.956787109375 0.4401041666666667 0.00634765625 0.01171875
0 0.83837890625 0.4261067708333333 0.0048828125 0.009765625
