2 0.275 0.7138888888888889 0.05 0.125
0 0.349609375 0.5909722222222222 0.02734375 0.07916666666666666
0 0.38515625 0.5166666666666667 0.0203125 0.05
0 0.398828125 0.48055555555555557 0.01328125 0.03333333333333333
2 0.820703125 0.5819444444444445 0.03671875 0.10555555555555556
0 0.684375 0.5131944444444444 0.025 0.06527777777777778
0 0.64375 0.47152777777777777 0.0171875 0.043055555555555555
2 0.493359375 0.46319444444444446 0.01328125 0.0375
2 0.687890625 0.43472222222222223 0.01328125 0.03611111111111111
0 0.9921875 0.44513888888888886 0.0140625 0.03194444444444444
0 0.439453125 0.4131944444444444 0.00703125 0.015277777777777777
0 0.478125 0.4083333333333333 0.0078125 0.013888888888888888
0 0.593359375 0.3888888888888889 0.00703125 0.013888888888888888
0 0.5421875 0.39652777777777776 0.0078125 0.015277777777777777
0 0.296484375 0.44166666666666665 0.00703125 0.019444444444444445
0 0.069140625 0.6006944444444444 0.01328125 0.05416666666666667
