1 0.65703125 0.46597222222222223 0.0171875 0.05138888888888889
0 0.196484375 0.59375 0.02890625 0.08194444444444444
1 0.8640625 0.6173611111111111 0.0515625 0.11527777777777778
1 0.221875 0.5951388888888889 0.0296875 0.0763888888888889
0 0.17421875 0.5243055555555556 0.01875 0.05138888888888889
0 0.218359375 0.4965277777777778 0.01640625 0.0375
0 0.152734375 0.5625 0.02109375 0.058333333333333334
0 0.471875 0.42916666666666664 0.0078125 0.019444444444444445
0 0.25390625 0.4847222222222222 0.0140625 0.03333333333333333
0 0.321875 0.4513888888888889 0.0078125 0.022222222222222223
1 0.4796875 0.42916666666666664 0.0078125 0.022222222222222223
0 0.43515625 0.4131944444444444 0.0078125 0.015277777777777777
1 0.6109375 0.4236111111111111 0.0078125 0.025
