1 0.614013671875 0.5022786458333334 0.02587890625 0.044921875
1 0.572265625 0.4615885416666667 0.0146484375 0.02734375
1 0.39111328125 0.4658203125 0.015625 0.029296875
1 0.100341796875 0.505859375 0.02587890625 0.040364583333333336
1 0.46630859375 0.4290364583333333 0.0087890625 0.016927083333333332
1 0.43115234375 0.4449869791666667 0.01171875 0.020182291666666668
1 0.175537109375 0.4576822916666667 0.01318359375 0.022135416666666668
1 0.16552734375 0.4375 0.0068359375 0.01171875
1 0.36767578125 0.4222005208333333 0.0068359375 0.012369791666666666
1 0.54248046875 0.4280598958333333 0.0068359375 0.014973958333333334
1 0.334716796875 0.4397786458333333 0.01318359375 0.020182291666666668
1 0.333740234375 0.4163411458333333 0.00634765625 0.012369791666666666
1 0.20654296875 0.4222005208333333 0.0078125 0.012369791666666666
1 0.534423828125 0.4208984375 0.00830078125 0.013671875
1 0.479736328125 0.4059244791666667 0.00537109375 0.009765625
1 0.04052734375 0.4488932291666667 0.009765625 0.014973958333333334
1 0.1943359375 0.4166666666666667 0.0048828125 0.009114583333333334
1 0.47705078125 0.4127604166666667 0.0048828125 0.009114583333333334
1 0.258544921875 0.4244791666666667 0.00634765625 0.01171875
