2 0.06982421875 0.6985677083333334 0.1064453125 0.19661458333333334
2 0.84814453125 0.65625 0.1005859375 0.18229166666666666
0 0.32763671875 0.5546875 0.0283203125 0.0546875
1 0.64208984375 0.5032552083333334 0.0205078125 0.037760416666666664
0 0.4228515625 0.4759114583333333 0.01171875 0.022135416666666668
1 0.5771484375 0.470703125 0.01171875 0.022135416666666668
1 0.51171875 0.458984375 0.0078125 0.016927083333333332
0 0.44384765625 0.4557291666666667 0.0068359375 0.015625
1 0.40087890625 0.4544270833333333 0.0068359375 0.013020833333333334
0 0.3310546875 0.4557291666666667 0.005859375 0.013020833333333334
0 0.3857421875 0.46484375 0.009765625 0.015625
0 0.3154296875 0.4615885416666667 0.0078125 0.01171875
0 0.3505859375 0.4609375 0.005859375 0.013020833333333334
0 0.28125 0.4609375 0.005859375 0.013020833333333334
