1 0.22421875 0.37916666666666665 0.0296875 0.075
1 0.701953125 0.5722222222222222 0.04140625 0.10555555555555556
1 0.70859375 0.42430555555555555 0.0171875 0.04861111111111111
1 0.49765625 0.3284722222222222 0.0125 0.034722222222222224
1 0.7703125 0.4166666666666667 0.0109375 0.03333333333333333
1 0.865625 0.44375 0.0078125 0.02638888888888889
1 0.63984375 0.3472222222222222 0.0140625 0.03888888888888889
1 0.78828125 0.39375 0.0078125 0.018055555555555554
1 0.92890625 0.4583333333333333 0.0078125 0.016666666666666666
1 0.93359375 0.47708333333333336 0.0078125 0.015277777777777777
