1 0.695703125 0.5368055555555555 0.02578125 0.07916666666666666
1 0.240234375 0.5756944444444444 0.03046875 0.07361111111111111
1 0.489453125 0.42291666666666666 0.01015625 0.03194444444444444
1 0.69140625 0.42291666666666666 0.0125 0.03194444444444444
1 0.5265625 0.3861111111111111 0.0078125 0.019444444444444445
1 0.85546875 0.40694444444444444 0.009375 0.025
1 0.65234375 0.3798611111111111 0.0078125 0.020833333333333332
1 0.60546875 0.3645833333333333 0.0078125 0.015277777777777777
1 0.4875 0.375 0.0078125 0.016666666666666666
1 0.922265625 0.4215277777777778 0.01015625 0.02361111111111111
1 0.428125 0.3770833333333333 0.0078125 0.018055555555555554
