2 0.11432291666666666 0.5666666666666667 0.0421875 0.09259259259259259
2 0.6984375 0.5810185185185185 0.034375 0.10648148148148148
2 0.6731770833333334 0.425462962962963 0.0203125 0.05462962962962963
2 0.4046875 0.40879629629629627 0.01875 0.05277777777777778
2 0.4552083333333333 0.38425925925925924 0.014583333333333334 0.03888888888888889
2 0.6763020833333333 0.3726851851851852 0.0140625 0.03425925925925926
2 0.4109375 0.3490740740740741 0.013541666666666667 0.03333333333333333
2 0.48671875 0.31574074074074077 0.005729166666666666 0.014814814814814815
2 0.5854166666666667 0.33935185185185185 0.007291666666666667 0.021296296296296296
2 0.5739583333333333 0.3074074074074074 0.005208333333333333 0.009259259259259259
