1 0.730859375 0.5152777777777777 0.02890625 0.08055555555555556
1 0.662109375 0.41944444444444445 0.01796875 0.05277777777777778
1 0.2515625 0.43819444444444444 0.0265625 0.0763888888888889
0 0.401171875 0.3236111111111111 0.01171875 0.030555555555555555
0 0.377734375 0.3486111111111111 0.01328125 0.03888888888888889
1 0.73671875 0.375 0.0078125 0.027777777777777776
1 0.765625 0.3638888888888889 0.0078125 0.019444444444444445
0 0.490625 0.3138888888888889 0.0078125 0.022222222222222223
1 0.78671875 0.3590277777777778 0.0078125 0.018055555555555554
1 0.65859375 0.3326388888888889 0.0078125 0.018055555555555554
0 0.5828125 0.31527777777777777 0.0078125 0.016666666666666666
1 0.980078125 0.875 0.03515625 0.14166666666666666
