1 0.734619140625 0.5201822916666666 0.03369140625 0.04296875
1 0.81884765625 0.482421875 0.0224609375 0.040364583333333336
1 0.645263671875 0.4521484375 0.01611328125 0.031901041666666664
1 0.585693359375 0.4169921875 0.01220703125 0.029296875
0 0.4140625 0.4560546875 0.017578125 0.031901041666666664
0 0.4482421875 0.4309895833333333 0.01171875 0.014322916666666666
1 0.608154296875 0.431640625 0.01220703125 0.0234375
1 0.70361328125 0.4371744791666667 0.0107421875 0.022786458333333332
0 0.87939453125 0.4498697916666667 0.0205078125 0.020833333333333332
0 0.344482421875 0.5234375 0.03369140625 0.0625
0 0.460693359375 0.4134114583333333 0.00537109375 0.014322916666666666
0 0.458251953125 0.4192708333333333 0.00830078125 0.016927083333333332
0 0.75439453125 0.4195963541666667 0.005859375 0.013671875
0 0.78076171875 0.4274088541666667 0.0107421875 0.018880208333333332
0 0.6875 0.4117838541666667 0.005859375 0.011067708333333334
1 0.631591796875 0.4147135416666667 0.00732421875 0.014322916666666666
0 0.548583984375 0.4055989583333333 0.00634765625 0.010416666666666666
1 0.57275390625 0.4150390625 0.0078125 0.012369791666666666
