0 0.270751953125 0.6259765625 0.05224609375 0.095703125
0 0.381103515625 0.4674479166666667 0.02099609375 0.036458333333333336
0 0.42626953125 0.4342447916666667 0.01171875 0.01953125
1 0.600341796875 0.4388020833333333 0.01123046875 0.022135416666666668
1 0.7216796875 0.5055338541666666 0.0283203125 0.051432291666666664
1 0.584716796875 0.4166666666666667 0.00927734375 0.016927083333333332
0 0.46240234375 0.41796875 0.0087890625 0.015625
0 0.520263671875 0.4055989583333333 0.00537109375 0.010416666666666666
0 0.480224609375 0.4095052083333333 0.00634765625 0.01171875
1 0.626220703125 0.4091796875 0.00634765625 0.011067708333333334
1 0.644287109375 0.4039713541666667 0.00537109375 0.009765625
