1 0.15125 0.7078125 0.0575 0.209375
0 0.06 0.6078125 0.04 0.165625
1 0.059375 0.8765625 0.07625 0.240625
0 0.225625 0.471875 0.03375 0.10625
1 0.451875 0.515625 0.04375 0.15
0 0.596875 0.5703125 0.04125 0.153125
0 0.13125 0.44375 0.025 0.1
0 0.663125 0.7 0.05125 0.21875
1 0.338125 0.4984375 0.03375 0.103125
2 0.683125 0.3828125 0.03375 0.140625
1 0.669375 0.53125 0.03625 0.13125
1 0.48625 0.384375 0.0325 0.05625
1 0.57375 0.38125 0.03 0.1
1 0.845 0.4625 0.0525 0.2
0 0.53625 0.496875 0.0425 0.0875
1 0.8 0.428125 0.04 0.18125
0 0.745 0.4203125 0.04 0.159375
0 0.02375 0.4359375 0.025 0.096875
