1 0.6546875 0.5013888888888889 0.0171875 0.05
1 0.368359375 0.5270833333333333 0.01796875 0.04583333333333333
1 0.56015625 0.4479166666666667 0.0078125 0.02638888888888889
1 0.42265625 0.4618055555555556 0.0078125 0.020833333333333332
1 0.89921875 0.45 0.0125 0.030555555555555555
1 0.971875 0.42986111111111114 0.0078125 0.018055555555555554
1 0.515625 0.44027777777777777 0.0078125 0.013888888888888888
1 0.87734375 0.425 0.0078125 0.013888888888888888
1 0.82734375 0.4173611111111111 0.0078125 0.015277777777777777
1 0.40703125 0.4527777777777778 0.0078125 0.013888888888888888
1 0.39140625 0.4527777777777778 0.0078125 0.013888888888888888
1 0.48984375 0.4361111111111111 0.0078125 0.013888888888888888
1 0.0234375 0.9368055555555556 0.046875 0.12361111111111112
1 0.5234375 0.4305555555555556 0.0078125 0.013888888888888888
