2 0.86640625 0.5449074074074074 0.0359375 0.09166666666666666
2 0.37005208333333334 0.42962962962962964 0.022395833333333334 0.06111111111111111
2 0.36484375 0.4671296296296296 0.0265625 0.0712962962962963
2 0.5911458333333334 0.3537037037037037 0.017708333333333333 0.020370370370370372
2 0.56328125 0.34629629629629627 0.009895833333333333 0.027777777777777776
2 0.6372395833333333 0.3611111111111111 0.018229166666666668 0.022222222222222223
2 0.6763020833333333 0.3638888888888889 0.019270833333333334 0.022222222222222223
2 0.48541666666666666 0.3194444444444444 0.00625 0.022222222222222223
2 0.5528645833333333 0.3143518518518518 0.0067708333333333336 0.019444444444444445
2 0.4265625 0.3365740740740741 0.009375 0.026851851851851852
2 0.6708333333333333 0.32731481481481484 0.00625 0.017592592592592594
2 0.5611979166666666 0.31342592592592594 0.005729166666666666 0.01574074074074074
