0 0.63625 0.5546875 0.0475 0.159375
1 0.34625 0.55 0.05 0.19375
0 0.5475 0.390625 0.025 0.0875
0 0.48125 0.325 0.015 0.0625
2 0.92875 0.5 0.0675 0.11875
0 0.835 0.3890625 0.0425 0.103125
1 0.409375 0.409375 0.02375 0.1
0 0.419375 0.2984375 0.01125 0.053125
0 0.381875 0.284375 0.00875 0.04375
1 0.368125 0.359375 0.02125 0.075
0 0.850625 0.2421875 0.01375 0.053125
2 0.948125 0.2453125 0.01625 0.040625
1 0.79 0.225 0.0125 0.04375
1 0.730625 0.228125 0.01125 0.0375
1 0.293125 0.2703125 0.01125 0.046875
