1 0.056640625 0.9006944444444445 0.07265625 0.19305555555555556
1 0.365625 0.5722222222222222 0.021875 0.058333333333333334
1 0.30078125 0.5472222222222223 0.0125 0.041666666666666664
1 0.26796875 0.5319444444444444 0.0109375 0.03333333333333333
1 0.44453125 0.4847222222222222 0.009375 0.025
1 0.687890625 0.5125 0.01953125 0.058333333333333334
1 0.55703125 0.4527777777777778 0.0078125 0.019444444444444445
1 0.305859375 0.5048611111111111 0.00703125 0.02361111111111111
1 0.609765625 0.47847222222222224 0.01015625 0.04027777777777778
1 0.3640625 0.4826388888888889 0.0078125 0.018055555555555554
1 0.575390625 0.46319444444444446 0.00859375 0.029166666666666667
1 0.5390625 0.44583333333333336 0.0078125 0.013888888888888888
1 0.46640625 0.45694444444444443 0.00625 0.013888888888888888
1 0.39296875 0.4701388888888889 0.0078125 0.0125
