2 0.846875 0.6134259259259259 0.0375 0.09166666666666666
2 0.72734375 0.4671296296296296 0.0234375 0.06018518518518518
2 0.4903645833333333 0.37222222222222223 0.015104166666666667 0.03333333333333333
2 0.3421875 0.4476851851851852 0.027083333333333334 0.06759259259259259
2 0.6901041666666666 0.39814814814814814 0.013541666666666667 0.040740740740740744
2 0.5158854166666667 0.3574074074074074 0.013020833333333334 0.03148148148148148
2 0.6807291666666667 0.3648148148148148 0.010416666666666666 0.02962962962962963
2 0.45338541666666665 0.33101851851851855 0.0109375 0.026851851851851852
2 0.5984375 0.33425925925925926 0.010416666666666666 0.020370370370370372
2 0.40520833333333334 0.3087962962962963 0.005208333333333333 0.013888888888888888
2 0.4635416666666667 0.3 0.005208333333333333 0.012962962962962963
2 0.4979166666666667 0.30833333333333335 0.005208333333333333 0.016666666666666666
