1 0.228515625 0.7909722222222222 0.06171875 0.1375
1 0.3546875 0.5520833333333334 0.0203125 0.04861111111111111
1 0.287109375 0.5319444444444444 0.01484375 0.03888888888888889
1 0.619140625 0.5034722222222222 0.02109375 0.04583333333333333
1 0.555078125 0.46944444444444444 0.01328125 0.030555555555555555
1 0.247265625 0.5152777777777777 0.01171875 0.027777777777777776
1 0.97734375 0.7430555555555556 0.0375 0.1527777777777778
2 0.402734375 0.4673611111111111 0.00859375 0.02361111111111111
1 0.2734375 0.4888888888888889 0.0078125 0.022222222222222223
1 0.32265625 0.4638888888888889 0.00625 0.016666666666666666
1 0.522265625 0.44930555555555557 0.01015625 0.02361111111111111
