0 0.235107421875 0.5169270833333334 0.03564453125 0.05859375
1 0.743896484375 0.5950520833333334 0.04541015625 0.08723958333333333
1 0.82373046875 0.4947916666666667 0.0244140625 0.04296875
0 0.501708984375 0.4560546875 0.01904296875 0.033203125
0 0.585205078125 0.4401041666666667 0.01416015625 0.02734375
0 0.647705078125 0.4348958333333333 0.01318359375 0.0234375
1 0.94384765625 0.4651692708333333 0.017578125 0.027994791666666668
0 0.888916015625 0.4280598958333333 0.00927734375 0.016276041666666668
0 0.745361328125 0.4270833333333333 0.00927734375 0.016927083333333332
1 0.9951171875 0.4521484375 0.009765625 0.020182291666666668
0 0.81884765625 0.4248046875 0.0126953125 0.017578125
0 0.923095703125 0.4261067708333333 0.00830078125 0.016276041666666668
