2 0.14453125 0.7847222222222222 0.06614583333333333 0.175
2 0.23880208333333333 0.5314814814814814 0.03802083333333333 0.08703703703703704
2 0.590625 0.3902777777777778 0.017708333333333333 0.041666666666666664
2 0.39895833333333336 0.3458333333333333 0.0125 0.030555555555555555
2 0.23671875 0.38981481481481484 0.0171875 0.03888888888888889
2 0.19036458333333334 0.35694444444444445 0.0109375 0.030555555555555555
2 0.30885416666666665 0.32175925925925924 0.008333333333333333 0.021296296296296296
2 0.21484375 0.32083333333333336 0.0067708333333333336 0.019444444444444445
2 0.10338541666666666 0.34814814814814815 0.0078125 0.022222222222222223
2 0.043229166666666666 0.3287037037037037 0.005208333333333333 0.011111111111111112
2 0.058333333333333334 0.34444444444444444 0.005208333333333333 0.016666666666666666
2 0.1421875 0.32083333333333336 0.005208333333333333 0.012037037037037037
2 0.017708333333333333 0.3421296296296296 0.007291666666666667 0.01574074074074074
