2 0.3997395833333333 0.48333333333333334 0.0265625 0.07592592592592592
2 0.9145833333333333 0.5671296296296297 0.03854166666666667 0.08425925925925926
2 0.6190104166666667 0.3680555555555556 0.0203125 0.017592592592592594
2 0.6651041666666667 0.37592592592592594 0.019791666666666666 0.022222222222222223
2 0.40286458333333336 0.44351851851851853 0.024479166666666666 0.05925925925925926
2 0.7044270833333334 0.37916666666666665 0.018229166666666668 0.023148148148148147
2 0.5908854166666667 0.3578703703703704 0.0109375 0.032407407407407406
2 0.4505208333333333 0.3453703703703704 0.010416666666666666 0.02962962962962963
2 0.5091145833333334 0.3300925925925926 0.0078125 0.025
2 0.5994791666666667 0.31574074074074077 0.005208333333333333 0.011111111111111112
