0 0.30078125 0.5904947916666666 0.0439453125 0.08463541666666667
1 0.936279296875 0.6158854166666666 0.05615234375 0.09505208333333333
1 0.677001953125 0.4557291666666667 0.01611328125 0.029947916666666668
1 0.46484375 0.4235026041666667 0.009765625 0.017578125
1 0.623046875 0.4290364583333333 0.009765625 0.018229166666666668
1 0.615478515625 0.4215494791666667 0.00830078125 0.014973958333333334
0 0.43603515625 0.4580078125 0.0166015625 0.034505208333333336
1 0.629150390625 0.4163411458333333 0.00732421875 0.013671875
0 0.529541015625 0.4108072916666667 0.00634765625 0.01171875
0 0.478271484375 0.4163411458333333 0.00634765625 0.013671875
1 0.65380859375 0.4098307291666667 0.005859375 0.011067708333333334
1 0.6728515625 0.4059244791666667 0.0068359375 0.011067708333333334
0 0.6328125 0.3984375 0.0048828125 0.006510416666666667
0 0.68505859375 0.396484375 0.0048828125 0.006510416666666667
0 0.58544921875 0.4039713541666667 0.0048828125 0.009765625
