1 0.7431640625 0.5328776041666666 0.0400390625 0.06315104166666667
0 0.34912109375 0.5367838541666666 0.037109375 0.06315104166666667
0 0.43115234375 0.4541015625 0.0185546875 0.030598958333333332
1 0.6357421875 0.4508463541666667 0.017578125 0.030598958333333332
1 0.5947265625 0.4251302083333333 0.0107421875 0.01953125
0 0.622314453125 0.4065755208333333 0.00634765625 0.013671875
0 0.57763671875 0.4114583333333333 0.0087890625 0.015625
0 0.85791015625 0.4791666666666667 0.0224609375 0.037760416666666664
0 0.728515625 0.4449869791666667 0.015625 0.027994791666666668
0 0.567138671875 0.4052734375 0.00732421875 0.013671875
0 0.6533203125 0.4186197916666667 0.009765625 0.020833333333333332
1 0.775634765625 0.4195963541666667 0.00830078125 0.018880208333333332
0 0.725341796875 0.4085286458333333 0.00732421875 0.016276041666666668
0 0.6904296875 0.40234375 0.005859375 0.013020833333333334
0 0.683349609375 0.4020182291666667 0.00537109375 0.013671875
0 0.44677734375 0.4287109375 0.01171875 0.021484375
1 0.6025390625 0.4016927083333333 0.005859375 0.01171875
0 0.86669921875 0.4378255208333333 0.013671875 0.024088541666666668
0 0.45947265625 0.4153645833333333 0.009765625 0.016927083333333332
0 0.469482421875 0.4069010416666667 0.00830078125 0.014322916666666666
0 0.472900390625 0.4010416666666667 0.00634765625 0.013020833333333334
