2 0.30182291666666666 0.4976851851851852 0.03177083333333333 0.0787037037037037
2 0.2721354166666667 0.44305555555555554 0.0203125 0.05648148148148148
2 0.32395833333333335 0.5962962962962963 0.05 0.12222222222222222
2 0.19635416666666666 0.3907407407407407 0.013541666666666667 0.03333333333333333
2 0.9364583333333333 0.5763888888888888 0.03333333333333333 0.08981481481481482
2 0.4609375 0.35694444444444445 0.0125 0.030555555555555555
2 0.30911458333333336 0.35185185185185186 0.008854166666666666 0.024074074074074074
2 0.7018229166666666 0.4375 0.0234375 0.05092592592592592
2 0.12786458333333334 0.38101851851851853 0.008854166666666666 0.026851851851851852
2 0.019010416666666665 0.3912037037037037 0.0067708333333333336 0.019444444444444445
2 0.21640625 0.34444444444444444 0.0067708333333333336 0.020370370370370372
2 0.11979166666666667 0.35462962962962963 0.007291666666666667 0.018518518518518517
2 0.13229166666666667 0.9291666666666667 0.08854166666666667 0.13796296296296295
2 0.98203125 0.4064814814814815 0.011979166666666667 0.03148148148148148
