1 0.8390625 0.5479166666666667 0.0328125 0.0875
1 0.367578125 0.5472222222222223 0.03359375 0.08888888888888889
1 0.50625 0.3784722222222222 0.0078125 0.018055555555555554
1 0.55703125 0.36666666666666664 0.0078125 0.016666666666666666
1 0.6625 0.40208333333333335 0.0109375 0.029166666666666667
1 0.4796875 0.40208333333333335 0.009375 0.02638888888888889
1 0.63203125 0.3770833333333333 0.0078125 0.02361111111111111
1 0.6921875 0.36666666666666664 0.0078125 0.016666666666666666
1 0.66953125 0.3597222222222222 0.0078125 0.013888888888888888
1 0.61875 0.3625 0.0078125 0.013888888888888888
1 0.6484375 0.3701388888888889 0.0078125 0.018055555555555554
1 0.73671875 0.36666666666666664 0.0078125 0.013888888888888888
1 0.8265625 0.36041666666666666 0.0078125 0.015277777777777777
1 0.78125 0.36527777777777776 0.0078125 0.013888888888888888
