0 0.127685546875 0.6370442708333334 0.06591796875 0.095703125
1 0.781005859375 0.4912109375 0.02392578125 0.042317708333333336
0 0.27197265625 0.5048828125 0.0234375 0.050130208333333336
0 0.191162109375 0.4807942708333333 0.02001953125 0.035807291666666664
1 0.616455078125 0.4563802083333333 0.01806640625 0.03125
1 0.484619140625 0.44140625 0.01513671875 0.026041666666666668
1 0.282958984375 0.4397786458333333 0.01123046875 0.021484375
1 0.17138671875 0.4417317708333333 0.0107421875 0.020182291666666668
1 0.39013671875 0.4361979166666667 0.01171875 0.024739583333333332
0 0.05810546875 0.474609375 0.017578125 0.029947916666666668
1 0.200439453125 0.427734375 0.01123046875 0.01953125
1 0.136962890625 0.4410807291666667 0.01025390625 0.016276041666666668
