1 0.515234375 0.6020833333333333 0.01484375 0.0375
1 0.721484375 0.5659722222222222 0.02578125 0.06805555555555555
1 0.802734375 0.46944444444444444 0.00859375 0.019444444444444445
1 0.590625 0.5451388888888888 0.0078125 0.015277777777777777
1 0.55078125 0.5680555555555555 0.0078125 0.013888888888888888
1 0.6765625 0.5138888888888888 0.0078125 0.016666666666666666
1 0.65234375 0.5305555555555556 0.0078125 0.016666666666666666
1 0.46640625 0.5930555555555556 0.0078125 0.013888888888888888
1 0.044140625 0.7395833333333334 0.00859375 0.020833333333333332
1 0.5359375 0.5638888888888889 0.0078125 0.013888888888888888
