2 0.6294270833333333 0.387037037037037 0.0171875 0.03518518518518519
2 0.48151041666666666 0.34120370370370373 0.0078125 0.019444444444444445
2 0.042708333333333334 0.6393518518518518 0.05 0.13425925925925927
2 0.36015625 0.4097222222222222 0.021354166666666667 0.04537037037037037
2 0.60234375 0.3458333333333333 0.008854166666666666 0.019444444444444445
2 0.50390625 0.3300925925925926 0.005729166666666666 0.012037037037037037
2 0.43203125 0.34444444444444444 0.011979166666666667 0.012962962962962963
2 0.42135416666666664 0.3458333333333333 0.011458333333333333 0.01574074074074074
2 0.36822916666666666 0.3490740740740741 0.008333333333333333 0.018518518518518517
2 0.1984375 0.38333333333333336 0.009375 0.022222222222222223
2 0.11067708333333333 0.4203703703703704 0.0140625 0.02962962962962963
