1 0.524375 0.5304054054054054 0.11375 0.20945945945945946
0 0.704375 0.4535472972972973 0.02125 0.04222972972972973
0 0.635 0.4527027027027027 0.02 0.033783783783783786
0 0.81 0.45861486486486486 0.025 0.04560810810810811
0 0.664375 0.4501689189189189 0.02125 0.03547297297297297
0 0.889375 0.46452702702702703 0.03625 0.06418918918918919
0 0.72125 0.44763513513513514 0.0125 0.030405405405405407
0 0.759375 0.44763513513513514 0.01375 0.030405405405405407
1 0.396875 0.4467905405405405 0.01375 0.028716216216216218
1 0.570625 0.4847972972972973 0.05875 0.11486486486486487
1 0.175625 0.4560810810810811 0.01375 0.02702702702702703
1 0.44875 0.4552364864864865 0.0175 0.04222972972972973
1 0.244375 0.4510135135135135 0.01375 0.02702702702702703
1 0.330625 0.4484797297297297 0.01125 0.02533783783783784
0 0.768125 0.44594594594594594 0.01375 0.02702702702702703
