0 0.214111328125 0.5078125 0.03076171875 0.052083333333333336
1 0.675048828125 0.515625 0.02783203125 0.052083333333333336
0 0.43408203125 0.4427083333333333 0.017578125 0.02734375
1 0.685546875 0.4638671875 0.0166015625 0.029296875
2 0.0947265625 0.435546875 0.017578125 0.03125
0 0.605712890625 0.4261067708333333 0.00830078125 0.014973958333333334
0 0.629150390625 0.4225260416666667 0.00732421875 0.013020833333333334
0 0.544189453125 0.4303385416666667 0.01025390625 0.018229166666666668
1 0.7197265625 0.4462890625 0.0146484375 0.024088541666666668
1 0.77001953125 0.4407552083333333 0.0068359375 0.016927083333333332
1 0.6689453125 0.4169921875 0.0048828125 0.011067708333333334
1 0.764404296875 0.4345703125 0.00830078125 0.016276041666666668
0 0.52197265625 0.4075520833333333 0.0048828125 0.010416666666666666
2 0.202880859375 0.4143880208333333 0.00830078125 0.016276041666666668
0 0.584228515625 0.4134114583333333 0.00537109375 0.010416666666666666
