2 0.0673828125 0.4443359375 0.0087890625 0.014973958333333334
2 0.173583984375 0.44140625 0.00830078125 0.015625
2 0.25 0.4274088541666667 0.0078125 0.013671875
2 0.2978515625 0.419921875 0.0068359375 0.01171875
2 0.22802734375 0.4215494791666667 0.0068359375 0.011067708333333334
2 0.266845703125 0.4147135416666667 0.00732421875 0.01171875
2 0.15966796875 0.4309895833333333 0.0078125 0.013020833333333334
2 0.0478515625 0.4651692708333333 0.0166015625 0.022786458333333332
2 0.37060546875 0.4072265625 0.0048828125 0.008463541666666666
2 0.33203125 0.4137369791666667 0.0048828125 0.011067708333333334
2 0.35205078125 0.41015625 0.0048828125 0.009114583333333334
2 0.295654296875 0.4117838541666667 0.00537109375 0.011067708333333334
2 0.318359375 0.4069010416666667 0.0048828125 0.0078125
2 0.33544921875 0.4046223958333333 0.0048828125 0.008463541666666666
2 0.3828125 0.4049479166666667 0.0048828125 0.006510416666666667
2 0.35546875 0.4020182291666667 0.0048828125 0.007161458333333333
2 0.36865234375 0.3997395833333333 0.0048828125 0.0078125
2 0.396484375 0.4007161458333333 0.0048828125 0.007161458333333333
2 0.37841796875 0.3981119791666667 0.0048828125 0.009765625
2 0.40771484375 0.400390625 0.0048828125 0.006510416666666667
2 0.3896484375 0.3981119791666667 0.0048828125 0.007161458333333333
