2 0.85791015625 0.6640625 0.0849609375 0.18229166666666666
2 0.0517578125 0.71484375 0.099609375 0.203125
1 0.6396484375 0.5065104166666666 0.0234375 0.044270833333333336
0 0.31787109375 0.5579427083333334 0.0283203125 0.053385416666666664
1 0.57080078125 0.470703125 0.0126953125 0.022135416666666668
0 0.3779296875 0.4654947916666667 0.009765625 0.016927083333333332
0 0.341796875 0.4635416666666667 0.0078125 0.015625
1 0.50439453125 0.458984375 0.0087890625 0.016927083333333332
1 0.39453125 0.4557291666666667 0.0078125 0.013020833333333334
1 0.35302734375 0.455078125 0.0068359375 0.01171875
0 0.27294921875 0.4615885416666667 0.0068359375 0.014322916666666666
0 0.2373046875 0.462890625 0.0078125 0.01171875
1 0.322265625 0.4563802083333333 0.0078125 0.014322916666666666
0 0.306640625 0.4615885416666667 0.005859375 0.014322916666666666
0 0.1943359375 0.46484375 0.005859375 0.013020833333333334
1 0.22265625 0.4615885416666667 0.005859375 0.01171875
2 0.376953125 0.4388020833333333 0.005859375 0.0078125
2 0.5673828125 0.4342447916666667 0.005859375 0.01171875
2 0.2880859375 0.4440104166666667 0.005859375 0.0078125
