0 0.394775390625 0.4837239583333333 0.01904296875 0.037760416666666664
0 0.448486328125 0.4388020833333333 0.01123046875 0.022135416666666668
1 0.70166015625 0.490234375 0.0234375 0.04296875
1 0.621826171875 0.4371744791666667 0.01123046875 0.022786458333333332
1 0.595458984375 0.4241536458333333 0.00732421875 0.014973958333333334
1 0.608154296875 0.4150390625 0.00634765625 0.012369791666666666
1 0.632568359375 0.4095052083333333 0.00537109375 0.01171875
0 0.46630859375 0.4195963541666667 0.0048828125 0.012369791666666666
0 0.521484375 0.4108072916666667 0.0048828125 0.009114583333333334
1 0.6513671875 0.40625 0.0048828125 0.010416666666666666
1 0.678466796875 0.4033203125 0.00537109375 0.009765625
0 0.476806640625 0.4147135416666667 0.00537109375 0.013020833333333334
0 0.6171875 0.400390625 0.0048828125 0.0078125
0 0.57275390625 0.4049479166666667 0.005859375 0.009114583333333334
1 0.70703125 0.4016927083333333 0.005859375 0.0078125
1 0.740234375 0.4010416666666667 0.0048828125 0.0078125
1 0.77685546875 0.400390625 0.0048828125 0.006510416666666667
1 0.6669921875 0.3990885416666667 0.0048828125 0.006510416666666667
