0 0.075439453125 0.646484375 0.07666015625 0.11197916666666667
0 0.3359375 0.5244140625 0.037109375 0.06575520833333333
0 0.454345703125 0.4853515625 0.02880859375 0.050130208333333336
0 0.6474609375 0.4365234375 0.01171875 0.021484375
1 0.8740234375 0.49609375 0.0224609375 0.036458333333333336
1 0.85107421875 0.4606119791666667 0.0146484375 0.022786458333333332
1 0.829345703125 0.4352213541666667 0.00927734375 0.014973958333333334
0 0.712646484375 0.4326171875 0.01123046875 0.021484375
1 0.841796875 0.4466145833333333 0.009765625 0.018229166666666668
0 0.5927734375 0.4482421875 0.0146484375 0.026692708333333332
1 0.8017578125 0.4208984375 0.005859375 0.009765625
0 0.731201171875 0.4261067708333333 0.00830078125 0.012369791666666666
1 0.79345703125 0.4140625 0.0048828125 0.009114583333333334
1 0.812255859375 0.4264322916666667 0.00732421875 0.013020833333333334
