1 0.40625 0.4890625 0.035 0.115625
1 0.78125 0.5578125 0.0675 0.165625
0 0.816875 0.396875 0.03875 0.075
1 0.60875 0.35625 0.02 0.075
1 0.55 0.303125 0.0125 0.05
0 0.425 0.3671875 0.02 0.059375
1 0.666875 0.275 0.01125 0.04375
0 0.82125 0.2984375 0.015 0.046875
1 0.756875 0.265625 0.01125 0.0375
1 0.864375 0.2734375 0.01625 0.040625
2 0.59125 0.271875 0.01 0.04375
1 0.446875 0.2765625 0.00875 0.034375
2 0.420625 0.325 0.01125 0.05
0 0.425625 0.2953125 0.00875 0.034375
1 0.480625 0.265625 0.01125 0.0375
1 0.681875 0.2640625 0.00875 0.034375
2 0.653125 0.246875 0.00875 0.03125
2 0.538125 0.2625 0.00875 0.03125
