1 0.71240234375 0.5865885416666666 0.0400390625 0.06901041666666667
0 0.20068359375 0.6458333333333334 0.0517578125 0.09114583333333333
1 0.5498046875 0.5182291666666666 0.0234375 0.041666666666666664
1 0.37890625 0.4915364583333333 0.015625 0.02734375
0 0.22900390625 0.5481770833333334 0.0302734375 0.049479166666666664
0 0.20458984375 0.4680989583333333 0.0087890625 0.016927083333333332
0 0.1796875 0.5169270833333334 0.017578125 0.033854166666666664
0 0.1533203125 0.4915364583333333 0.013671875 0.024739583333333332
1 0.298828125 0.4811197916666667 0.01171875 0.01953125
0 0.17919921875 0.4772135416666667 0.0087890625 0.01953125
