1 0.9575 0.5084459459459459 0.055 0.08108108108108109
1 0.155 0.549831081081081 0.13 0.19425675675675674
1 0.475 0.5168918918918919 0.065 0.11824324324324324
1 0.701875 0.5101351351351351 0.05125 0.0945945945945946
1 0.599375 0.4822635135135135 0.01375 0.02533783783783784
1 0.32875 0.4721283783783784 0.015 0.02533783783783784
1 0.433125 0.47719594594594594 0.01375 0.028716216216216218
1 0.789375 0.48817567567567566 0.01375 0.030405405405405407
0 0.636875 0.4839527027027027 0.01125 0.02195945945945946
0 0.418125 0.47719594594594594 0.01125 0.02195945945945946
1 0.514375 0.4780405405405405 0.01375 0.030405405405405407
0 0.568125 0.48057432432432434 0.01125 0.02195945945945946
0 0.91625 0.49239864864864863 0.0175 0.02533783783783784
0 0.8425 0.49155405405405406 0.0175 0.02364864864864865
1 0.880625 0.4890202702702703 0.01625 0.03209459459459459
1 0.25625 0.47128378378378377 0.015 0.02364864864864865
0 0.26625 0.47297297297297297 0.0075 0.016891891891891893
1 0.13625 0.46875 0.015 0.02195945945945946
0 0.346875 0.47550675675675674 0.01125 0.018581081081081082
0 0.775 0.4864864864864865 0.0125 0.02364864864864865
0 0.083125 0.46621621621621623 0.01375 0.02364864864864865
1 0.05375 0.4670608108108108 0.0125 0.028716216216216218
