1 0.703125 0.42083333333333334 0.0171875 0.044444444444444446
1 0.3609375 0.4722222222222222 0.021875 0.05277777777777778
1 0.503125 0.4041666666666667 0.0140625 0.03888888888888889
1 0.712109375 0.4736111111111111 0.02578125 0.05277777777777778
1 0.610546875 0.38472222222222224 0.01171875 0.025
1 0.76171875 0.4027777777777778 0.0109375 0.030555555555555555
1 0.68984375 0.37569444444444444 0.0078125 0.020833333333333332
1 0.79921875 0.36666666666666664 0.0078125 0.016666666666666666
1 0.75859375 0.37083333333333335 0.0078125 0.019444444444444445
1 0.8171875 0.39375 0.0140625 0.029166666666666667
1 0.86015625 0.38680555555555557 0.0125 0.02361111111111111
