0 0.574375 0.5078125 0.05625 0.203125
1 0.48875 0.3828125 0.045 0.134375
1 0.881875 0.353125 0.04125 0.13125
0 0.74 0.2921875 0.0325 0.115625
1 0.4675 0.2984375 0.0275 0.109375
1 0.218125 0.3140625 0.02875 0.109375
1 0.37625 0.2515625 0.0275 0.053125
0 0.63 0.1765625 0.015 0.059375
1 0.725 0.1828125 0.0125 0.059375
1 0.76625 0.1671875 0.0125 0.046875
0 0.83375 0.184375 0.015 0.06875
1 0.586875 0.1703125 0.01375 0.053125
1 0.606875 0.1625 0.01125 0.04375
0 0.80875 0.159375 0.0125 0.04375
1 0.86375 0.1703125 0.0125 0.053125
0 0.96 0.1921875 0.0175 0.071875
2 0.705625 0.15625 0.01375 0.04375
2 0.851875 0.1640625 0.01125 0.046875
1 0.97125 0.1625 0.0125 0.05625
