1 0.72998046875 0.5055338541666666 0.029296875 0.052734375
0 0.349365234375 0.5104166666666666 0.02392578125 0.049479166666666664
0 0.446044921875 0.4430338541666667 0.01025390625 0.022786458333333332
1 0.611083984375 0.44140625 0.01123046875 0.0234375
2 0.599365234375 0.4290364583333333 0.01220703125 0.029947916666666668
2 0.455810546875 0.4287109375 0.01220703125 0.030598958333333332
0 0.4697265625 0.423828125 0.0078125 0.015625
1 0.580810546875 0.4228515625 0.00732421875 0.016276041666666668
1 0.56982421875 0.416015625 0.0068359375 0.013020833333333334
0 0.4833984375 0.41015625 0.0048828125 0.009114583333333334
0 0.474365234375 0.4166666666666667 0.00537109375 0.01171875
1 0.5546875 0.4088541666666667 0.0048828125 0.009114583333333334
