0 0.30810546875 0.5126953125 0.025390625 0.050130208333333336
1 0.833740234375 0.5732421875 0.04248046875 0.08138020833333333
0 0.488525390625 0.4586588541666667 0.01806640625 0.033203125
1 0.856201171875 0.48828125 0.02001953125 0.040364583333333336
1 0.725830078125 0.4759114583333333 0.02001953125 0.037760416666666664
1 0.77294921875 0.4583333333333333 0.0146484375 0.028645833333333332
1 0.5283203125 0.4384765625 0.0107421875 0.022786458333333332
0 0.54541015625 0.4303385416666667 0.009765625 0.020833333333333332
1 0.67822265625 0.4488932291666667 0.0107421875 0.025390625
1 0.729248046875 0.4420572916666667 0.01318359375 0.022135416666666668
0 0.850341796875 0.4521484375 0.01025390625 0.021484375
0 0.795166015625 0.4423828125 0.01025390625 0.017578125
0 0.93896484375 0.4700520833333333 0.0126953125 0.028645833333333332
1 0.65673828125 0.4352213541666667 0.0087890625 0.018880208333333332
1 0.699462890625 0.4371744791666667 0.00830078125 0.016276041666666668
1 0.388427734375 0.4202473958333333 0.01025390625 0.012369791666666666
0 0.441650390625 0.4195963541666667 0.00732421875 0.011067708333333334
