0 0.290771484375 0.5068359375 0.02783203125 0.046223958333333336
1 0.646728515625 0.5133463541666666 0.03076171875 0.052734375
0 0.403564453125 0.4443359375 0.01123046875 0.024088541666666668
1 0.573974609375 0.443359375 0.01318359375 0.024739583333333332
1 0.559814453125 0.42578125 0.00927734375 0.016927083333333332
0 0.432861328125 0.4274088541666667 0.00830078125 0.017578125
0 0.455078125 0.4186197916666667 0.005859375 0.013020833333333334
0 0.468505859375 0.4127604166666667 0.00537109375 0.010416666666666666
0 0.4775390625 0.4095052083333333 0.0048828125 0.0078125
1 0.547607421875 0.4176432291666667 0.00634765625 0.012369791666666666
1 0.54296875 0.4134114583333333 0.0048828125 0.010416666666666666
1 0.5517578125 0.4052734375 0.0048828125 0.007161458333333333
0 0.482421875 0.4065755208333333 0.0048828125 0.007161458333333333
