0 0.1484375 0.7887369791666666 0.0947265625 0.15690104166666666
1 0.670166015625 0.4908854166666667 0.02099609375 0.040364583333333336
0 0.37353515625 0.5081380208333334 0.02734375 0.044921875
1 0.56591796875 0.4479166666666667 0.0146484375 0.02734375
1 0.525390625 0.4293619791666667 0.01171875 0.020182291666666668
0 0.382080078125 0.4384765625 0.00927734375 0.017578125
1 0.497802734375 0.4156901041666667 0.00732421875 0.013671875
1 0.462158203125 0.40625 0.00537109375 0.01171875
0 0.380859375 0.4557291666666667 0.0107421875 0.026041666666666668
0 0.385009765625 0.4228515625 0.00732421875 0.014973958333333334
1 0.478759765625 0.4078776041666667 0.00634765625 0.013671875
1 0.455078125 0.4055989583333333 0.0048828125 0.009114583333333334
1 0.44189453125 0.404296875 0.0048828125 0.006510416666666667
1 0.4384765625 0.4029947916666667 0.0048828125 0.006510416666666667
1 0.43212890625 0.4010416666666667 0.0048828125 0.006510416666666667
