1 0.36625 0.428125 0.045 0.16875
0 0.315625 0.3640625 0.03375 0.128125
1 0.888125 0.365625 0.04125 0.1375
0 0.46625 0.3109375 0.0275 0.109375
0 0.03625 0.6359375 0.0725 0.228125
1 0.030625 0.86875 0.05625 0.25625
0 0.345625 0.3015625 0.02625 0.103125
0 0.865625 0.3125 0.02625 0.11875
1 0.77125 0.2640625 0.03 0.103125
0 0.78625 0.2328125 0.0175 0.090625
1 0.725625 0.2140625 0.02125 0.090625
2 0.736875 0.184375 0.01375 0.075
1 0.533125 0.2375 0.01875 0.08125
1 0.51625 0.2125 0.0175 0.075
0 0.66875 0.146875 0.01 0.05
2 0.696875 0.15625 0.01375 0.06875
1 0.465 0.265625 0.025 0.09375
1 0.543125 0.1890625 0.01625 0.065625
