2 0.8505859375 0.6285807291666666 0.08203125 0.173828125
2 0.20166015625 0.619140625 0.0703125 0.1640625
0 0.316162109375 0.5305989583333334 0.03271484375 0.0625
1 0.689697265625 0.51171875 0.02294921875 0.05078125
1 0.61083984375 0.4638671875 0.0146484375 0.034505208333333336
1 0.559814453125 0.4254557291666667 0.00927734375 0.018880208333333332
0 0.389404296875 0.4622395833333333 0.02001953125 0.03515625
1 0.54443359375 0.4140625 0.009765625 0.015625
0 0.427001953125 0.4241536458333333 0.01220703125 0.021484375
1 0.533447265625 0.4072265625 0.00732421875 0.014973958333333334
0 0.446044921875 0.4065755208333333 0.00732421875 0.012369791666666666
0 0.450927734375 0.4013671875 0.00634765625 0.012369791666666666
0 0.441650390625 0.4124348958333333 0.00830078125 0.013671875
1 0.52490234375 0.4007161458333333 0.0048828125 0.011067708333333334
1 0.5205078125 0.3968098958333333 0.0048828125 0.009765625
0 0.457763671875 0.3955078125 0.00537109375 0.008463541666666666
2 0.0419921875 0.8307291666666666 0.08203125 0.23697916666666666
1 0.5126953125 0.3893229166666667 0.0048828125 0.0078125
1 0.51708984375 0.3932291666666667 0.0048828125 0.009114583333333334
