1 0.803466796875 0.5680338541666666 0.04833984375 0.07877604166666667
1 0.37890625 0.4951171875 0.0244140625 0.041015625
1 0.428466796875 0.4498697916666667 0.01513671875 0.029947916666666668
1 0.596923828125 0.4407552083333333 0.01220703125 0.0234375
1 0.450927734375 0.4332682291666667 0.00830078125 0.018880208333333332
1 0.55419921875 0.4228515625 0.0048828125 0.012369791666666666
1 0.962890625 0.4710286458333333 0.0244140625 0.034505208333333336
1 0.604736328125 0.4261067708333333 0.00830078125 0.016276041666666668
1 0.460693359375 0.4241536458333333 0.00732421875 0.014973958333333334
1 0.8818359375 0.4326171875 0.0087890625 0.016276041666666668
1 0.8974609375 0.4280598958333333 0.0078125 0.012369791666666666
1 0.846435546875 0.423828125 0.00634765625 0.01171875
1 0.738525390625 0.4231770833333333 0.00732421875 0.013020833333333334
1 0.66943359375 0.4150390625 0.0048828125 0.009765625
1 0.549560546875 0.4189453125 0.00537109375 0.011067708333333334
1 0.5986328125 0.4137369791666667 0.0048828125 0.009765625
1 0.611328125 0.4111328125 0.0048828125 0.008463541666666666
1 0.751708984375 0.4202473958333333 0.00537109375 0.011067708333333334
1 0.732421875 0.4098307291666667 0.0048828125 0.009765625
1 0.662109375 0.4140625 0.0048828125 0.010416666666666666
1 0.468017578125 0.41796875 0.00634765625 0.013020833333333334
1 0.53759765625 0.4137369791666667 0.005859375 0.011067708333333334
1 0.54736328125 0.4098307291666667 0.0048828125 0.008463541666666666
