2 0.686279296875 0.4879557291666667 0.02587890625 0.048828125
2 0.619873046875 0.4427083333333333 0.01416015625 0.029947916666666668
2 0.3671875 0.4921875 0.02734375 0.045572916666666664
2 0.2158203125 0.6311848958333334 0.0634765625 0.099609375
2 0.96142578125 0.6497395833333334 0.0703125 0.10026041666666667
2 0.586181640625 0.4248046875 0.01220703125 0.020182291666666668
2 0.41796875 0.4440104166666667 0.0126953125 0.0234375
2 0.4677734375 0.4078776041666667 0.0078125 0.013671875
2 0.448974609375 0.4153645833333333 0.00927734375 0.016927083333333332
2 0.439453125 0.4261067708333333 0.0126953125 0.021484375
2 0.5654296875 0.4137369791666667 0.0087890625 0.016276041666666668
2 0.55322265625 0.4078776041666667 0.0078125 0.013671875
2 0.543701171875 0.4049479166666667 0.00634765625 0.010416666666666666
