0 0.14794921875 0.6656901041666666 0.064453125 0.11002604166666667
1 0.63427734375 0.4798177083333333 0.021484375 0.044270833333333336
1 0.852783203125 0.6575520833333334 0.06884765625 0.10807291666666667
0 0.369140625 0.4837239583333333 0.0283203125 0.04296875
1 0.584228515625 0.4339192708333333 0.01416015625 0.024088541666666668
1 0.952880859375 0.4817708333333333 0.02490234375 0.04296875
1 0.5654296875 0.4173177083333333 0.0146484375 0.022135416666666668
0 0.423583984375 0.4388020833333333 0.01416015625 0.026041666666666668
1 0.74853515625 0.4501953125 0.0166015625 0.029296875
1 0.659912109375 0.4280598958333333 0.01220703125 0.021484375
0 0.4375 0.4222005208333333 0.0107421875 0.018880208333333332
1 0.614990234375 0.412109375 0.01025390625 0.018229166666666668
0 0.878662109375 0.4378255208333333 0.01416015625 0.022786458333333332
0 0.79052734375 0.4254557291666667 0.01171875 0.020182291666666668
0 0.724853515625 0.4124348958333333 0.00927734375 0.016276041666666668
0 0.685302734375 0.4033203125 0.00732421875 0.013671875
1 0.595458984375 0.4026692708333333 0.00732421875 0.013671875
1 0.55322265625 0.4075520833333333 0.0078125 0.015625
1 0.546875 0.4026692708333333 0.005859375 0.012369791666666666
1 0.5810546875 0.3994140625 0.0068359375 0.011067708333333334
1 0.54150390625 0.3994140625 0.0048828125 0.011067708333333334
1 0.537109375 0.3977864583333333 0.0048828125 0.010416666666666666
0 0.448486328125 0.4108072916666667 0.00732421875 0.014322916666666666
0 0.459716796875 0.4049479166666667 0.00634765625 0.013020833333333334
1 0.568359375 0.396484375 0.0048828125 0.009114583333333334
