1 0.9404296875 0.6123046875 0.0556640625 0.09309895833333333
0 0.243896484375 0.6028645833333334 0.06103515625 0.09635416666666667
0 0.36328125 0.482421875 0.0244140625 0.040364583333333336
1 0.744873046875 0.4934895833333333 0.02880859375 0.04296875
1 0.766357421875 0.4733072916666667 0.02294921875 0.03515625
1 0.875244140625 0.4915364583333333 0.02392578125 0.040364583333333336
0 0.60693359375 0.431640625 0.0126953125 0.020833333333333332
0 0.472412109375 0.4446614583333333 0.01708984375 0.02734375
0 0.76025390625 0.4378255208333333 0.01171875 0.020182291666666668
0 0.96044921875 0.4619140625 0.0146484375 0.024088541666666668
