2 0.64921875 0.4236111111111111 0.0234375 0.06759259259259259
2 0.2674479166666667 0.4736111111111111 0.0359375 0.07314814814814814
2 0.46875 0.34444444444444444 0.010416666666666666 0.024074074074074074
2 0.6114583333333333 0.3523148148148148 0.010416666666666666 0.021296296296296296
2 0.3380208333333333 0.3560185185185185 0.008333333333333333 0.025
2 0.3984375 0.3509259259259259 0.0125 0.016666666666666666
2 0.6059895833333333 0.33425925925925926 0.0078125 0.016666666666666666
2 0.41119791666666666 0.34953703703703703 0.011979166666666667 0.01574074074074074
2 0.4984375 0.3296296296296296 0.005208333333333333 0.014814814814814815
2 0.14270833333333333 0.4 0.011458333333333333 0.024074074074074074
2 0.020572916666666666 0.45787037037037037 0.0140625 0.03425925925925926
2 0.6020833333333333 0.3226851851851852 0.005208333333333333 0.012037037037037037
2 0.51796875 0.3189814814814815 0.005729166666666666 0.012037037037037037
2 0.5244791666666667 0.3111111111111111 0.005208333333333333 0.009259259259259259
2 0.5953125 0.3148148148148148 0.005208333333333333 0.009259259259259259
2 0.5885416666666666 0.30925925925925923 0.005208333333333333 0.009259259259259259
2 0.575 0.3037037037037037 0.005208333333333333 0.009259259259259259
2 0.47239583333333335 0.30277777777777776 0.005208333333333333 0.009259259259259259
2 0.5026041666666666 0.30648148148148147 0.005208333333333333 0.009259259259259259
2 0.5119791666666667 0.30185185185185187 0.005208333333333333 0.009259259259259259
2 0.5427083333333333 0.30277777777777776 0.005208333333333333 0.009259259259259259
