0 0.66125 0.5092905405405406 0.045 0.07263513513513513
1 0.185 0.5506756756756757 0.1175 0.16891891891891891
1 0.29125 0.5118243243243243 0.055 0.08783783783783784
0 0.8075 0.5228040540540541 0.0675 0.1097972972972973
0 0.58875 0.49746621621621623 0.03 0.05574324324324324
0 0.484375 0.49577702702702703 0.02625 0.04560810810810811
0 0.41625 0.49239864864864863 0.0225 0.04222972972972973
0 0.555 0.4847972972972973 0.015 0.030405405405405407
0 0.453125 0.4890202702702703 0.01875 0.03885135135135135
0 0.514375 0.4873310810810811 0.01375 0.03547297297297297
1 0.353125 0.4864864864864865 0.01625 0.030405405405405407
1 0.390625 0.4839527027027027 0.01125 0.02195945945945946
1 0.093125 0.4907094594594595 0.01875 0.03209459459459459
0 0.111875 0.4873310810810811 0.01375 0.02533783783783784
0 0.56625 0.4839527027027027 0.0125 0.02533783783783784
0 0.545625 0.4822635135135135 0.01125 0.028716216216216218
1 0.33125 0.4847972972972973 0.0125 0.02702702702702703
0 0.029375 0.48986486486486486 0.01375 0.02364864864864865
