2 0.86796875 0.8023148148148148 0.06927083333333334 0.16574074074074074
2 0.2682291666666667 0.4689814814814815 0.035416666666666666 0.07314814814814814
2 0.6591145833333333 0.3902777777777778 0.013020833333333334 0.030555555555555555
2 0.4588541666666667 0.41944444444444445 0.025 0.05
2 0.7325520833333333 0.39675925925925926 0.009895833333333333 0.023148148148148147
2 0.9385416666666667 0.48564814814814816 0.0125 0.030555555555555555
2 0.22630208333333332 0.3537037037037037 0.0109375 0.025925925925925925
2 0.83515625 0.41759259259259257 0.0067708333333333336 0.020370370370370372
2 0.4890625 0.33935185185185185 0.013541666666666667 0.028703703703703703
2 0.29765625 0.3263888888888889 0.0078125 0.021296296296296296
2 0.9536458333333333 0.4689814814814815 0.008333333333333333 0.021296296296296296
