0 0.295625 0.6125 0.07125 0.21875
0 0.095 0.5609375 0.065 0.184375
1 0.3325 0.4625 0.0475 0.15
1 0.84875 0.496875 0.0625 0.1875
0 0.85125 0.4140625 0.05 0.134375
1 0.448125 0.403125 0.04125 0.13125
1 0.744375 0.3703125 0.03375 0.121875
2 0.7475 0.3109375 0.03 0.090625
1 0.435 0.3421875 0.025 0.103125
1 0.475 0.303125 0.0225 0.0875
0 0.641875 0.2390625 0.01625 0.059375
1 0.680625 0.2890625 0.02375 0.084375
0 0.66875 0.253125 0.02 0.06875
1 0.45375 0.278125 0.02 0.08125
1 0.504375 0.259375 0.01875 0.06875
