2 0.196044921875 0.4326171875 0.00634765625 0.013671875
2 0.130859375 0.4440104166666667 0.0068359375 0.016927083333333332
2 0.1708984375 0.4251302083333333 0.0078125 0.013020833333333334
2 0.1064453125 0.4348958333333333 0.0087890625 0.014322916666666666
2 0.22412109375 0.41796875 0.0048828125 0.009114583333333334
2 0.01806640625 0.447265625 0.009765625 0.018229166666666668
2 0.256591796875 0.4228515625 0.00732421875 0.011067708333333334
2 0.298583984375 0.4140625 0.00537109375 0.0078125
2 0.3125 0.4049479166666667 0.0048828125 0.006510416666666667
2 0.34716796875 0.40625 0.0048828125 0.006510416666666667
2 0.01171875 0.4625651041666667 0.0126953125 0.021484375
2 0.26708984375 0.4114583333333333 0.005859375 0.009114583333333334
2 0.32568359375 0.4104817708333333 0.005859375 0.009765625
2 0.328125 0.40234375 0.0048828125 0.006510416666666667
2 0.36083984375 0.4046223958333333 0.0048828125 0.008463541666666666
