1 0.07 0.696875 0.1175 0.33125
1 0.931875 0.559375 0.10125 0.28125
2 0.694375 0.2953125 0.04875 0.178125
1 0.170625 0.3703125 0.06375 0.190625
0 0.254375 0.2296875 0.03875 0.134375
1 0.2875 0.1328125 0.025 0.090625
0 0.346875 0.18125 0.03125 0.1125
1 0.3575 0.0953125 0.02 0.071875
1 0.31625 0.084375 0.0175 0.0625
1 0.585625 0.140625 0.02625 0.10625
0 0.538125 0.0765625 0.01875 0.065625
0 0.516875 0.1 0.02125 0.08125
1 0.375 0.0640625 0.02 0.071875
1 0.420625 0.0515625 0.01625 0.053125
0 0.2925 0.071875 0.0175 0.0625
