2 0.03958333333333333 0.8972222222222223 0.07916666666666666 0.2037037037037037
2 0.6838541666666667 0.41712962962962963 0.03125 0.06574074074074074
2 0.29713541666666665 0.38796296296296295 0.024479166666666666 0.053703703703703705
2 0.24114583333333334 0.5675925925925925 0.04375 0.10555555555555556
2 0.48046875 0.3435185185185185 0.015104166666666667 0.05
2 0.265625 0.34629629629629627 0.013541666666666667 0.03333333333333333
2 0.39401041666666664 0.31805555555555554 0.0078125 0.021296296296296296
2 0.15651041666666668 0.3282407407407407 0.005729166666666666 0.01574074074074074
2 0.19166666666666668 0.33564814814814814 0.007291666666666667 0.017592592592592594
2 0.3028645833333333 0.31157407407407406 0.0078125 0.017592592592592594
