0 0.28271484375 0.5673828125 0.0380859375 0.07356770833333333
1 0.6416015625 0.4827473958333333 0.0205078125 0.041015625
0 0.384521484375 0.4801432291666667 0.02490234375 0.042317708333333336
1 0.586181640625 0.4453125 0.01611328125 0.026041666666666668
1 0.922119140625 0.6627604166666666 0.06298828125 0.1171875
0 0.447265625 0.427734375 0.0126953125 0.020833333333333332
0 0.427001953125 0.4443359375 0.01708984375 0.025390625
1 0.5595703125 0.4267578125 0.009765625 0.017578125
1 0.55029296875 0.4156901041666667 0.0078125 0.013671875
1 0.54248046875 0.4088541666666667 0.0078125 0.013020833333333334
2 0.53662109375 0.4026692708333333 0.005859375 0.014973958333333334
0 0.464111328125 0.4111328125 0.00537109375 0.011067708333333334
