1 0.208251953125 0.6751302083333334 0.07275390625 0.10416666666666667
0 0.240966796875 0.5055338541666666 0.02587890625 0.047526041666666664
1 0.86376953125 0.4986979166666667 0.02734375 0.048177083333333336
1 0.650390625 0.4736328125 0.0244140625 0.043619791666666664
1 0.49462890625 0.4495442708333333 0.0185546875 0.033203125
1 0.47021484375 0.4329427083333333 0.013671875 0.024739583333333332
0 0.26171875 0.4567057291666667 0.013671875 0.026692708333333332
0 0.35888671875 0.42578125 0.0068359375 0.015625
1 0.568359375 0.4235026041666667 0.013671875 0.021484375
0 0.302490234375 0.4368489583333333 0.00830078125 0.018229166666666668
0 0.42041015625 0.4189453125 0.0078125 0.014973958333333334
1 0.648193359375 0.4147135416666667 0.00927734375 0.015625
0 0.6298828125 0.4072265625 0.0048828125 0.012369791666666666
0 0.767578125 0.4059244791666667 0.0048828125 0.011067708333333334
