1 0.2548828125 0.5651041666666666 0.041015625 0.06901041666666667
1 0.623779296875 0.4768880208333333 0.02001953125 0.037109375
1 0.39794921875 0.4638671875 0.0146484375 0.030598958333333332
1 0.584716796875 0.4420572916666667 0.01123046875 0.0234375
1 0.28125 0.4479166666666667 0.01171875 0.020833333333333332
1 0.56640625 0.4296875 0.0087890625 0.018229166666666668
1 0.07275390625 0.4934895833333333 0.01953125 0.03515625
1 0.447509765625 0.4231770833333333 0.00732421875 0.015625
1 0.557861328125 0.4208984375 0.00732421875 0.014973958333333334
1 0.451416015625 0.41796875 0.00537109375 0.01171875
1 0.543212890625 0.4078776041666667 0.00634765625 0.013671875
1 0.094482421875 0.4453125 0.01025390625 0.018229166666666668
1 0.140380859375 0.4300130208333333 0.00634765625 0.012369791666666666
1 0.34521484375 0.4248046875 0.0087890625 0.013671875
1 0.425048828125 0.4085286458333333 0.00634765625 0.009765625
1 0.394775390625 0.4069010416666667 0.00537109375 0.0078125
1 0.533935546875 0.4049479166666667 0.00634765625 0.01171875
1 0.43408203125 0.4010416666666667 0.0048828125 0.009114583333333334
1 0.4951171875 0.4016927083333333 0.005859375 0.01171875
1 0.309326171875 0.4124348958333333 0.00537109375 0.009765625
1 0.354248046875 0.4059244791666667 0.00537109375 0.009765625
1 0.197265625 0.4215494791666667 0.0068359375 0.011067708333333334
1 0.12353515625 0.4244791666666667 0.0078125 0.01171875
