2 0.1767578125 0.4397786458333333 0.01171875 0.017578125
2 0.105224609375 0.4381510416666667 0.00927734375 0.015625
2 0.189208984375 0.4248046875 0.00927734375 0.013671875
2 0.267578125 0.4235026041666667 0.0078125 0.013671875
2 0.3095703125 0.4166666666666667 0.0068359375 0.01171875
2 0.241943359375 0.4176432291666667 0.00732421875 0.011067708333333334
2 0.3388671875 0.4140625 0.005859375 0.010416666666666666
2 0.364990234375 0.4104817708333333 0.00537109375 0.008463541666666666
2 0.3291015625 0.4088541666666667 0.0048828125 0.009114583333333334
2 0.35107421875 0.4055989583333333 0.0048828125 0.006510416666666667
2 0.3056640625 0.4114583333333333 0.0048828125 0.009114583333333334
2 0.37353515625 0.4039713541666667 0.0048828125 0.008463541666666666
2 0.273681640625 0.4147135416666667 0.00537109375 0.010416666666666666
2 0.38330078125 0.4072265625 0.0048828125 0.008463541666666666
2 0.4208984375 0.4029947916666667 0.0048828125 0.006510416666666667
2 0.404296875 0.4055989583333333 0.0048828125 0.006510416666666667
2 0.3935546875 0.4010416666666667 0.0048828125 0.006510416666666667
2 0.43310546875 0.400390625 0.0048828125 0.006510416666666667
2 0.44384765625 0.3990885416666667 0.0048828125 0.006510416666666667
