1 0.068603515625 0.6344401041666666 0.06787109375 0.10872395833333333
1 0.42919921875 0.4853515625 0.0263671875 0.042317708333333336
1 0.889892578125 0.4837239583333333 0.02099609375 0.036458333333333336
1 0.59423828125 0.4547526041666667 0.0185546875 0.029296875
1 0.761962890625 0.4326171875 0.01220703125 0.018880208333333332
1 0.798828125 0.4283854166666667 0.013671875 0.0234375
1 0.911376953125 0.4554036458333333 0.01513671875 0.025390625
1 0.854736328125 0.4195963541666667 0.00830078125 0.014973958333333334
1 0.953125 0.4313151041666667 0.01171875 0.017578125
1 0.896484375 0.4654947916666667 0.0126953125 0.029947916666666668
1 0.8232421875 0.4248046875 0.01171875 0.016276041666666668
1 0.90185546875 0.4127604166666667 0.0068359375 0.010416666666666666
1 0.970458984375 0.4235026041666667 0.01025390625 0.012369791666666666
1 0.91552734375 0.4117838541666667 0.0068359375 0.009765625
