1 0.671875 0.5540364583333334 0.033203125 0.053385416666666664
0 0.29443359375 0.568359375 0.0302734375 0.055989583333333336
0 0.31640625 0.5572916666666666 0.029296875 0.0546875
0 0.3837890625 0.49609375 0.021484375 0.036458333333333336
1 0.60107421875 0.4850260416666667 0.0166015625 0.029947916666666668
0 0.30419921875 0.47265625 0.0146484375 0.026041666666666668
1 0.3994140625 0.4479166666666667 0.009765625 0.020833333333333332
1 0.46826171875 0.4602864583333333 0.0126953125 0.024739583333333332
0 0.25244140625 0.4563802083333333 0.0087890625 0.01953125
1 0.375 0.44140625 0.0078125 0.015625
1 0.38427734375 0.435546875 0.0087890625 0.014322916666666666
0 0.302734375 0.4375 0.005859375 0.013020833333333334
1 0.41796875 0.4303385416666667 0.0078125 0.014322916666666666
0 0.26611328125 0.4466145833333333 0.0068359375 0.015625
0 0.33251953125 0.4296875 0.0068359375 0.013020833333333334
0 0.30712890625 0.4290364583333333 0.0068359375 0.01171875
