0 0.228125 0.5709459459459459 0.05375 0.0945945945945946
0 0.341875 0.5076013513513513 0.03625 0.06587837837837837
1 0.66125 0.4408783783783784 0.0225 0.04391891891891892
0 0.420625 0.4510135135135135 0.02625 0.0472972972972973
1 0.771875 0.49493243243243246 0.04125 0.06418918918918919
1 0.64125 0.41216216216216217 0.01 0.02364864864864865
0 0.50625 0.38682432432432434 0.015 0.037162162162162164
0 0.52375 0.3885135135135135 0.0075 0.016891891891891893
0 0.53625 0.38091216216216217 0.0075 0.015202702702702704
0 0.48375 0.41469594594594594 0.0125 0.03209459459459459
2 0.6375 0.38682432432432434 0.02 0.033783783783783786
