1 0.94580078125 0.623046875 0.0693359375 0.09505208333333333
1 0.81494140625 0.5247395833333334 0.03515625 0.057291666666666664
1 0.769775390625 0.4840494791666667 0.02197265625 0.039713541666666664
1 0.532958984375 0.4586588541666667 0.01806640625 0.034505208333333336
1 0.13037109375 0.67578125 0.0830078125 0.12239583333333333
1 0.717041015625 0.4274088541666667 0.00927734375 0.017578125
1 0.56884765625 0.44140625 0.0126953125 0.024739583333333332
1 0.587158203125 0.4293619791666667 0.01123046875 0.020182291666666668
1 0.8759765625 0.4462890625 0.0126953125 0.021484375
1 0.853759765625 0.42578125 0.00927734375 0.018229166666666668
1 0.609130859375 0.4192708333333333 0.00830078125 0.015625
1 0.624755859375 0.4085286458333333 0.00634765625 0.012369791666666666
1 0.71044921875 0.4147135416666667 0.0068359375 0.013020833333333334
1 0.8291015625 0.4117838541666667 0.005859375 0.011067708333333334
1 0.632080078125 0.4049479166666667 0.00537109375 0.010416666666666666
1 0.7021484375 0.4046223958333333 0.005859375 0.011067708333333334
1 0.98828125 0.423828125 0.0087890625 0.015625
1 0.31201171875 0.4088541666666667 0.009765625 0.009114583333333334
2 0.091064453125 0.4365234375 0.02099609375 0.013671875
