1 0.178125 0.612331081081081 0.15125 0.2685810810810811
1 0.294375 0.543918918918919 0.07375 0.13175675675675674
1 0.4625 0.5253378378378378 0.0525 0.09121621621621621
0 0.876875 0.5211148648648649 0.04375 0.07601351351351351
0 0.77625 0.5101351351351351 0.0325 0.057432432432432436
0 0.66875 0.5008445945945946 0.0275 0.048986486486486486
0 0.5775 0.49577702702702703 0.02 0.04560810810810811
0 0.514375 0.49239864864864863 0.01875 0.04560810810810811
1 0.43375 0.5025337837837838 0.0275 0.0625
0 0.5975 0.46959459459459457 0.02 0.06418918918918919
0 0.615625 0.4873310810810811 0.01625 0.03209459459459459
1 0.37875 0.4966216216216216 0.025 0.05405405405405406
1 0.328125 0.49155405405405406 0.02375 0.0472972972972973
0 0.31125 0.47550675675675674 0.015 0.028716216216216218
1 0.243125 0.4831081081081081 0.02125 0.04054054054054054
1 0.135625 0.47381756756756754 0.02125 0.03885135135135135
0 0.085 0.46199324324324326 0.0175 0.028716216216216218
1 0.035625 0.46621621621621623 0.02375 0.037162162162162164
0 0.391875 0.4814189189189189 0.01375 0.033783783783783786
