1 0.7470703125 0.4847005208333333 0.0302734375 0.042317708333333336
1 0.57080078125 0.4586588541666667 0.01953125 0.033203125
0 0.2294921875 0.53515625 0.033203125 0.061197916666666664
0 0.2099609375 0.7239583333333334 0.068359375 0.13151041666666666
1 0.4443359375 0.4459635416666667 0.017578125 0.028645833333333332
1 0.3193359375 0.4397786458333333 0.013671875 0.024088541666666668
0 0.1142578125 0.4586588541666667 0.01171875 0.026692708333333332
0 0.139404296875 0.4856770833333333 0.01513671875 0.032552083333333336
1 0.294677734375 0.4306640625 0.01220703125 0.018880208333333332
1 0.37109375 0.4192708333333333 0.0107421875 0.01953125
0 0.135986328125 0.4430338541666667 0.01025390625 0.017578125
0 0.18408203125 0.4322916666666667 0.0078125 0.015625
0 0.2412109375 0.4228515625 0.0068359375 0.012369791666666666
1 0.4453125 0.4091796875 0.0078125 0.013671875
0 0.33056640625 0.4140625 0.005859375 0.01171875
1 0.552490234375 0.4026692708333333 0.00927734375 0.016276041666666668
0 0.435546875 0.4046223958333333 0.0087890625 0.012369791666666666
