0 0.683125 0.55625 0.05125 0.16875
0 0.368125 0.390625 0.02875 0.09375
1 0.311875 0.125 0.02875 0.1125
0 0.1175 0.325 0.05 0.1375
1 0.955 0.3625 0.0575 0.175
1 0.80125 0.3765625 0.055 0.159375
0 0.625 0.321875 0.0225 0.08125
1 0.456875 0.29375 0.01625 0.0625
0 0.451875 0.246875 0.00875 0.04375
1 0.63875 0.2484375 0.01 0.046875
2 0.50125 0.225 0.01 0.0375
1 0.481875 0.2359375 0.01125 0.040625
0 0.544375 0.2125 0.00875 0.0375
1 0.705625 0.09375 0.03375 0.1375
0 0.51875 0.209375 0.0075 0.025
