2 0.41162109375 0.45703125 0.0146484375 0.044270833333333336
2 0.421142578125 0.44921875 0.01611328125 0.044270833333333336
2 0.62255859375 0.4567057291666667 0.017578125 0.042317708333333336
2 0.6083984375 0.44921875 0.015625 0.0390625
0 0.389892578125 0.4847005208333333 0.01904296875 0.034505208333333336
0 0.4375 0.4427083333333333 0.009765625 0.01953125
1 0.6455078125 0.4807942708333333 0.0185546875 0.035807291666666664
1 0.58447265625 0.4427083333333333 0.0107421875 0.01953125
0 0.4599609375 0.421875 0.0048828125 0.009114583333333334
1 0.5654296875 0.4309895833333333 0.0068359375 0.014322916666666666
0 0.447021484375 0.4306640625 0.00634765625 0.013671875
0 0.47802734375 0.4166666666666667 0.0048828125 0.009114583333333334
1 0.54443359375 0.419921875 0.0048828125 0.010416666666666666
1 0.556640625 0.4153645833333333 0.0048828125 0.009114583333333334
1 0.54345703125 0.4124348958333333 0.0048828125 0.008463541666666666
0 0.494140625 0.4130859375 0.0048828125 0.007161458333333333
