1 0.66 0.4535472972972973 0.025 0.048986486486486486
0 0.32625 0.4653716216216216 0.025 0.04560810810810811
0 0.26375 0.43496621621621623 0.015 0.03209459459459459
1 0.518125 0.4239864864864865 0.01625 0.030405405405405407
1 0.3875 0.41638513513513514 0.015 0.02533783783783784
0 0.199375 0.4265202702702703 0.01125 0.028716216216216218
0 0.13375 0.4222972972972973 0.0125 0.02702702702702703
1 0.3075 0.41216216216216217 0.0125 0.02027027027027027
1 0.234375 0.4096283783783784 0.01375 0.02195945945945946
0 0.065625 0.4206081081081081 0.01125 0.02027027027027027
1 0.08625 0.4096283783783784 0.01 0.02195945945945946
1 0.1775 0.41131756756756754 0.0125 0.018581081081081082
2 0.456875 0.375 0.00875 0.016891891891891893
2 0.626875 0.3716216216216216 0.00875 0.013513513513513514
