2 0.814375 0.8296875 0.10875 0.259375
1 0.26 0.2640625 0.0475 0.159375
0 0.649375 0.54375 0.04125 0.1375
2 0.72 0.3671875 0.02 0.065625
1 0.751875 0.4859375 0.03375 0.115625
0 0.536875 0.3984375 0.02125 0.053125
0 0.12 0.5515625 0.0425 0.134375
1 0.486875 0.3515625 0.01375 0.046875
1 0.410625 0.3171875 0.00875 0.034375
1 0.6825 0.3640625 0.02 0.059375
0 0.60625 0.2390625 0.0125 0.040625
0 0.50625 0.3140625 0.01 0.040625
1 0.583125 0.34375 0.01125 0.04375
1 0.38625 0.3359375 0.0075 0.040625
0 0.356875 0.1828125 0.01375 0.040625
1 0.4425 0.3015625 0.0075 0.028125
1 0.48625 0.284375 0.0075 0.01875
1 0.46625 0.296875 0.0075 0.025
2 0.5125 0.3 0.0075 0.01875
2 0.50625 0.278125 0.0075 0.01875
2 0.343125 0.3640625 0.01125 0.046875
