1 0.8701171875 0.7721354166666666 0.0859375 0.14583333333333334
1 0.6025390625 0.5045572916666666 0.021484375 0.037760416666666664
0 0.3876953125 0.5188802083333334 0.021484375 0.037760416666666664
2 0.44140625 0.4615885416666667 0.01171875 0.032552083333333336
2 0.572265625 0.4615885416666667 0.013671875 0.032552083333333336
0 0.46240234375 0.455078125 0.0068359375 0.016927083333333332
1 0.548828125 0.4440104166666667 0.0078125 0.013020833333333334
1 0.5166015625 0.4420572916666667 0.005859375 0.01171875
1 0.4736328125 0.4453125 0.005859375 0.010416666666666666
2 0.447265625 0.4544270833333333 0.013671875 0.033854166666666664
