1 0.08353365384615384 0.5705128205128205 0.16706730769230768 0.20833333333333334
1 0.3112980769230769 0.532051282051282 0.06009615384615385 0.08974358974358974
1 0.37319711538461536 0.5200320512820513 0.03245192307692308 0.05608974358974359
0 0.7085336538461539 0.5544871794871795 0.07091346153846154 0.09935897435897435
0 0.9074519230769231 0.6298076923076923 0.1778846153846154 0.25
0 0.6418269230769231 0.5328525641025641 0.036057692307692304 0.0625
0 0.6171875 0.5256410256410257 0.02283653846153846 0.04487179487179487
0 0.5612980769230769 0.5176282051282052 0.019230769230769232 0.03205128205128205
0 0.5108173076923077 0.5136217948717948 0.014423076923076924 0.027243589743589744
1 0.4128605769230769 0.5136217948717948 0.02283653846153846 0.04006410256410257
0 0.4609375 0.5096153846153846 0.013221153846153846 0.02564102564102564
