1 0.8974609375 0.59375 0.0556640625 0.078125
0 0.33203125 0.5641276041666666 0.0400390625 0.07486979166666667
1 0.8466796875 0.4850260416666667 0.0205078125 0.03515625
1 0.70263671875 0.4801432291666667 0.021484375 0.037109375
0 0.40576171875 0.4772135416666667 0.0224609375 0.036458333333333336
0 0.429931640625 0.4488932291666667 0.01513671875 0.024088541666666668
1 0.758056640625 0.4567057291666667 0.01611328125 0.026692708333333332
1 0.658203125 0.4534505208333333 0.015625 0.025390625
0 0.49267578125 0.4339192708333333 0.0126953125 0.021484375
0 0.591796875 0.4264322916666667 0.009765625 0.016927083333333332
1 0.68310546875 0.447265625 0.013671875 0.024739583333333332
0 0.7099609375 0.4326171875 0.0107421875 0.016276041666666668
0 0.848388671875 0.447265625 0.01123046875 0.018229166666666668
