2 0.804443359375 0.5944010416666666 0.06396484375 0.16276041666666666
2 0.931396484375 0.6959635416666666 0.08642578125 0.21354166666666666
2 0.22119140625 0.5865885416666666 0.06640625 0.14583333333333334
2 0.075927734375 0.7249348958333334 0.09814453125 0.240234375
0 0.392822265625 0.4583333333333333 0.01708984375 0.032552083333333336
0 0.32275390625 0.5234375 0.0322265625 0.059895833333333336
1 0.67529296875 0.5052083333333334 0.0283203125 0.048177083333333336
1 0.60498046875 0.4567057291666667 0.0205078125 0.034505208333333336
1 0.55810546875 0.4235026041666667 0.0126953125 0.024088541666666668
1 0.543701171875 0.4130859375 0.00830078125 0.014973958333333334
0 0.442138671875 0.4111328125 0.00732421875 0.014973958333333334
0 0.447265625 0.4055989583333333 0.005859375 0.01171875
0 0.428955078125 0.4228515625 0.01025390625 0.018880208333333332
1 0.53369140625 0.4059244791666667 0.0078125 0.013671875
1 0.525146484375 0.4000651041666667 0.00537109375 0.011067708333333334
