2 0.8018229166666667 0.6041666666666666 0.05364583333333333 0.12129629629629629
2 0.42734375 0.36342592592592593 0.018229166666666668 0.041666666666666664
2 0.19869791666666667 0.5592592592592592 0.04739583333333333 0.12407407407407407
2 0.6643229166666667 0.37592592592592594 0.021354166666666667 0.05555555555555555
2 0.6265625 0.33055555555555555 0.011458333333333333 0.027777777777777776
2 0.4544270833333333 0.33055555555555555 0.0109375 0.024074074074074074
2 0.4239583333333333 0.3199074074074074 0.009375 0.021296296296296296
2 0.35833333333333334 0.3199074074074074 0.008333333333333333 0.019444444444444445
2 0.39609375 0.3050925925925926 0.005729166666666666 0.013888888888888888
2 0.46640625 0.30092592592592593 0.0067708333333333336 0.014814814814814815
