0 0.359130859375 0.4677734375 0.01416015625 0.030598958333333332
1 0.603271484375 0.4697265625 0.01708984375 0.033203125
1 0.572998046875 0.4339192708333333 0.01025390625 0.021484375
0 0.412841796875 0.4388020833333333 0.00927734375 0.020833333333333332
1 0.557861328125 0.4225260416666667 0.00830078125 0.014322916666666666
0 0.447265625 0.4235026041666667 0.0078125 0.014973958333333334
0 0.47705078125 0.4114583333333333 0.0048828125 0.009114583333333334
1 0.55126953125 0.4163411458333333 0.0048828125 0.012369791666666666
0 0.466064453125 0.4153645833333333 0.00634765625 0.010416666666666666
0 0.48291015625 0.4078776041666667 0.0048828125 0.007161458333333333
1 0.884033203125 0.7571614583333334 0.08935546875 0.15104166666666666
1 0.546630859375 0.4111328125 0.00537109375 0.011067708333333334
1 0.55859375 0.4052734375 0.0048828125 0.007161458333333333
0 0.5126953125 0.4049479166666667 0.0048828125 0.006510416666666667
0 0.4892578125 0.4049479166666667 0.0048828125 0.006510416666666667
1 0.54248046875 0.4075520833333333 0.0048828125 0.0078125
