0 0.2490234375 0.6022135416666666 0.0419921875 0.08203125
0 0.207763671875 0.5390625 0.03173828125 0.057291666666666664
1 0.853515625 0.541015625 0.033203125 0.061197916666666664
1 0.531494140625 0.4791666666666667 0.02392578125 0.04296875
1 0.3779296875 0.4501953125 0.0146484375 0.026692708333333332
1 0.310546875 0.4410807291666667 0.0126953125 0.020182291666666668
1 0.26513671875 0.4342447916666667 0.0078125 0.015625
0 0.172119140625 0.4801432291666667 0.01611328125 0.030598958333333332
1 0.243408203125 0.4306640625 0.00634765625 0.012369791666666666
0 0.1640625 0.4599609375 0.0126953125 0.021484375
0 0.15966796875 0.4501953125 0.0087890625 0.017578125
0 0.153076171875 0.4404296875 0.00537109375 0.012369791666666666
1 0.222412109375 0.4270833333333333 0.00537109375 0.010416666666666666
1 0.21240234375 0.42578125 0.0048828125 0.009114583333333334
1 0.19677734375 0.423828125 0.0048828125 0.006510416666666667
