1 0.849365234375 0.625 0.08251953125 0.17317708333333334
2 0.197998046875 0.6155598958333334 0.07177734375 0.162109375
0 0.31689453125 0.5325520833333334 0.029296875 0.06380208333333333
0 0.388671875 0.4612630208333333 0.0185546875 0.035807291666666664
1 0.68994140625 0.513671875 0.0322265625 0.053385416666666664
1 0.611083984375 0.4625651041666667 0.02099609375 0.034505208333333336
1 0.559814453125 0.4264322916666667 0.01123046875 0.020833333333333332
0 0.4267578125 0.4231770833333333 0.009765625 0.018229166666666668
0 0.44091796875 0.412109375 0.0068359375 0.01171875
1 0.544189453125 0.4134114583333333 0.00732421875 0.014322916666666666
1 0.533203125 0.4069010416666667 0.0068359375 0.01171875
2 0.040283203125 0.8372395833333334 0.08056640625 0.23177083333333334
0 0.445556640625 0.4055989583333333 0.00537109375 0.01171875
1 0.52490234375 0.4007161458333333 0.005859375 0.011067708333333334
