0 0.36375 0.4578125 0.0375 0.084375
0 0.173125 0.5421875 0.04625 0.128125
0 0.0775 0.8125 0.08 0.23125
1 0.500625 0.46875 0.03875 0.075
1 0.41875 0.475 0.045 0.08125
1 0.408125 0.4125 0.02875 0.0625
0 0.21875 0.4109375 0.0225 0.071875
0 0.50875 0.3765625 0.02 0.071875
0 0.5475 0.1734375 0.0175 0.078125
1 0.47 0.3625 0.015 0.05625
1 0.073125 0.4140625 0.02625 0.071875
1 0.015625 0.4859375 0.03125 0.096875
1 0.1025 0.3734375 0.0175 0.053125
1 0.15125 0.3171875 0.01 0.034375
2 0.7925 0.3546875 0.0275 0.115625
1 0.499375 0.284375 0.01875 0.05625
0 0.469375 0.271875 0.01125 0.04375
0 0.2075 0.3515625 0.0175 0.059375
0 0.23 0.3078125 0.01 0.034375
0 0.223125 0.3328125 0.01125 0.034375
1 0.521875 0.2796875 0.01875 0.065625
1 0.435625 0.2671875 0.01375 0.046875
0 0.119375 0.3265625 0.01125 0.034375
1 0.261875 0.3015625 0.00875 0.034375
1 0.0475 0.325 0.01 0.03125
0 0.289375 0.3 0.01125 0.03125
1 0.090625 0.3546875 0.01125 0.040625
1 0.21625 0.29375 0.0075 0.025
1 0.20875 0.3 0.0075 0.03125
1 0.178125 0.2984375 0.00875 0.028125
1 0.085625 0.3546875 0.01375 0.040625
0 0.223125 0.375 0.01875 0.05625
1 0.106875 0.3328125 0.01125 0.034375
1 0.170625 0.3078125 0.00875 0.028125
