1 0.13701923076923078 0.5520833333333334 0.09615384615384616 0.14262820512820512
0 0.7013221153846154 0.5600961538461539 0.07572115384615384 0.12980769230769232
1 0.5997596153846154 0.53125 0.03365384615384615 0.07211538461538461
0 0.5655048076923077 0.5208333333333334 0.025240384615384616 0.05128205128205128
1 0.26802884615384615 0.5240384615384616 0.040865384615384616 0.07692307692307693
0 0.5030048076923077 0.5136217948717948 0.018028846153846152 0.03685897435897436
0 0.4489182692307692 0.5104166666666666 0.015625 0.030448717948717948
0 0.39122596153846156 0.5072115384615384 0.013221153846153846 0.027243589743589744
0 0.3401442307692308 0.5064102564102564 0.01201923076923077 0.02564102564102564
1 0.32992788461538464 0.5160256410256411 0.030048076923076924 0.04807692307692308
1 0.29447115384615385 0.5104166666666666 0.014423076923076924 0.03365384615384615
1 0.1893028846153846 0.5072115384615384 0.015625 0.030448717948717948
1 0.23016826923076922 0.5080128205128205 0.015625 0.03205128205128205
0 0.3046875 0.5048076923076923 0.010817307692307692 0.022435897435897436
