1 0.50125 0.471875 0.04 0.075
0 0.17625 0.546875 0.045 0.125
0 0.07625 0.8140625 0.0725 0.228125
1 0.42125 0.48125 0.0425 0.075
0 0.218125 0.4140625 0.02625 0.078125
0 0.510625 0.3796875 0.01625 0.065625
1 0.485 0.3796875 0.025 0.053125
0 0.548125 0.1734375 0.01875 0.078125
1 0.1025 0.371875 0.0175 0.05
1 0.15125 0.3140625 0.0125 0.034375
1 0.523125 0.278125 0.01625 0.0625
0 0.41625 0.428125 0.0275 0.06875
2 0.7925 0.353125 0.03 0.13125
0 0.22375 0.334375 0.0125 0.04375
1 0.17125 0.3046875 0.01 0.028125
1 0.0725 0.41875 0.0225 0.06875
1 0.090625 0.35 0.01375 0.0375
0 0.21125 0.359375 0.0125 0.04375
0 0.46875 0.271875 0.0125 0.04375
0 0.26125 0.303125 0.01 0.025
1 0.015625 0.4859375 0.02625 0.090625
1 0.10625 0.334375 0.0125 0.03125
1 0.119375 0.3265625 0.01125 0.034375
0 0.28875 0.3 0.0075 0.025
0 0.230625 0.30625 0.00875 0.03125
1 0.13375 0.3015625 0.0075 0.021875
1 0.04625 0.3265625 0.0075 0.028125
0 0.223125 0.375 0.01875 0.05625
0 0.206875 0.3296875 0.00875 0.034375
0 0.2 0.321875 0.0075 0.03125
1 0.08375 0.3515625 0.01 0.040625
1 0.4675 0.1078125 0.0125 0.046875
1 0.41 0.44375 0.035 0.0625
