1 0.837109375 0.9069444444444444 0.09453125 0.18055555555555555
1 0.20859375 0.3951388888888889 0.028125 0.07083333333333333
1 0.416796875 0.3347222222222222 0.01796875 0.041666666666666664
1 0.71953125 0.43680555555555556 0.0203125 0.04861111111111111
1 0.614453125 0.34930555555555554 0.01171875 0.02638888888888889
1 0.42578125 0.30972222222222223 0.0125 0.027777777777777776
1 0.30234375 0.2659722222222222 0.0078125 0.018055555555555554
1 0.548046875 0.3173611111111111 0.00859375 0.020833333333333332
1 0.370703125 0.2875 0.01015625 0.022222222222222223
1 0.86328125 0.40555555555555556 0.0078125 0.013888888888888888
1 0.911328125 0.44027777777777777 0.00859375 0.016666666666666666
1 0.480859375 0.29791666666666666 0.00859375 0.020833333333333332
