1 0.964599609375 0.6370442708333334 0.06103515625 0.091796875
1 0.19775390625 0.5667317708333334 0.0458984375 0.072265625
1 0.466552734375 0.4690755208333333 0.01904296875 0.035807291666666664
1 0.88623046875 0.4723307291666667 0.0234375 0.035807291666666664
1 0.61376953125 0.4462890625 0.0185546875 0.027994791666666668
1 0.92041015625 0.4521484375 0.0166015625 0.024088541666666668
1 0.780029296875 0.4306640625 0.01220703125 0.020182291666666668
1 0.817626953125 0.4264322916666667 0.01025390625 0.016927083333333332
1 0.901123046875 0.4606119791666667 0.01611328125 0.027994791666666668
1 0.845458984375 0.4231770833333333 0.00732421875 0.014322916666666666
1 0.979248046875 0.431640625 0.01220703125 0.015625
1 0.88037109375 0.4186197916666667 0.0087890625 0.015625
2 0.343994140625 0.40625 0.01123046875 0.0078125
2 0.637939453125 0.3938802083333333 0.00732421875 0.006510416666666667
