1 0.326171875 0.6402777777777777 0.03203125 0.08611111111111111
1 0.344140625 0.5180555555555556 0.01328125 0.03333333333333333
1 0.70234375 0.5256944444444445 0.0203125 0.05694444444444444
1 0.54609375 0.47430555555555554 0.0109375 0.03194444444444444
1 0.471875 0.45555555555555555 0.0078125 0.019444444444444445
1 0.44609375 0.4444444444444444 0.0078125 0.013888888888888888
1 0.332421875 0.48055555555555557 0.01015625 0.019444444444444445
1 0.43515625 0.4361111111111111 0.0078125 0.013888888888888888
1 0.4625 0.4263888888888889 0.0078125 0.013888888888888888
1 0.4171875 0.42777777777777776 0.0078125 0.013888888888888888
1 0.3453125 0.45 0.0078125 0.013888888888888888
1 0.33203125 0.46805555555555556 0.0078125 0.013888888888888888
