1 0.3328125 0.5145833333333333 0.021875 0.04861111111111111
1 0.756640625 0.4625 0.01171875 0.03333333333333333
1 0.481640625 0.4534722222222222 0.01484375 0.034722222222222224
1 0.6828125 0.5291666666666667 0.015625 0.058333333333333334
1 0.6875 0.4861111111111111 0.0140625 0.044444444444444446
1 0.634375 0.43333333333333335 0.0078125 0.025
1 0.830859375 0.4576388888888889 0.00859375 0.018055555555555554
1 0.819921875 0.43819444444444444 0.00859375 0.018055555555555554
1 0.71875 0.42430555555555555 0.0078125 0.020833333333333332
1 0.803125 0.4270833333333333 0.0078125 0.0125
