0 0.3765625 0.5208333333333334 0.0171875 0.044444444444444446
0 0.559375 0.4576388888888889 0.009375 0.029166666666666667
1 0.6421875 0.5569444444444445 0.028125 0.075
1 0.29765625 0.5944444444444444 0.0296875 0.075
0 0.597265625 0.4986111111111111 0.01796875 0.04722222222222222
0 0.43203125 0.46458333333333335 0.0140625 0.034722222222222224
1 0.746484375 0.4201388888888889 0.01640625 0.04861111111111111
0 0.448046875 0.4354166666666667 0.00859375 0.020833333333333332
0 0.4578125 0.4236111111111111 0.0078125 0.019444444444444445
1 0.988671875 0.4513888888888889 0.00859375 0.022222222222222223
0 0.49453125 0.41041666666666665 0.0078125 0.015277777777777777
0 0.5453125 0.43125 0.0078125 0.015277777777777777
0 0.45390625 0.4097222222222222 0.0078125 0.013888888888888888
0 0.44296875 0.4222222222222222 0.0078125 0.013888888888888888
0 0.39609375 0.4236111111111111 0.0078125 0.013888888888888888
0 0.22578125 0.4486111111111111 0.0078125 0.013888888888888888
0 0.30859375 0.4375 0.0078125 0.013888888888888888
0 0.3109375 0.42777777777777776 0.0078125 0.013888888888888888
0 0.23984375 0.4375 0.0078125 0.013888888888888888
