1 0.233984375 0.37777777777777777 0.03359375 0.07777777777777778
1 0.773828125 0.6159722222222223 0.03671875 0.1125
1 0.73671875 0.46111111111111114 0.0203125 0.05277777777777778
1 0.45625 0.33402777777777776 0.01875 0.04027777777777778
1 0.793359375 0.4354166666666667 0.01328125 0.03194444444444444
1 0.869921875 0.45625 0.00859375 0.02361111111111111
1 0.946484375 0.49583333333333335 0.00703125 0.019444444444444445
1 0.65234375 0.35555555555555557 0.0109375 0.030555555555555555
1 0.77578125 0.3951388888888889 0.0078125 0.018055555555555554
1 0.880078125 0.44375 0.00703125 0.018055555555555554
