1 0.71875 0.5514322916666666 0.0361328125 0.06510416666666667
0 0.292236328125 0.5436197916666666 0.03271484375 0.061197916666666664
1 0.614990234375 0.466796875 0.01416015625 0.03125
1 0.5810546875 0.4446614583333333 0.0107421875 0.022135416666666668
0 0.398681640625 0.462890625 0.01318359375 0.02734375
0 0.44287109375 0.4274088541666667 0.0078125 0.017578125
0 0.4228515625 0.4427083333333333 0.013671875 0.0234375
1 0.5595703125 0.4267578125 0.009765625 0.016276041666666668
1 0.54931640625 0.4176432291666667 0.0078125 0.013671875
1 0.543212890625 0.4114583333333333 0.00634765625 0.013020833333333334
0 0.45751953125 0.4176432291666667 0.0078125 0.014973958333333334
1 0.53564453125 0.40625 0.0048828125 0.009114583333333334
