1 0.7666015625 0.4990234375 0.0263671875 0.050130208333333336
0 0.423583984375 0.4710286458333333 0.02001953125 0.037109375
1 0.696533203125 0.44921875 0.01318359375 0.024739583333333332
0 0.506103515625 0.4397786458333333 0.01513671875 0.022786458333333332
0 0.56884765625 0.4264322916666667 0.0087890625 0.016927083333333332
2 0.41015625 0.4264322916666667 0.0185546875 0.015625
1 0.7177734375 0.4283854166666667 0.0087890625 0.016927083333333332
0 0.673095703125 0.4186197916666667 0.00537109375 0.01171875
1 0.699462890625 0.4322916666666667 0.00830078125 0.016927083333333332
2 0.61669921875 0.4130859375 0.0068359375 0.013671875
