0 0.681875 0.47635135135135137 0.02875 0.057432432432432436
0 0.64375 0.43243243243243246 0.0175 0.037162162162162164
1 0.954375 0.43496621621621623 0.02375 0.03885135135135135
1 0.7925 0.41807432432432434 0.0175 0.03209459459459459
0 0.590625 0.4214527027027027 0.01125 0.02533783783783784
1 0.634375 0.4028716216216216 0.01125 0.02195945945945946
0 0.536875 0.41131756756756754 0.01375 0.02195945945945946
0 0.3675 0.40371621621621623 0.01 0.02027027027027027
0 0.485 0.40878378378378377 0.01 0.02027027027027027
0 0.435 0.4045608108108108 0.01 0.018581081081081082
1 0.584375 0.40033783783783783 0.01125 0.02027027027027027
1 0.70625 0.40878378378378377 0.0125 0.02364864864864865
0 0.26 0.4028716216216216 0.0075 0.018581081081081082
1 0.424375 0.3969594594594595 0.00875 0.02027027027027027
1 0.508125 0.3969594594594595 0.01375 0.02702702702702703
