1 0.687744140625 0.5458984375 0.04248046875 0.06575520833333333
0 0.069091796875 0.58203125 0.04931640625 0.07942708333333333
1 0.655517578125 0.4622395833333333 0.01708984375 0.029947916666666668
0 0.3193359375 0.4742838541666667 0.0205078125 0.037109375
0 0.36962890625 0.4449869791666667 0.0107421875 0.022786458333333332
1 0.60400390625 0.4404296875 0.0107421875 0.022786458333333332
1 0.558349609375 0.4270833333333333 0.01123046875 0.01953125
0 0.356689453125 0.4319661458333333 0.00732421875 0.017578125
1 0.505615234375 0.421875 0.00830078125 0.016927083333333332
1 0.421142578125 0.4176432291666667 0.00830078125 0.014973958333333334
1 0.3544921875 0.4156901041666667 0.0078125 0.014973958333333334
0 0.289306640625 0.4303385416666667 0.00732421875 0.015625
1 0.291015625 0.4192708333333333 0.0068359375 0.014322916666666666
1 0.21142578125 0.4225260416666667 0.0078125 0.015625
0 0.18505859375 0.4319661458333333 0.0087890625 0.017578125
0 0.087646484375 0.4342447916666667 0.00732421875 0.013020833333333334
1 0.164794921875 0.4231770833333333 0.00634765625 0.013020833333333334
0 0.07275390625 0.4251302083333333 0.0048828125 0.010416666666666666
1 0.197021484375 0.4163411458333333 0.00634765625 0.009765625
