0 0.751875 0.5329391891891891 0.08125 0.14695945945945946
0 0.511875 0.5 0.05125 0.09797297297297297
0 0.426875 0.48817567567567566 0.03875 0.07432432432432433
0 0.364375 0.4780405405405405 0.02875 0.057432432432432436
0 0.30125 0.4721283783783784 0.025 0.048986486486486486
0 0.25375 0.46875 0.0175 0.03885135135135135
0 0.201875 0.4653716216216216 0.01625 0.03547297297297297
1 0.02625 0.5 0.0525 0.12162162162162163
1 0.041875 0.4814189189189189 0.03625 0.08783783783783784
1 0.06125 0.47297297297297297 0.0325 0.06756756756756757
0 0.161875 0.46283783783783783 0.01625 0.030405405405405407
0 0.1275 0.4577702702702703 0.0125 0.02364864864864865
0 0.088125 0.46030405405405406 0.01375 0.02533783783783784
