0 0.073125 0.8078125 0.07875 0.221875
0 0.175625 0.5453125 0.05125 0.128125
1 0.50125 0.475 0.04 0.075
1 0.42125 0.4796875 0.04 0.071875
0 0.38875 0.4390625 0.03 0.065625
1 0.41 0.440625 0.03 0.0625
0 0.5475 0.1734375 0.0175 0.071875
2 0.793125 0.3484375 0.02875 0.115625
1 0.485625 0.375 0.02625 0.04375
0 0.218125 0.4125 0.02375 0.075
1 0.015 0.484375 0.025 0.0875
1 0.07375 0.4171875 0.025 0.071875
1 0.1025 0.3734375 0.0175 0.053125
0 0.22375 0.378125 0.0175 0.05
0 0.223125 0.334375 0.01125 0.0375
0 0.51 0.3765625 0.0175 0.059375
1 0.520625 0.2765625 0.01875 0.059375
0 0.45875 0.340625 0.0125 0.04375
0 0.23125 0.30625 0.01 0.03125
0 0.261875 0.303125 0.00875 0.03125
0 0.469375 0.271875 0.00875 0.04375
1 0.435 0.2671875 0.01 0.040625
1 0.119375 0.3265625 0.01125 0.034375
1 0.1075 0.334375 0.0125 0.0375
0 0.2 0.3203125 0.0075 0.034375
1 0.091875 0.3546875 0.01375 0.040625
1 0.17125 0.3046875 0.01 0.028125
0 0.211875 0.353125 0.01375 0.05
1 0.469375 0.3609375 0.01375 0.053125
1 0.151875 0.315625 0.01125 0.03125
