1 0.9625 0.8453125 0.0725 0.290625
1 0.929375 0.6390625 0.06625 0.215625
1 0.809375 0.5796875 0.05625 0.196875
0 0.7475 0.496875 0.045 0.14375
1 0.695 0.4296875 0.0375 0.128125
0 0.0275 0.6453125 0.045 0.190625
1 0.04875 0.5703125 0.0475 0.171875
1 0.223125 0.4546875 0.02875 0.115625
2 0.175 0.3 0.025 0.10625
1 0.165 0.490625 0.0425 0.14375
1 0.253125 0.4421875 0.02625 0.084375
0 0.14 0.2625 0.02 0.1
0 0.638125 0.4 0.01875 0.09375
0 0.341875 0.365625 0.01625 0.075
0 0.3925 0.3546875 0.025 0.059375
0 0.376875 0.334375 0.01375 0.075
0 0.289375 0.39375 0.04125 0.0625
1 0.588125 0.3078125 0.01375 0.084375
1 0.14 0.378125 0.0375 0.11875
1 0.39625 0.3 0.0175 0.05625
0 0.57375 0.3234375 0.0125 0.059375
1 0.275 0.4203125 0.0225 0.103125
1 0.593125 0.3515625 0.02625 0.078125
0 0.615 0.4078125 0.0325 0.146875
