1 0.112890625 0.48680555555555555 0.04453125 0.10416666666666667
2 0.712109375 0.49236111111111114 0.03203125 0.08194444444444444
1 0.41484375 0.35694444444444445 0.0140625 0.044444444444444446
1 0.57265625 0.3333333333333333 0.0078125 0.022222222222222223
1 0.91953125 0.4652777777777778 0.0125 0.03888888888888889
1 0.6296875 0.32569444444444445 0.0078125 0.018055555555555554
2 0.741796875 0.3625 0.00703125 0.016666666666666666
1 0.1921875 0.29791666666666666 0.0109375 0.0375
1 0.240234375 0.3 0.00703125 0.025
1 0.849609375 0.39861111111111114 0.00703125 0.019444444444444445
2 0.230859375 0.2986111111111111 0.00703125 0.025
