2 0.853515625 0.6285807291666666 0.083984375 0.177734375
2 0.200927734375 0.6175130208333334 0.07275390625 0.173828125
0 0.31689453125 0.5305989583333334 0.033203125 0.06640625
1 0.690185546875 0.513671875 0.02978515625 0.057291666666666664
1 0.610595703125 0.4635416666666667 0.01806640625 0.037760416666666664
0 0.3896484375 0.4612630208333333 0.0205078125 0.033203125
0 0.427001953125 0.4241536458333333 0.01123046875 0.021484375
1 0.56005859375 0.4264322916666667 0.0107421875 0.018229166666666668
1 0.544189453125 0.4143880208333333 0.00927734375 0.016276041666666668
2 0.047607421875 0.8333333333333334 0.09228515625 0.2526041666666667
1 0.533447265625 0.4075520833333333 0.00634765625 0.013020833333333334
1 0.52490234375 0.4010416666666667 0.005859375 0.01171875
0 0.44091796875 0.412109375 0.0068359375 0.013020833333333334
0 0.44580078125 0.4059244791666667 0.005859375 0.012369791666666666
0 0.451416015625 0.400390625 0.00537109375 0.010416666666666666
