1 0.82373046875 0.5354817708333334 0.037109375 0.060546875
1 0.6689453125 0.4671223958333333 0.0234375 0.038411458333333336
0 0.270263671875 0.4847005208333333 0.02294921875 0.039713541666666664
0 0.04541015625 0.6315104166666666 0.068359375 0.09244791666666667
1 0.575927734375 0.435546875 0.01416015625 0.024739583333333332
0 0.27587890625 0.4521484375 0.015625 0.027994791666666668
1 0.497314453125 0.4235026041666667 0.01123046875 0.020182291666666668
1 0.384765625 0.4202473958333333 0.009765625 0.018880208333333332
0 0.18798828125 0.447265625 0.013671875 0.024739583333333332
1 0.30078125 0.4189453125 0.009765625 0.017578125
1 0.21728515625 0.4241536458333333 0.0078125 0.017578125
1 0.16357421875 0.4111328125 0.005859375 0.011067708333333334
1 0.11474609375 0.4303385416666667 0.0087890625 0.015625
1 0.0615234375 0.431640625 0.0087890625 0.015625
0 0.04833984375 0.4508463541666667 0.0126953125 0.022786458333333332
0 0.04345703125 0.4222005208333333 0.005859375 0.011067708333333334
1 0.13671875 0.4111328125 0.0048828125 0.009765625
