0 0.27265625 0.75625 0.05 0.1375
0 0.753515625 0.5416666666666666 0.03359375 0.08333333333333333
0 0.328125 0.5861111111111111 0.0328125 0.08055555555555556
0 0.921484375 0.46319444444444446 0.01640625 0.05416666666666667
0 0.659375 0.4951388888888889 0.0296875 0.06805555555555555
0 0.0734375 0.5875 0.0171875 0.04722222222222222
2 0.58828125 0.46041666666666664 0.0171875 0.05138888888888889
0 0.828125 0.4444444444444444 0.0140625 0.04722222222222222
2 0.341015625 0.5243055555555556 0.01796875 0.059722222222222225
0 0.5359375 0.44930555555555557 0.0140625 0.0375
0 0.519140625 0.4354166666666667 0.01171875 0.029166666666666667
0 0.832421875 0.4111111111111111 0.01015625 0.030555555555555555
2 0.762109375 0.42777777777777776 0.01328125 0.03888888888888889
0 0.35390625 0.49444444444444446 0.015625 0.03888888888888889
0 0.905078125 0.42083333333333334 0.01171875 0.03333333333333333
2 0.42421875 0.44305555555555554 0.009375 0.025
0 0.776953125 0.40555555555555556 0.01171875 0.030555555555555555
0 0.98515625 0.43472222222222223 0.0125 0.03888888888888889
0 0.726171875 0.39791666666666664 0.00859375 0.020833333333333332
0 0.36015625 0.4708333333333333 0.0125 0.03333333333333333
0 0.143359375 0.5375 0.01171875 0.03611111111111111
0 0.698828125 0.4173611111111111 0.01015625 0.03194444444444444
