1 0.37734375 0.5486111111111112 0.0234375 0.06388888888888888
1 0.6890625 0.5263888888888889 0.01875 0.058333333333333334
1 0.430078125 0.47638888888888886 0.01015625 0.027777777777777776
1 0.559765625 0.46944444444444444 0.01015625 0.027777777777777776
1 0.5375 0.4597222222222222 0.0078125 0.019444444444444445
1 0.5328125 0.44930555555555557 0.0078125 0.015277777777777777
1 0.55 0.44583333333333336 0.0078125 0.019444444444444445
1 0.440234375 0.4625 0.00859375 0.025
1 0.49609375 0.4444444444444444 0.0078125 0.013888888888888888
1 0.453125 0.45069444444444445 0.0078125 0.015277777777777777
1 0.5640625 0.4423611111111111 0.0078125 0.018055555555555554
1 0.58984375 0.44375 0.0078125 0.018055555555555554
1 0.640625 0.4395833333333333 0.0078125 0.018055555555555554
1 0.621875 0.4388888888888889 0.0078125 0.013888888888888888
