1 0.08625 0.6875 0.06 0.21875
1 0.211875 0.5890625 0.04125 0.159375
1 0.88125 0.5546875 0.04 0.165625
1 0.97875 0.603125 0.04 0.21875
0 0.39875 0.44375 0.025 0.10625
0 0.116875 0.340625 0.03125 0.14375
2 0.165625 0.371875 0.03375 0.14375
1 0.754375 0.4640625 0.02625 0.109375
1 0.3 0.525 0.0325 0.13125
1 0.261875 0.5859375 0.04125 0.134375
0 0.68625 0.3796875 0.02 0.096875
0 0.793125 0.4953125 0.02875 0.134375
0 0.44625 0.3984375 0.015 0.084375
0 0.3175 0.496875 0.05 0.08125
1 0.716875 0.4203125 0.03125 0.140625
1 0.471875 0.3734375 0.02125 0.078125
0 0.464375 0.425 0.02625 0.05625
1 0.70375 0.3484375 0.0225 0.096875
0 0.761875 0.5625 0.05625 0.1
1 0.119375 0.490625 0.04125 0.16875
