2 0.4 0.47453703703703703 0.034375 0.08796296296296297
2 0.9125 0.5648148148148148 0.03333333333333333 0.07777777777777778
2 0.7638020833333333 0.38796296296296295 0.009895833333333333 0.027777777777777776
2 0.07994791666666666 0.7152777777777778 0.0703125 0.18425925925925926
2 0.59921875 0.3958333333333333 0.016145833333333335 0.04351851851851852
2 0.7984375 0.4351851851851852 0.0125 0.040740740740740744
2 0.6354166666666666 0.3476851851851852 0.008333333333333333 0.021296296296296296
2 0.62578125 0.36435185185185187 0.013020833333333334 0.026851851851851852
2 0.7466145833333333 0.3648148148148148 0.0067708333333333336 0.020370370370370372
2 0.7083333333333334 0.3416666666666667 0.00625 0.016666666666666666
2 0.6190104166666667 0.3263888888888889 0.005729166666666666 0.01574074074074074
