0 0.1123046875 0.5807291666666666 0.0478515625 0.07682291666666667
0 0.529541015625 0.4417317708333333 0.01416015625 0.024088541666666668
1 0.74609375 0.5634765625 0.0498046875 0.07486979166666667
1 0.7373046875 0.4781901041666667 0.0185546875 0.034505208333333336
0 0.369140625 0.4713541666666667 0.01953125 0.03515625
0 0.679443359375 0.4342447916666667 0.01123046875 0.020833333333333332
0 0.92431640625 0.4368489583333333 0.015625 0.026041666666666668
0 0.747802734375 0.4332682291666667 0.01318359375 0.020182291666666668
1 0.8759765625 0.4680989583333333 0.015625 0.029947916666666668
0 0.8037109375 0.4339192708333333 0.01171875 0.020182291666666668
