1 0.90771484375 0.6057942708333334 0.0517578125 0.10091145833333333
1 0.379150390625 0.521484375 0.03173828125 0.05859375
1 0.694580078125 0.474609375 0.02197265625 0.037760416666666664
1 0.429443359375 0.47265625 0.02099609375 0.0390625
1 0.672607421875 0.4475911458333333 0.01611328125 0.025390625
1 0.497802734375 0.4345703125 0.01416015625 0.024088541666666668
1 0.447509765625 0.4514973958333333 0.01416015625 0.027994791666666668
1 0.56005859375 0.4241536458333333 0.0126953125 0.020182291666666668
1 0.615966796875 0.4202473958333333 0.00927734375 0.017578125
1 0.784912109375 0.4319661458333333 0.01220703125 0.021484375
1 0.687255859375 0.4169921875 0.00830078125 0.016276041666666668
1 0.843994140625 0.4182942708333333 0.00927734375 0.016276041666666668
2 0.587158203125 0.4007161458333333 0.00537109375 0.011067708333333334
1 0.76416015625 0.4169921875 0.0087890625 0.016276041666666668
1 0.933349609375 0.4342447916666667 0.01220703125 0.020833333333333332
