2 0.174609375 0.8979166666666667 0.07890625 0.17916666666666667
0 0.30859375 0.6638888888888889 0.034375 0.1
0 0.3671875 0.5520833333333334 0.0234375 0.059722222222222225
0 0.389453125 0.4979166666666667 0.01796875 0.043055555555555555
2 0.496484375 0.47708333333333336 0.01640625 0.04861111111111111
2 0.9359375 0.675 0.053125 0.14444444444444443
0 0.7375 0.5576388888888889 0.03125 0.08472222222222223
0 0.674609375 0.4930555555555556 0.02109375 0.06111111111111111
0 0.78671875 0.39652777777777776 0.0078125 0.02638888888888889
0 0.803125 0.4 0.0078125 0.027777777777777776
