1 0.458984375 0.34791666666666665 0.01796875 0.04583333333333333
1 0.7171875 0.4215277777777778 0.0171875 0.04583333333333333
1 0.653515625 0.35208333333333336 0.00859375 0.020833333333333332
1 0.578515625 0.30277777777777776 0.00703125 0.013888888888888888
1 0.517578125 0.3055555555555556 0.00859375 0.022222222222222223
1 0.646875 0.3368055555555556 0.0078125 0.015277777777777777
1 0.542578125 0.3013888888888889 0.00703125 0.013888888888888888
1 0.617578125 0.31180555555555556 0.00703125 0.0125
1 0.6640625 0.3326388888888889 0.0078125 0.0125
1 0.982421875 0.8194444444444444 0.03203125 0.14444444444444443
