1 0.821484375 0.5409722222222222 0.03203125 0.08194444444444444
1 0.275 0.4965277777777778 0.040625 0.10972222222222222
1 0.35390625 0.34305555555555556 0.015625 0.041666666666666664
1 0.537109375 0.3326388888888889 0.01171875 0.03194444444444444
1 0.4703125 0.30486111111111114 0.009375 0.020833333333333332
1 0.312890625 0.30694444444444446 0.01015625 0.027777777777777776
1 0.25703125 0.29583333333333334 0.0078125 0.016666666666666666
1 0.33203125 0.2833333333333333 0.0078125 0.013888888888888888
1 0.415234375 0.29375 0.00859375 0.015277777777777777
1 0.21328125 0.2875 0.0078125 0.013888888888888888
