1 0.090625 0.6570945945945946 0.17875 0.30067567567567566
1 0.3375 0.5743243243243243 0.105 0.16891891891891891
1 0.424375 0.5430743243243243 0.05875 0.09966216216216216
1 0.85625 0.5101351351351351 0.0525 0.09121621621621621
0 0.715625 0.5092905405405406 0.03625 0.06587837837837837
0 0.621875 0.5084459459459459 0.02875 0.057432432432432436
0 0.5125 0.5101351351351351 0.025 0.05067567567567568
0 0.455625 0.5092905405405406 0.02125 0.04222972972972973
1 0.213125 0.5253378378378378 0.02125 0.04391891891891892
1 0.24625 0.527027027027027 0.025 0.0472972972972973
1 0.294375 0.527027027027027 0.02875 0.057432432432432436
