1 0.42822265625 0.4541015625 0.0185546875 0.031901041666666664
1 0.059326171875 0.6383463541666666 0.06982421875 0.10091145833333333
1 0.660888671875 0.5335286458333334 0.03955078125 0.06705729166666667
1 0.51416015625 0.4794921875 0.0263671875 0.039713541666666664
1 0.171630859375 0.4947916666666667 0.02294921875 0.041666666666666664
1 0.27392578125 0.439453125 0.0126953125 0.024739583333333332
1 0.1796875 0.4401041666666667 0.013671875 0.022135416666666668
1 0.351806640625 0.4427083333333333 0.01416015625 0.024739583333333332
1 0.0439453125 0.4710286458333333 0.01953125 0.033203125
1 0.08837890625 0.4449869791666667 0.0126953125 0.022786458333333332
