1 0.656005859375 0.5501302083333334 0.03564453125 0.06901041666666667
1 0.23291015625 0.5846354166666666 0.0439453125 0.08072916666666667
1 0.419921875 0.4537760416666667 0.0146484375 0.024739583333333332
1 0.581787109375 0.470703125 0.01611328125 0.028645833333333332
1 0.558349609375 0.4508463541666667 0.01220703125 0.022786458333333332
1 0.4462890625 0.44140625 0.01171875 0.020833333333333332
1 0.214599609375 0.4765625 0.02001953125 0.028645833333333332
1 0.36181640625 0.4388020833333333 0.009765625 0.016927083333333332
1 0.47265625 0.4313151041666667 0.0078125 0.013671875
1 0.23388671875 0.4508463541666667 0.0087890625 0.018880208333333332
1 0.533203125 0.4261067708333333 0.0048828125 0.012369791666666666
1 0.3828125 0.4270833333333333 0.0068359375 0.01171875
1 0.538818359375 0.4306640625 0.00634765625 0.012369791666666666
1 0.44970703125 0.4095052083333333 0.0048828125 0.0078125
1 0.283935546875 0.4293619791666667 0.00537109375 0.011067708333333334
1 0.20654296875 0.4391276041666667 0.0068359375 0.012369791666666666
1 0.4814453125 0.4192708333333333 0.0048828125 0.009114583333333334
1 0.0302734375 0.4576822916666667 0.0087890625 0.014322916666666666
1 0.103271484375 0.4479166666666667 0.00732421875 0.013020833333333334
1 0.198486328125 0.4332682291666667 0.00634765625 0.011067708333333334
1 0.0458984375 0.4456380208333333 0.0078125 0.012369791666666666
1 0.235107421875 0.4270833333333333 0.00537109375 0.010416666666666666
1 0.2939453125 0.4189453125 0.0048828125 0.008463541666666666
1 0.178466796875 0.427734375 0.00537109375 0.01171875
