0 0.186767578125 0.6012369791666666 0.05126953125 0.07877604166666667
1 0.785400390625 0.5849609375 0.05126953125 0.080078125
1 0.947998046875 0.5380859375 0.04150390625 0.061848958333333336
0 0.252685546875 0.5084635416666666 0.02392578125 0.05078125
1 0.39013671875 0.4430338541666667 0.013671875 0.025390625
1 0.2275390625 0.4469401041666667 0.0146484375 0.024088541666666668
0 0.1630859375 0.4860026041666667 0.0205078125 0.037109375
0 0.064208984375 0.4856770833333333 0.02099609375 0.033854166666666664
1 0.626953125 0.4775390625 0.0224609375 0.048828125
1 0.49853515625 0.4488932291666667 0.01953125 0.029296875
1 0.7646484375 0.4534505208333333 0.0185546875 0.030598958333333332
1 0.69775390625 0.4264322916666667 0.0126953125 0.022135416666666668
1 0.0849609375 0.4505208333333333 0.0126953125 0.0234375
0 0.826416015625 0.4254557291666667 0.01318359375 0.024088541666666668
1 0.6591796875 0.4111328125 0.0078125 0.016276041666666668
0 0.939208984375 0.4557291666666667 0.01806640625 0.029947916666666668
1 0.63427734375 0.4007161458333333 0.0068359375 0.013671875
1 0.6220703125 0.3948567708333333 0.005859375 0.012369791666666666
1 0.612060546875 0.3899739583333333 0.00537109375 0.010416666666666666
0 0.761962890625 0.4104817708333333 0.00732421875 0.014973958333333334
0 0.70751953125 0.3974609375 0.005859375 0.011067708333333334
0 0.690185546875 0.3929036458333333 0.00537109375 0.012369791666666666
0 0.732421875 0.4033203125 0.005859375 0.013671875
0 0.6767578125 0.3896484375 0.0048828125 0.009765625
0 0.6630859375 0.3854166666666667 0.0048828125 0.009114583333333334
0 0.65087890625 0.3831380208333333 0.0048828125 0.008463541666666666
0 0.64404296875 0.380859375 0.0048828125 0.006510416666666667
1 0.605712890625 0.3850911458333333 0.00537109375 0.009765625
