1 0.701416015625 0.5472005208333334 0.03662109375 0.06575520833333333
1 0.56396484375 0.4641927083333333 0.0166015625 0.033854166666666664
0 0.25927734375 0.5452473958333334 0.0322265625 0.059244791666666664
1 0.72607421875 0.4820963541666667 0.0205078125 0.043619791666666664
1 0.5078125 0.4423828125 0.0107421875 0.025390625
1 0.98095703125 0.5745442708333334 0.03515625 0.06705729166666667
1 0.622314453125 0.4524739583333333 0.01416015625 0.02734375
0 0.341552734375 0.4700520833333333 0.01611328125 0.03125
1 0.406982421875 0.4306640625 0.01220703125 0.022786458333333332
0 0.326904296875 0.4423828125 0.01123046875 0.025390625
0 0.35205078125 0.4495442708333333 0.0126953125 0.022786458333333332
1 0.46875 0.431640625 0.009765625 0.022135416666666668
0 0.902099609375 0.4794921875 0.02001953125 0.033203125
0 0.76123046875 0.4524739583333333 0.01171875 0.02734375
1 0.535400390625 0.4270833333333333 0.00927734375 0.01953125
0 0.677978515625 0.4368489583333333 0.00830078125 0.020833333333333332
0 0.617919921875 0.4248046875 0.00927734375 0.017578125
0 0.256591796875 0.4440104166666667 0.01025390625 0.020833333333333332
0 0.19091796875 0.4459635416666667 0.01171875 0.0234375
1 0.344482421875 0.4313151041666667 0.00927734375 0.018880208333333332
1 0.570068359375 0.4365234375 0.01123046875 0.022786458333333332
1 0.0087890625 0.44921875 0.0107421875 0.01953125
0 0.044921875 0.4554036458333333 0.01171875 0.017578125
1 0.126708984375 0.44140625 0.01025390625 0.01953125
1 0.240966796875 0.435546875 0.01025390625 0.018229166666666668
0 0.556640625 0.4137369791666667 0.0078125 0.014973958333333334
1 0.51123046875 0.4202473958333333 0.0068359375 0.016276041666666668
1 0.49267578125 0.416015625 0.005859375 0.014322916666666666
0 0.583740234375 0.41796875 0.00732421875 0.014322916666666666
1 0.477294921875 0.4111328125 0.00634765625 0.012369791666666666
0 0.542236328125 0.4104817708333333 0.00634765625 0.013671875
0 0.52880859375 0.4078776041666667 0.0048828125 0.012369791666666666
0 0.51904296875 0.4059244791666667 0.005859375 0.012369791666666666
