0 0.77 0.5261824324324325 0.0675 0.1266891891891892
0 0.541875 0.5135135135135135 0.04625 0.08783783783783784
0 0.428125 0.504222972972973 0.03875 0.07601351351351351
0 0.498125 0.49915540540540543 0.02875 0.05912162162162162
1 0.071875 0.5084459459459459 0.03875 0.06756756756756757
1 0.141875 0.5025337837837838 0.03125 0.05912162162162162
1 0.260625 0.49577702702702703 0.02875 0.048986486486486486
0 0.59375 0.49493243243243246 0.025 0.0472972972972973
1 0.365625 0.49239864864864863 0.02125 0.04222972972972973
1 0.46125 0.4890202702702703 0.015 0.03547297297297297
0 0.653125 0.4907094594594595 0.01875 0.04560810810810811
0 0.66625 0.4864864864864865 0.02 0.04054054054054054
0 0.635 0.4822635135135135 0.0125 0.028716216216216218
0 0.345 0.4856418918918919 0.0125 0.02533783783783784
1 0.1675 0.4907094594594595 0.0175 0.03547297297297297
0 0.10375 0.49155405405405406 0.015 0.030405405405405407
