2 0.198974609375 0.6197916666666666 0.07470703125 0.16145833333333334
2 0.850341796875 0.6298828125 0.08935546875 0.17122395833333334
1 0.687744140625 0.5159505208333334 0.03271484375 0.054036458333333336
0 0.316650390625 0.5325520833333334 0.03466796875 0.061197916666666664
1 0.611083984375 0.4635416666666667 0.01904296875 0.036458333333333336
0 0.388916015625 0.4606119791666667 0.01904296875 0.037109375
1 0.543701171875 0.4143880208333333 0.00927734375 0.016276041666666668
1 0.53369140625 0.4072265625 0.0078125 0.013671875
1 0.56005859375 0.4274088541666667 0.013671875 0.021484375
0 0.427001953125 0.4251302083333333 0.01318359375 0.022135416666666668
0 0.441162109375 0.4127604166666667 0.00927734375 0.014322916666666666
2 0.046142578125 0.849609375 0.09130859375 0.22916666666666666
1 0.52490234375 0.4010416666666667 0.0048828125 0.010416666666666666
0 0.451171875 0.4007161458333333 0.0048828125 0.009765625
1 0.52001953125 0.3968098958333333 0.0048828125 0.009765625
1 0.51806640625 0.392578125 0.0048828125 0.0078125
0 0.45703125 0.396484375 0.0048828125 0.006510416666666667
2 0.969970703125 0.8069661458333334 0.05908203125 0.13606770833333334
0 0.446044921875 0.4069010416666667 0.00634765625 0.010416666666666666
