1 0.531640625 0.49236111111111114 0.01953125 0.043055555555555555
1 0.286328125 0.5513888888888889 0.02265625 0.05
1 0.219921875 0.6701388888888888 0.04765625 0.10972222222222222
1 0.75 0.5277777777777778 0.025 0.06944444444444445
1 0.248828125 0.5333333333333333 0.01484375 0.03888888888888889
1 0.186328125 0.5375 0.01015625 0.025
1 0.306640625 0.5013888888888889 0.00703125 0.022222222222222223
1 0.393359375 0.49375 0.00859375 0.02361111111111111
1 0.123828125 0.5506944444444445 0.01015625 0.029166666666666667
1 0.00625 0.5763888888888888 0.0125 0.027777777777777776
