1 0.131875 0.5802364864864865 0.14125 0.22466216216216217
1 0.453125 0.518581081081081 0.05875 0.10472972972972973
1 0.631875 0.504222972972973 0.03625 0.07601351351351351
1 0.771875 0.4983108108108108 0.03375 0.06418918918918919
1 0.9375 0.49746621621621623 0.0325 0.0625
1 0.8175 0.4797297297297297 0.0125 0.02364864864864865
1 0.74125 0.47719594594594594 0.0125 0.02533783783783784
1 0.0275 0.46959459459459457 0.0225 0.033783783783783786
1 0.396875 0.4670608108108108 0.01125 0.02195945945945946
1 0.109375 0.46621621621621623 0.01125 0.02702702702702703
1 0.180625 0.46368243243243246 0.01125 0.018581081081081082
1 0.096875 0.46875 0.01375 0.028716216216216218
1 0.21375 0.46368243243243246 0.01 0.018581081081081082
0 0.72625 0.4780405405405405 0.0075 0.016891891891891893
1 0.4975 0.47128378378378377 0.0125 0.02364864864864865
1 0.98875 0.4839527027027027 0.015 0.02533783783783784
1 0.90375 0.4814189189189189 0.015 0.02702702702702703
0 0.87375 0.48057432432432434 0.0125 0.02195945945945946
0 0.798125 0.47719594594594594 0.01125 0.02195945945945946
1 0.585 0.47381756756756754 0.01 0.018581081081081082
