0 0.399658203125 0.466796875 0.01611328125 0.029947916666666668
1 0.667236328125 0.5052083333333334 0.03173828125 0.048177083333333336
1 0.59228515625 0.4612630208333333 0.0146484375 0.030598958333333332
0 0.331298828125 0.5107421875 0.02294921875 0.043619791666666664
1 0.5517578125 0.4378255208333333 0.0087890625 0.021484375
1 0.42138671875 0.4469401041666667 0.01171875 0.024088541666666668
0 0.438720703125 0.4378255208333333 0.00830078125 0.016276041666666668
1 0.568115234375 0.4479166666666667 0.01025390625 0.024739583333333332
0 0.44775390625 0.4342447916666667 0.0068359375 0.014322916666666666
1 0.53271484375 0.4280598958333333 0.0068359375 0.013671875
0 0.455810546875 0.4290364583333333 0.00634765625 0.013020833333333334
