0 0.061328125 0.9041666666666667 0.09140625 0.19166666666666668
0 0.219140625 0.6777777777777778 0.04921875 0.125
2 0.27578125 0.5861111111111111 0.0296875 0.08055555555555556
0 0.04609375 0.5819444444444445 0.01875 0.05
0 0.286328125 0.55625 0.01640625 0.05416666666666667
0 0.13203125 0.5486111111111112 0.0140625 0.03888888888888889
0 0.31328125 0.5347222222222222 0.0171875 0.03888888888888889
0 0.333203125 0.5208333333333334 0.01328125 0.03611111111111111
2 0.40078125 0.5145833333333333 0.0125 0.03194444444444444
2 0.091796875 0.5402777777777777 0.01328125 0.030555555555555555
0 0.16171875 0.5347222222222222 0.0140625 0.03611111111111111
0 0.51875 0.5166666666666667 0.015625 0.03888888888888889
2 0.23671875 0.5284722222222222 0.0140625 0.03194444444444444
0 0.3625 0.48680555555555555 0.0078125 0.018055555555555554
0 0.485546875 0.5097222222222222 0.01015625 0.030555555555555555
2 0.538671875 0.5027777777777778 0.00859375 0.027777777777777776
0 0.703515625 0.5118055555555555 0.01640625 0.04583333333333333
0 0.64453125 0.5041666666666667 0.0125 0.03333333333333333
0 0.561328125 0.4909722222222222 0.00859375 0.02361111111111111
0 0.594921875 0.4986111111111111 0.01015625 0.027777777777777776
1 0.655078125 0.4888888888888889 0.00859375 0.027777777777777776
0 0.548046875 0.4875 0.00859375 0.019444444444444445
2 0.53046875 0.4826388888888889 0.0078125 0.018055555555555554
0 0.780859375 0.5277777777777778 0.01484375 0.03888888888888889
0 0.55625 0.4875 0.0078125 0.025
0 0.55 0.5222222222222223 0.0125 0.03333333333333333
0 0.03359375 0.5381944444444444 0.009375 0.034722222222222224
0 0.303125 0.49375 0.0078125 0.015277777777777777
