1 0.84033203125 0.5341796875 0.03125 0.059244791666666664
1 0.93212890625 0.4860026041666667 0.0224609375 0.044921875
0 0.44970703125 0.4752604166666667 0.021484375 0.041666666666666664
1 0.80322265625 0.4720052083333333 0.0185546875 0.036458333333333336
0 0.595458984375 0.4479166666666667 0.01611328125 0.032552083333333336
1 0.869140625 0.4593098958333333 0.015625 0.034505208333333336
1 0.77685546875 0.44921875 0.0126953125 0.02734375
0 0.636474609375 0.4339192708333333 0.01123046875 0.022786458333333332
1 0.657958984375 0.4283854166666667 0.01123046875 0.018229166666666668
0 0.560791015625 0.4156901041666667 0.01025390625 0.020182291666666668
