1 0.629150390625 0.4801432291666667 0.01904296875 0.035807291666666664
1 0.590576171875 0.4485677083333333 0.01123046875 0.022135416666666668
0 0.430908203125 0.4479166666666667 0.00927734375 0.020833333333333332
0 0.35009765625 0.4925130208333333 0.015625 0.037109375
1 0.5732421875 0.4319661458333333 0.0078125 0.016276041666666668
1 0.816650390625 0.6402994791666666 0.05615234375 0.09700520833333333
0 0.46142578125 0.4313151041666667 0.0078125 0.014973958333333334
0 0.473876953125 0.421875 0.00537109375 0.01171875
0 0.47998046875 0.4182942708333333 0.0048828125 0.011067708333333334
0 0.4873046875 0.4163411458333333 0.0048828125 0.009765625
1 0.5771484375 0.4163411458333333 0.0048828125 0.009765625
1 0.561767578125 0.4235026041666667 0.00537109375 0.011067708333333334
1 0.560546875 0.4192708333333333 0.0048828125 0.010416666666666666
1 0.5634765625 0.4176432291666667 0.0048828125 0.008463541666666666
0 0.51708984375 0.4140625 0.0048828125 0.006510416666666667
