2 0.60107421875 0.509765625 0.0400390625 0.09114583333333333
2 0.566162109375 0.4892578125 0.03466796875 0.07486979166666667
2 0.2138671875 0.544921875 0.0498046875 0.10807291666666667
2 0.244384765625 0.5048828125 0.03564453125 0.09049479166666667
1 0.516357421875 0.4632161458333333 0.02099609375 0.033203125
1 0.473388671875 0.4423828125 0.01513671875 0.026692708333333332
0 0.278076171875 0.4847005208333333 0.02099609375 0.038411458333333336
0 0.30810546875 0.4485677083333333 0.015625 0.026041666666666668
1 0.439697265625 0.4208984375 0.00927734375 0.016276041666666668
1 0.427001953125 0.412109375 0.00732421875 0.013020833333333334
0 0.328125 0.4231770833333333 0.009765625 0.016927083333333332
1 0.417724609375 0.4072265625 0.00634765625 0.011067708333333334
1 0.41015625 0.40234375 0.0048828125 0.009114583333333334
1 0.4033203125 0.3951822916666667 0.0048828125 0.009114583333333334
0 0.33642578125 0.4137369791666667 0.0078125 0.012369791666666666
