1 0.41552734375 0.4892578125 0.0224609375 0.046223958333333336
1 0.69287109375 0.4749348958333333 0.0224609375 0.038411458333333336
1 0.1455078125 0.802734375 0.0830078125 0.1796875
1 0.646728515625 0.4381510416666667 0.01416015625 0.02734375
1 0.509033203125 0.4111328125 0.00927734375 0.017578125
1 0.463134765625 0.4417317708333333 0.01416015625 0.026692708333333332
1 0.727783203125 0.435546875 0.01318359375 0.020833333333333332
1 0.66748046875 0.4173177083333333 0.009765625 0.015625
1 0.710205078125 0.4016927083333333 0.00634765625 0.01171875
1 0.62109375 0.400390625 0.0068359375 0.013020833333333334
1 0.723388671875 0.4147135416666667 0.01123046875 0.016927083333333332
1 0.789794921875 0.4264322916666667 0.01025390625 0.018229166666666668
1 0.55419921875 0.4039713541666667 0.0078125 0.013671875
1 0.778076171875 0.4137369791666667 0.00830078125 0.014973958333333334
1 0.769287109375 0.404296875 0.00830078125 0.013020833333333334
1 0.986572265625 0.4248046875 0.01318359375 0.029296875
1 0.87060546875 0.4202473958333333 0.01171875 0.016276041666666668
1 0.844970703125 0.4088541666666667 0.00732421875 0.013020833333333334
