1 0.301513671875 0.5764973958333334 0.04541015625 0.08138020833333333
1 0.661376953125 0.4733072916666667 0.02099609375 0.044270833333333336
1 0.4453125 0.4313151041666667 0.01171875 0.020182291666666668
1 0.964599609375 0.6917317708333334 0.06689453125 0.13606770833333334
1 0.42333984375 0.4524739583333333 0.0166015625 0.029947916666666668
1 0.459228515625 0.421875 0.00830078125 0.015625
1 0.575439453125 0.4244791666666667 0.01025390625 0.016927083333333332
1 0.835693359375 0.4388020833333333 0.01416015625 0.0234375
1 0.5869140625 0.416015625 0.0078125 0.013020833333333334
1 0.546142578125 0.4137369791666667 0.00537109375 0.011067708333333334
1 0.47119140625 0.4114583333333333 0.0048828125 0.010416666666666666
1 0.579345703125 0.41015625 0.00537109375 0.010416666666666666
1 0.64697265625 0.4078776041666667 0.0048828125 0.009765625
1 0.820556640625 0.41796875 0.00732421875 0.013020833333333334
1 0.70654296875 0.4134114583333333 0.0078125 0.013020833333333334
1 0.5322265625 0.408203125 0.0048828125 0.0078125
1 0.72216796875 0.4111328125 0.0048828125 0.009765625
1 0.755859375 0.4098307291666667 0.0048828125 0.007161458333333333
1 0.4658203125 0.4156901041666667 0.005859375 0.012369791666666666
1 0.84228515625 0.416015625 0.0068359375 0.01171875
1 0.804443359375 0.4130859375 0.00537109375 0.009765625
1 0.6005859375 0.4046223958333333 0.0048828125 0.007161458333333333
1 0.60791015625 0.4007161458333333 0.0048828125 0.007161458333333333
1 0.5419921875 0.4114583333333333 0.0048828125 0.01171875
1 0.949462890625 0.419921875 0.00732421875 0.013020833333333334
1 0.79541015625 0.41015625 0.0048828125 0.009114583333333334
1 0.65283203125 0.4075520833333333 0.0048828125 0.009114583333333334
1 0.4755859375 0.408203125 0.0048828125 0.009114583333333334
1 0.76220703125 0.408203125 0.0048828125 0.0078125
1 0.71435546875 0.4026692708333333 0.0048828125 0.007161458333333333
