1 0.7646484375 0.5712890625 0.0400390625 0.07096354166666667
1 0.302001953125 0.619140625 0.05615234375 0.09244791666666667
1 0.427734375 0.4833984375 0.0166015625 0.037109375
1 0.634033203125 0.4759114583333333 0.01708984375 0.033854166666666664
1 0.58349609375 0.4482421875 0.0107421875 0.020182291666666668
1 0.794189453125 0.4635416666666667 0.01220703125 0.024739583333333332
1 0.470947265625 0.4358723958333333 0.00830078125 0.016276041666666668
1 0.567626953125 0.4348958333333333 0.00732421875 0.014322916666666666
1 0.478515625 0.4300130208333333 0.005859375 0.014973958333333334
1 0.6376953125 0.4342447916666667 0.0068359375 0.013020833333333334
1 0.592041015625 0.4215494791666667 0.00634765625 0.012369791666666666
