0 0.43603515625 0.484375 0.025390625 0.049479166666666664
0 0.527587890625 0.4661458333333333 0.02490234375 0.040364583333333336
0 0.2783203125 0.5400390625 0.04296875 0.07096354166666667
0 0.65380859375 0.4423828125 0.013671875 0.025390625
0 0.778564453125 0.4322916666666667 0.01123046875 0.016927083333333332
1 0.90234375 0.48828125 0.0205078125 0.032552083333333336
1 0.976318359375 0.630859375 0.04443359375 0.08463541666666667
1 0.709716796875 0.4348958333333333 0.01123046875 0.018229166666666668
1 0.906494140625 0.4606119791666667 0.01318359375 0.021484375
1 0.902587890625 0.4384765625 0.00830078125 0.013671875
1 0.8896484375 0.4303385416666667 0.005859375 0.013020833333333334
1 0.88134765625 0.4254557291666667 0.0048828125 0.011067708333333334
1 0.868408203125 0.4143880208333333 0.00537109375 0.008463541666666666
0 0.80078125 0.4290364583333333 0.0078125 0.01171875
1 0.875 0.4192708333333333 0.0078125 0.009114583333333334
