2 0.78625 0.7171875 0.0875 0.278125
1 0.638125 0.475 0.05125 0.16875
0 0.113125 0.596875 0.06625 0.2125
1 0.354375 0.36875 0.03375 0.125
1 0.475 0.290625 0.0225 0.0875
1 0.643125 0.3265625 0.03125 0.109375
1 0.833125 0.2703125 0.04375 0.078125
1 0.725 0.24375 0.02 0.08125
1 0.565 0.2171875 0.0225 0.078125
1 0.3475 0.234375 0.0325 0.0625
1 0.81375 0.184375 0.0175 0.0625
2 0.685 0.178125 0.0175 0.06875
2 0.795625 0.1546875 0.01375 0.059375
0 0.925625 0.14375 0.01375 0.05625
0 0.68875 0.0890625 0.0225 0.028125
1 0.04375 0.2984375 0.04 0.090625
