1 0.771875 0.6402777777777777 0.0421875 0.10555555555555556
1 0.262890625 0.5590277777777778 0.02890625 0.06527777777777778
1 0.76328125 0.5 0.025 0.05555555555555555
1 0.51484375 0.4576388888888889 0.0171875 0.04861111111111111
1 0.805078125 0.46805555555555556 0.01171875 0.03888888888888889
1 0.669140625 0.4340277777777778 0.01171875 0.029166666666666667
1 0.8015625 0.43333333333333335 0.009375 0.027777777777777776
1 0.9 0.46458333333333335 0.0109375 0.034722222222222224
1 0.978515625 0.45416666666666666 0.00859375 0.025
1 0.5421875 0.3888888888888889 0.0078125 0.025
1 0.528125 0.38819444444444445 0.0078125 0.02361111111111111
