1 0.793701171875 0.4739583333333333 0.02197265625 0.03515625
1 0.767578125 0.5354817708333334 0.0380859375 0.060546875
1 0.667724609375 0.4677734375 0.02197265625 0.035807291666666664
0 0.352783203125 0.5221354166666666 0.03271484375 0.061197916666666664
1 0.718017578125 0.4436848958333333 0.01416015625 0.025390625
1 0.623779296875 0.4417317708333333 0.01416015625 0.025390625
0 0.421630859375 0.4593098958333333 0.01806640625 0.034505208333333336
0 0.441162109375 0.4391276041666667 0.01513671875 0.026692708333333332
1 0.676025390625 0.431640625 0.01123046875 0.016927083333333332
0 0.7705078125 0.4306640625 0.0087890625 0.014973958333333334
1 0.610595703125 0.4306640625 0.01025390625 0.018880208333333332
1 0.6357421875 0.4290364583333333 0.009765625 0.016927083333333332
0 0.454345703125 0.42578125 0.00927734375 0.016927083333333332
0 0.497802734375 0.4189453125 0.00732421875 0.013671875
0 0.576171875 0.41796875 0.005859375 0.013020833333333334
0 0.916748046875 0.4563802083333333 0.01318359375 0.022135416666666668
0 0.851318359375 0.4423828125 0.01025390625 0.017578125
0 0.6708984375 0.4208984375 0.0078125 0.013671875
