0 0.7921875 0.5541666666666667 0.03125 0.08333333333333333
0 0.93125 0.7013888888888888 0.059375 0.14166666666666666
0 0.2140625 0.8972222222222223 0.0609375 0.1638888888888889
0 0.355859375 0.6263888888888889 0.03359375 0.09166666666666666
0 0.2515625 0.5506944444444445 0.01875 0.05694444444444444
0 0.40234375 0.5305555555555556 0.021875 0.058333333333333334
2 0.540625 0.5090277777777777 0.021875 0.0625
2 0.813671875 0.47152777777777777 0.01796875 0.04861111111111111
0 0.71015625 0.4847222222222222 0.0203125 0.05555555555555555
0 0.86640625 0.40555555555555556 0.0078125 0.027777777777777776
0 0.908203125 0.4173611111111111 0.01171875 0.03194444444444444
0 0.907421875 0.45902777777777776 0.01484375 0.04027777777777778
0 0.88671875 0.4131944444444444 0.0109375 0.02638888888888889
