1 0.8359375 0.5540364583333334 0.0400390625 0.06380208333333333
0 0.076171875 0.6341145833333334 0.064453125 0.09635416666666667
0 0.41357421875 0.4527994791666667 0.0126953125 0.027994791666666668
1 0.69775390625 0.4632161458333333 0.0146484375 0.029296875
1 0.688232421875 0.4378255208333333 0.01025390625 0.021484375
0 0.529541015625 0.4244791666666667 0.00732421875 0.015625
0 0.57958984375 0.4176432291666667 0.0078125 0.014973958333333334
2 0.519775390625 0.4111328125 0.01513671875 0.011067708333333334
1 0.69677734375 0.4251302083333333 0.0078125 0.016927083333333332
0 0.631591796875 0.4134114583333333 0.00634765625 0.01171875
1 0.721923828125 0.4195963541666667 0.00732421875 0.012369791666666666
