1 0.28203125 0.49236111111111114 0.009375 0.020833333333333332
1 0.269140625 0.5159722222222223 0.01640625 0.04027777777777778
1 0.17734375 0.5131944444444444 0.0109375 0.02638888888888889
1 0.198828125 0.5048611111111111 0.00859375 0.020833333333333332
1 0.358203125 0.48194444444444445 0.00859375 0.022222222222222223
1 0.48828125 0.4840277777777778 0.0125 0.029166666666666667
1 0.09453125 0.5284722222222222 0.0078125 0.02361111111111111
1 0.012890625 0.7048611111111112 0.02421875 0.10138888888888889
1 0.08359375 0.5243055555555556 0.0078125 0.018055555555555554
1 0.00390625 0.5444444444444444 0.0078125 0.025
1 0.07265625 0.5208333333333334 0.0078125 0.022222222222222223
