2 0.4080729166666667 0.4287037037037037 0.024479166666666666 0.05925925925925926
2 0.22057291666666667 0.5953703703703703 0.04635416666666667 0.10925925925925926
2 0.34817708333333336 0.4027777777777778 0.0140625 0.040740740740740744
2 0.5174479166666667 0.3592592592592593 0.0109375 0.02962962962962963
2 0.71328125 0.39861111111111114 0.018229166666666668 0.04722222222222222
2 0.2875 0.3587962962962963 0.007291666666666667 0.021296296296296296
2 0.17109375 0.39537037037037037 0.009895833333333333 0.027777777777777776
2 0.08541666666666667 0.39305555555555555 0.007291666666666667 0.019444444444444445
2 0.049479166666666664 0.3939814814814815 0.005208333333333333 0.012037037037037037
2 0.040625 0.3976851851851852 0.005208333333333333 0.012037037037037037
