1 0.928466796875 0.5611979166666666 0.04248046875 0.06640625
1 0.35302734375 0.5159505208333334 0.0244140625 0.055338541666666664
1 0.714599609375 0.5045572916666666 0.02783203125 0.0546875
1 0.640625 0.4560546875 0.0205078125 0.031901041666666664
1 0.43701171875 0.4443359375 0.013671875 0.025390625
1 0.485595703125 0.4169921875 0.00830078125 0.017578125
1 0.44970703125 0.4319661458333333 0.0078125 0.021484375
1 0.59814453125 0.4208984375 0.0087890625 0.014973958333333334
1 0.5986328125 0.4313151041666667 0.009765625 0.017578125
1 0.5283203125 0.4111328125 0.0078125 0.012369791666666666
1 0.62353515625 0.4055989583333333 0.005859375 0.01171875
1 0.78466796875 0.4134114583333333 0.0068359375 0.014322916666666666
1 0.7421875 0.4039713541666667 0.0048828125 0.013671875
1 0.980224609375 0.4495442708333333 0.01806640625 0.026692708333333332
1 0.455810546875 0.423828125 0.00732421875 0.01953125
1 0.569580078125 0.4078776041666667 0.00634765625 0.012369791666666666
1 0.681396484375 0.4124348958333333 0.00830078125 0.014973958333333334
1 0.884521484375 0.4176432291666667 0.00927734375 0.017578125
1 0.83203125 0.4065755208333333 0.0068359375 0.012369791666666666
1 0.933349609375 0.4111328125 0.00830078125 0.013671875
2 0.5576171875 0.3955078125 0.0048828125 0.009765625
