1 0.33359375 0.6506944444444445 0.0328125 0.0875
1 0.795703125 0.5583333333333333 0.03046875 0.06944444444444445
1 0.585546875 0.4777777777777778 0.01171875 0.03611111111111111
1 0.472265625 0.4652777777777778 0.00859375 0.027777777777777776
1 0.3765625 0.5222222222222223 0.0125 0.041666666666666664
1 0.3375 0.4986111111111111 0.0109375 0.03333333333333333
1 0.3140625 0.4895833333333333 0.0078125 0.02638888888888889
1 0.366015625 0.4597222222222222 0.00703125 0.022222222222222223
1 0.259375 0.4875 0.0078125 0.022222222222222223
1 0.27421875 0.4673611111111111 0.0078125 0.018055555555555554
1 0.20234375 0.49027777777777776 0.0078125 0.019444444444444445
1 0.90546875 0.4444444444444444 0.009375 0.030555555555555555
1 0.83984375 0.425 0.009375 0.025
1 0.14609375 0.5048611111111111 0.0078125 0.020833333333333332
1 0.23046875 0.4722222222222222 0.0078125 0.016666666666666666
1 0.19375 0.47708333333333336 0.0078125 0.015277777777777777
1 0.08828125 0.5159722222222223 0.0078125 0.020833333333333332
1 0.946484375 0.4215277777777778 0.01171875 0.02361111111111111
1 0.82421875 0.41875 0.0078125 0.020833333333333332
1 0.043359375 0.5215277777777778 0.00859375 0.018055555555555554
1 0.1296875 0.4909722222222222 0.0078125 0.018055555555555554
