0 0.534375 0.5016891891891891 0.03125 0.060810810810810814
0 0.60375 0.5109797297297297 0.045 0.07939189189189189
0 0.79125 0.5287162162162162 0.0675 0.11824324324324324
1 0.229375 0.5194256756756757 0.05125 0.08614864864864864
0 0.47625 0.4983108108108108 0.0275 0.05405405405405406
0 0.4175 0.49408783783783783 0.02 0.04222972972972973
1 0.146875 0.5515202702702703 0.08375 0.16385135135135134
0 0.325625 0.4890202702702703 0.01625 0.03209459459459459
0 0.375625 0.4907094594594595 0.01625 0.03547297297297297
0 0.29 0.4890202702702703 0.0125 0.028716216216216218
1 0.045 0.49155405405405406 0.015 0.030405405405405407
1 0.021875 0.4890202702702703 0.01625 0.028716216216216218
1 0.05625 0.4864864864864865 0.0125 0.02702702702702703
1 0.20125 0.49408783783783783 0.02 0.048986486486486486
0 0.256875 0.4839527027027027 0.01125 0.02195945945945946
1 0.046875 0.6951013513513513 0.09375 0.28547297297297297
1 0.17375 0.4864864864864865 0.02 0.05067567567567568
1 0.08125 0.4847972972972973 0.0125 0.02027027027027027
1 0.1025 0.4864864864864865 0.01 0.02702702702702703
