1 0.141796875 0.8763888888888889 0.06484375 0.16944444444444445
1 0.34765625 0.5229166666666667 0.0234375 0.05694444444444444
1 0.900390625 0.5180555555555556 0.03515625 0.09166666666666666
1 0.590234375 0.42986111111111114 0.01328125 0.0375
1 0.47265625 0.425 0.0078125 0.025
1 0.322265625 0.48333333333333334 0.01171875 0.03333333333333333
1 0.21640625 0.49375 0.0078125 0.020833333333333332
1 0.2734375 0.4826388888888889 0.0078125 0.02361111111111111
1 0.170703125 0.5145833333333333 0.01015625 0.029166666666666667
1 0.365625 0.4375 0.0078125 0.019444444444444445
1 0.8578125 0.3770833333333333 0.0140625 0.03194444444444444
1 0.07734375 0.5569444444444445 0.0109375 0.027777777777777776
1 0.6265625 0.37916666666666665 0.0078125 0.016666666666666666
1 0.878515625 0.36180555555555555 0.00859375 0.020833333333333332
1 0.78515625 0.35833333333333334 0.0078125 0.019444444444444445
1 0.2921875 0.45416666666666666 0.0078125 0.016666666666666666
1 0.723828125 0.3770833333333333 0.01171875 0.02638888888888889
