0 0.209375 0.5599662162162162 0.05125 0.08614864864864864
0 0.375 0.43074324324324326 0.02 0.04054054054054054
1 0.633125 0.4222972972972973 0.02375 0.04054054054054054
0 0.30875 0.41469594594594594 0.0125 0.028716216216216218
1 0.750625 0.47466216216216217 0.03625 0.060810810810810814
1 0.52125 0.40371621621621623 0.015 0.02702702702702703
1 0.409375 0.39949324324324326 0.01375 0.02533783783783784
1 0.335 0.39780405405405406 0.0125 0.02195945945945946
1 0.26625 0.3969594594594595 0.01 0.02027027027027027
0 0.248125 0.4079391891891892 0.01125 0.02195945945945946
0 0.185625 0.40878378378378377 0.01125 0.02027027027027027
1 0.214375 0.40118243243243246 0.01625 0.028716216216216218
