1 0.20703125 0.65 0.040625 0.08333333333333333
1 0.69765625 0.5180555555555556 0.021875 0.05555555555555555
1 0.270703125 0.49930555555555556 0.01796875 0.043055555555555555
1 0.24765625 0.4673611111111111 0.0125 0.03194444444444444
1 0.513671875 0.4423611111111111 0.01640625 0.03194444444444444
1 0.276171875 0.43125 0.00859375 0.018055555555555554
1 0.194921875 0.4625 0.01015625 0.025
1 0.37109375 0.4270833333333333 0.0078125 0.02361111111111111
1 0.09921875 0.47638888888888886 0.0078125 0.019444444444444445
1 0.93203125 0.44166666666666665 0.0125 0.03333333333333333
1 0.17734375 0.44513888888888886 0.0078125 0.020833333333333332
1 0.0265625 0.4756944444444444 0.0078125 0.018055555555555554
