1 0.421142578125 0.4521484375 0.01611328125 0.029296875
1 0.6025390625 0.4495442708333333 0.015625 0.026692708333333332
1 0.347900390625 0.5185546875 0.03271484375 0.054036458333333336
1 0.72998046875 0.4762369791666667 0.0185546875 0.035807291666666664
1 0.583740234375 0.4361979166666667 0.01123046875 0.01953125
1 0.44775390625 0.4296875 0.009765625 0.01953125
1 0.46142578125 0.4192708333333333 0.0078125 0.015625
1 0.46923828125 0.4114583333333333 0.0068359375 0.013020833333333334
1 0.54833984375 0.4127604166666667 0.005859375 0.01171875
1 0.97265625 0.6946614583333334 0.052734375 0.13932291666666666
1 0.9208984375 0.45703125 0.0146484375 0.022135416666666668
1 0.8935546875 0.4427083333333333 0.0107421875 0.016927083333333332
1 0.64111328125 0.4300130208333333 0.0087890625 0.013671875
1 0.555908203125 0.4192708333333333 0.00732421875 0.013020833333333334
1 0.5654296875 0.4111328125 0.0048828125 0.009765625
1 0.474609375 0.4069010416666667 0.0048828125 0.01171875
1 0.641845703125 0.419921875 0.00537109375 0.013020833333333334
1 0.73681640625 0.4231770833333333 0.0048828125 0.01171875
1 0.7255859375 0.4228515625 0.0078125 0.011067708333333334
1 0.5419921875 0.4085286458333333 0.0048828125 0.009765625
