1 0.3466796875 0.5065104166666666 0.0302734375 0.05078125
1 0.418212890625 0.4365234375 0.01416015625 0.025390625
1 0.5888671875 0.466796875 0.01953125 0.0390625
1 0.55615234375 0.4280598958333333 0.0107421875 0.021484375
1 0.399169921875 0.4205729166666667 0.00927734375 0.01953125
1 0.537109375 0.4111328125 0.0087890625 0.016276041666666668
1 0.412841796875 0.40234375 0.00732421875 0.013020833333333334
1 0.1494140625 0.4456380208333333 0.0166015625 0.025390625
1 0.355224609375 0.4124348958333333 0.00927734375 0.017578125
1 0.34228515625 0.4016927083333333 0.0068359375 0.013020833333333334
1 0.489501953125 0.4055989583333333 0.00732421875 0.015625
1 0.295166015625 0.41015625 0.00732421875 0.015625
1 0.20947265625 0.4127604166666667 0.0078125 0.014322916666666666
1 0.091064453125 0.421875 0.01025390625 0.015625
1 0.288818359375 0.4033203125 0.00634765625 0.012369791666666666
1 0.181884765625 0.4091796875 0.00732421875 0.012369791666666666
1 0.12841796875 0.4130859375 0.0068359375 0.012369791666666666
1 0.0224609375 0.4319661458333333 0.009765625 0.017578125
1 0.061767578125 0.4192708333333333 0.00830078125 0.015625
