0 0.846875 0.6375 0.08875 0.275
0 0.811875 0.4375 0.06125 0.1875
1 0.758125 0.2078125 0.02625 0.096875
1 0.66125 0.3421875 0.045 0.153125
1 0.573125 0.2390625 0.02875 0.103125
1 0.100625 0.1828125 0.02625 0.090625
0 0.23625 0.171875 0.03 0.05
1 0.0325 0.6046875 0.0625 0.253125
0 0.051875 0.2265625 0.02625 0.096875
1 0.87625 0.171875 0.0225 0.06875
1 0.620625 0.1359375 0.01625 0.059375
0 0.9875 0.19375 0.0225 0.08125
0 0.6425 0.1546875 0.0225 0.071875
1 0.53 0.121875 0.015 0.05
1 0.40375 0.115625 0.0125 0.05
0 0.395625 0.1359375 0.01375 0.059375
1 0.289375 0.1125 0.01125 0.04375
1 0.045625 0.1578125 0.01625 0.084375
2 0.84625 0.1453125 0.0175 0.059375
1 0.229375 0.1203125 0.01375 0.059375
0 0.10375 0.1125 0.01 0.04375
0 0.89125 0.140625 0.0125 0.04375
