1 0.3094951923076923 0.5336538461538461 0.056490384615384616 0.09294871794871795
0 0.640625 0.532051282051282 0.03125 0.0641025641025641
0 0.9092548076923077 0.6274038461538461 0.16466346153846154 0.23237179487179488
0 0.7073317307692307 0.5520833333333334 0.04927884615384615 0.09455128205128205
1 0.37560096153846156 0.5176282051282052 0.03485576923076923 0.057692307692307696
1 0.0829326923076923 0.5737179487179487 0.1658653846153846 0.1987179487179487
0 0.6159855769230769 0.5280448717948718 0.02283653846153846 0.046474358974358976
0 0.5600961538461539 0.5192307692307693 0.016826923076923076 0.03205128205128205
1 0.4128605769230769 0.5152243589743589 0.025240384615384616 0.04326923076923077
0 0.5108173076923077 0.5128205128205128 0.019230769230769232 0.028846153846153848
0 0.4621394230769231 0.5080128205128205 0.013221153846153846 0.02564102564102564
