2 0.0609375 0.8171296296296297 0.06979166666666667 0.18425925925925926
2 0.3216145833333333 0.4134259259259259 0.0234375 0.05648148148148148
2 0.31953125 0.35138888888888886 0.011979166666666667 0.03425925925925926
2 0.8651041666666667 0.5486111111111112 0.042708333333333334 0.09166666666666666
2 0.5690104166666666 0.3787037037037037 0.018229166666666668 0.04259259259259259
2 0.47734375 0.3226851851851852 0.0109375 0.025
2 0.37994791666666666 0.30694444444444446 0.008854166666666666 0.019444444444444445
2 0.25546875 0.32685185185185184 0.0078125 0.020370370370370372
2 0.31744791666666666 0.29814814814814816 0.0067708333333333336 0.014814814814814815
2 0.23229166666666667 0.3125 0.005208333333333333 0.017592592592592594
2 0.26927083333333335 0.2935185185185185 0.005208333333333333 0.009259259259259259
2 0.20520833333333333 0.3074074074074074 0.005208333333333333 0.009259259259259259
