1 0.798583984375 0.5537109375 0.04052734375 0.07747395833333333
0 0.272705078125 0.5576171875 0.04736328125 0.07486979166666667
2 0.168701171875 0.4641927083333333 0.03369140625 0.028645833333333332
1 0.667724609375 0.458984375 0.01904296875 0.033854166666666664
1 0.6708984375 0.4371744791666667 0.0146484375 0.025390625
1 0.68798828125 0.4274088541666667 0.0078125 0.018880208333333332
0 0.43896484375 0.4514973958333333 0.0166015625 0.031901041666666664
0 0.5205078125 0.4280598958333333 0.0107421875 0.020182291666666668
0 0.58154296875 0.4205729166666667 0.0107421875 0.01953125
1 0.74658203125 0.421875 0.0087890625 0.015625
