0 0.136474609375 0.6975911458333334 0.06591796875 0.119140625
0 0.151123046875 0.5758463541666666 0.03857421875 0.07096354166666667
0 0.165771484375 0.4827473958333333 0.01708984375 0.030598958333333332
0 0.178955078125 0.4560546875 0.01025390625 0.021484375
1 0.3994140625 0.451171875 0.013671875 0.029947916666666668
1 0.334716796875 0.439453125 0.01123046875 0.01953125
1 0.56787109375 0.4977213541666667 0.0283203125 0.050130208333333336
1 0.275634765625 0.4231770833333333 0.00537109375 0.01171875
1 0.29443359375 0.4280598958333333 0.0078125 0.014973958333333334
1 0.25732421875 0.4192708333333333 0.0048828125 0.010416666666666666
1 0.2490234375 0.4166666666666667 0.0048828125 0.009114583333333334
0 0.182861328125 0.4440104166666667 0.00830078125 0.015625
1 0.2421875 0.416015625 0.0048828125 0.0078125
0 0.18408203125 0.4339192708333333 0.0048828125 0.011067708333333334
0 0.18505859375 0.4283854166666667 0.0048828125 0.0078125
1 0.2333984375 0.4147135416666667 0.0048828125 0.006510416666666667
