0 0.53875 0.5160472972972973 0.045 0.08614864864864864
0 0.460625 0.504222972972973 0.03625 0.0625
0 0.706875 0.5396959459459459 0.07875 0.14020270270270271
0 0.388125 0.5008445945945946 0.02625 0.048986486486486486
1 0.041875 0.535472972972973 0.08125 0.13513513513513514
1 0.105625 0.5168918918918919 0.05125 0.08783783783783784
0 0.346875 0.49324324324324326 0.02125 0.04391891891891892
0 0.26375 0.49408783783783783 0.02 0.03547297297297297
0 0.204375 0.49239864864864863 0.01375 0.03209459459459459
0 0.234375 0.48986486486486486 0.01125 0.030405405405405407
0 0.28875 0.48817567567567566 0.01 0.02702702702702703
1 0.130625 0.504222972972973 0.03125 0.06587837837837837
0 0.318125 0.4847972972972973 0.00875 0.02027027027027027
0 0.325 0.4890202702702703 0.01 0.02195945945945946
1 0.17 0.48817567567567566 0.0075 0.02027027027027027
