2 0.198486328125 0.6178385416666666 0.07470703125 0.16666666666666666
0 0.3154296875 0.5309244791666666 0.033203125 0.052734375
2 0.8515625 0.6292317708333334 0.08984375 0.17643229166666666
1 0.61083984375 0.4632161458333333 0.021484375 0.037109375
0 0.38916015625 0.4602864583333333 0.0185546875 0.033854166666666664
1 0.688232421875 0.5130208333333334 0.03173828125 0.053385416666666664
1 0.560302734375 0.4267578125 0.01123046875 0.021484375
0 0.427490234375 0.4241536458333333 0.01123046875 0.020182291666666668
0 0.44091796875 0.4127604166666667 0.0087890625 0.014322916666666666
1 0.54443359375 0.4143880208333333 0.0087890625 0.014973958333333334
2 0.045654296875 0.8427734375 0.09130859375 0.22591145833333334
2 0.967529296875 0.8037109375 0.06494140625 0.154296875
1 0.532958984375 0.4072265625 0.00634765625 0.012369791666666666
1 0.524658203125 0.4013671875 0.00537109375 0.011067708333333334
1 0.5205078125 0.396484375 0.0048828125 0.010416666666666666
0 0.445068359375 0.4055989583333333 0.00537109375 0.01171875
0 0.451416015625 0.4010416666666667 0.00634765625 0.010416666666666666
1 0.517822265625 0.3935546875 0.00537109375 0.009765625
1 0.51318359375 0.3889973958333333 0.0048828125 0.008463541666666666
0 0.45751953125 0.3968098958333333 0.0048828125 0.009765625
