2 0.5361979166666667 0.3282407407407407 0.013020833333333334 0.025
2 0.903125 0.7648148148148148 0.06875 0.17962962962962964
2 0.6515625 0.4185185185185185 0.023958333333333335 0.06111111111111111
2 0.3260416666666667 0.4324074074074074 0.027083333333333334 0.06296296296296296
2 0.5786458333333333 0.3486111111111111 0.011458333333333333 0.032407407407407406
2 0.49322916666666666 0.3125 0.011458333333333333 0.028703703703703703
2 0.3893229166666667 0.35 0.0140625 0.03518518518518519
2 0.32395833333333335 0.33055555555555555 0.0125 0.03333333333333333
2 0.36666666666666664 0.33240740740740743 0.010416666666666666 0.027777777777777776
2 0.39895833333333336 0.3384259259259259 0.009375 0.026851851851851852
2 0.4236979166666667 0.30694444444444446 0.0078125 0.023148148148148147
2 0.27421875 0.3351851851851852 0.0078125 0.024074074074074074
2 0.16067708333333333 0.34120370370370373 0.008854166666666666 0.021296296296296296
2 0.67265625 0.3175925925925926 0.0067708333333333336 0.016666666666666666
2 0.6559895833333333 0.30694444444444446 0.008854166666666666 0.023148148148148147
2 0.6403645833333333 0.3037037037037037 0.0067708333333333336 0.014814814814814815
2 0.06197916666666667 0.3560185185185185 0.008333333333333333 0.021296296296296296
2 0.5578125 0.2916666666666667 0.005208333333333333 0.016666666666666666
2 0.5890625 0.2902777777777778 0.005208333333333333 0.013888888888888888
2 0.54921875 0.2865740740740741 0.005729166666666666 0.013888888888888888
2 0.6239583333333333 0.2916666666666667 0.00625 0.022222222222222223
2 0.7442708333333333 0.3162037037037037 0.005208333333333333 0.019444444444444445
2 0.29635416666666664 0.30833333333333335 0.007291666666666667 0.018518518518518517
2 0.75390625 0.3189814814814815 0.008854166666666666 0.021296296296296296
2 0.07760416666666667 0.3375 0.008333333333333333 0.01574074074074074
2 0.1875 0.3236111111111111 0.007291666666666667 0.019444444444444445
2 0.7359375 0.31296296296296294 0.00625 0.018518518518518517
2 0.7260416666666667 0.30972222222222223 0.005208333333333333 0.017592592592592594
2 0.6979166666666666 0.29953703703703705 0.005208333333333333 0.01574074074074074
2 0.7098958333333333 0.30416666666666664 0.005208333333333333 0.01574074074074074
