1 0.27875 0.54375 0.0675 0.2125
0 0.405625 0.43125 0.05375 0.16875
0 0.500625 0.3453125 0.03875 0.121875
0 0.553125 0.29375 0.03125 0.10625
2 0.976875 0.328125 0.03625 0.13125
1 0.910625 0.240625 0.02125 0.09375
1 0.8675 0.21875 0.02 0.075
1 0.209375 0.3359375 0.04875 0.084375
0 0.34875 0.259375 0.025 0.05625
1 0.305 0.2203125 0.015 0.059375
0 0.593125 0.2625 0.02125 0.0875
1 0.61375 0.2328125 0.015 0.065625
1 0.525 0.190625 0.0125 0.05
1 0.676875 0.1765625 0.01125 0.046875
0 0.19875 0.1890625 0.01 0.040625
1 0.288125 0.190625 0.01125 0.04375
2 0.366875 0.1734375 0.01125 0.040625
0 0.259375 0.1984375 0.01125 0.046875
0 0.435625 0.1859375 0.01375 0.053125
0 0.4675 0.16875 0.01 0.0375
1 0.839375 0.1890625 0.01375 0.059375
1 0.620625 0.1765625 0.01125 0.046875
0 0.8975 0.1953125 0.015 0.065625
0 0.6025 0.2015625 0.015 0.059375
1 0.119375 0.225 0.02375 0.04375
1 0.069375 0.2125 0.01375 0.05
0 0.77125 0.1828125 0.0125 0.053125
1 0.986875 0.26875 0.02375 0.1125
0 0.268125 0.1734375 0.00875 0.040625
0 0.5 0.1734375 0.0125 0.046875
0 0.113125 0.1796875 0.01375 0.046875
0 0.024375 0.1765625 0.01125 0.034375
1 0.9225 0.2328125 0.015 0.078125
