1 0.16796875 0.6111111111111112 0.0390625 0.08888888888888889
1 0.68125 0.4861111111111111 0.01875 0.044444444444444446
1 0.453125 0.46111111111111114 0.0140625 0.03888888888888889
1 0.77421875 0.6569444444444444 0.0421875 0.1
1 0.698828125 0.45208333333333334 0.01171875 0.034722222222222224
1 0.544140625 0.43680555555555556 0.01171875 0.029166666666666667
1 0.740625 0.43472222222222223 0.009375 0.025
1 0.6453125 0.4215277777777778 0.0078125 0.020833333333333332
1 0.79609375 0.4305555555555556 0.0078125 0.019444444444444445
1 0.86328125 0.42916666666666664 0.0078125 0.013888888888888888
