1 0.296484375 0.7180555555555556 0.04140625 0.1111111111111111
1 0.903515625 0.6270833333333333 0.03828125 0.10138888888888889
1 0.387890625 0.5326388888888889 0.01796875 0.05138888888888889
1 0.35546875 0.4979166666666667 0.0140625 0.034722222222222224
1 0.63125 0.4875 0.021875 0.05277777777777778
1 0.505859375 0.4638888888888889 0.01484375 0.03611111111111111
1 0.334375 0.4847222222222222 0.0125 0.030555555555555555
1 0.28203125 0.4791666666666667 0.0078125 0.025
1 0.39765625 0.45416666666666666 0.0078125 0.022222222222222223
1 0.904296875 0.43472222222222223 0.00859375 0.022222222222222223
1 0.22578125 0.4791666666666667 0.0078125 0.019444444444444445
1 0.3046875 0.45625 0.0078125 0.018055555555555554
1 0.986328125 0.46111111111111114 0.01171875 0.03333333333333333
1 0.2609375 0.4583333333333333 0.0078125 0.016666666666666666
1 0.88515625 0.42569444444444443 0.0078125 0.020833333333333332
1 0.17109375 0.4909722222222222 0.009375 0.029166666666666667
1 0.113671875 0.5 0.00859375 0.025
