1 0.65673828125 0.4576822916666667 0.017578125 0.032552083333333336
1 0.748291015625 0.5143229166666666 0.03369140625 0.0546875
1 0.800048828125 0.47265625 0.02099609375 0.037760416666666664
1 0.71044921875 0.4420572916666667 0.0146484375 0.01953125
0 0.357666015625 0.5113932291666666 0.03271484375 0.055338541666666664
1 0.61767578125 0.4352213541666667 0.013671875 0.030598958333333332
0 0.81591796875 0.4322916666666667 0.0126953125 0.018229166666666668
0 0.4521484375 0.4329427083333333 0.0126953125 0.0234375
1 0.66552734375 0.4274088541666667 0.013671875 0.017578125
0 0.431884765625 0.4557291666666667 0.02001953125 0.024739583333333332
1 0.866943359375 0.4469401041666667 0.01611328125 0.026692708333333332
0 0.5625 0.4117838541666667 0.005859375 0.011067708333333334
0 0.721923828125 0.4202473958333333 0.00830078125 0.014973958333333334
1 0.587890625 0.419921875 0.0068359375 0.014322916666666666
1 0.5947265625 0.42578125 0.009765625 0.01171875
0 0.46337890625 0.41796875 0.0048828125 0.013020833333333334
