2 0.6778645833333333 0.475 0.03802083333333333 0.09444444444444444
2 0.08125 0.45 0.027083333333333334 0.06111111111111111
2 0.42994791666666665 0.3509259259259259 0.016145833333333335 0.04259259259259259
2 0.16484375 0.4486111111111111 0.024479166666666666 0.04351851851851852
2 0.6338541666666667 0.36018518518518516 0.013541666666666667 0.040740740740740744
2 0.3028645833333333 0.4375 0.028645833333333332 0.06944444444444445
2 0.48359375 0.3189814814814815 0.009895833333333333 0.023148148148148147
2 0.18932291666666667 0.4449074074074074 0.03177083333333333 0.041666666666666664
2 0.50234375 0.30092592592592593 0.0067708333333333336 0.016666666666666666
2 0.6169270833333333 0.32407407407407407 0.008854166666666666 0.022222222222222223
2 0.603125 0.3074074074074074 0.005208333333333333 0.012962962962962963
