0 0.379150390625 0.474609375 0.02294921875 0.0390625
1 0.108154296875 0.6142578125 0.05908203125 0.09440104166666667
1 0.758056640625 0.4801432291666667 0.02197265625 0.039713541666666664
1 0.8115234375 0.5777994791666666 0.041015625 0.07096354166666667
0 0.536376953125 0.4423828125 0.01513671875 0.024088541666666668
0 0.6826171875 0.4345703125 0.0146484375 0.021484375
1 0.90478515625 0.4742838541666667 0.017578125 0.029296875
0 0.919921875 0.435546875 0.0126953125 0.016927083333333332
0 0.804443359375 0.4329427083333333 0.01318359375 0.018229166666666668
0 0.749755859375 0.4322916666666667 0.01123046875 0.020833333333333332
