1 0.163330078125 0.7623697916666666 0.08837890625 0.14713541666666666
1 0.397705078125 0.4912109375 0.02783203125 0.047526041666666664
1 0.635986328125 0.5009765625 0.02880859375 0.048828125
1 0.588134765625 0.4348958333333333 0.01220703125 0.022135416666666668
1 0.80078125 0.4615885416666667 0.015625 0.028645833333333332
1 0.47216796875 0.4150390625 0.0068359375 0.013671875
1 0.5771484375 0.4215494791666667 0.0087890625 0.017578125
1 0.46484375 0.4244791666666667 0.0107421875 0.01953125
1 0.481689453125 0.408203125 0.00537109375 0.010416666666666666
1 0.658203125 0.416015625 0.0078125 0.014322916666666666
1 0.81201171875 0.4375 0.009765625 0.020833333333333332
