0 0.2509765625 0.5888671875 0.041015625 0.080078125
1 0.513916015625 0.4619140625 0.02001953125 0.035807291666666664
0 0.190185546875 0.5149739583333334 0.02587890625 0.046875
0 0.11181640625 0.5035807291666666 0.0205078125 0.038411458333333336
1 0.6591796875 0.4866536458333333 0.021484375 0.044921875
1 0.8974609375 0.5703125 0.0458984375 0.07682291666666667
1 0.179443359375 0.4495442708333333 0.01708984375 0.027994791666666668
1 0.3212890625 0.4541015625 0.021484375 0.038411458333333336
0 0.918701171875 0.45703125 0.02001953125 0.03515625
1 0.935546875 0.421875 0.0078125 0.016927083333333332
1 0.865478515625 0.4065755208333333 0.00732421875 0.013671875
1 0.84765625 0.4309895833333333 0.0107421875 0.0234375
1 0.803466796875 0.416015625 0.00927734375 0.01953125
0 0.897705078125 0.4137369791666667 0.00634765625 0.013671875
0 0.845458984375 0.4016927083333333 0.00634765625 0.01171875
0 0.814697265625 0.3938802083333333 0.00537109375 0.010416666666666666
1 0.0927734375 0.4527994791666667 0.01171875 0.020182291666666668
1 0.78173828125 0.4065755208333333 0.0078125 0.011067708333333334
0 0.79833984375 0.3909505208333333 0.005859375 0.009765625
1 0.7578125 0.3948567708333333 0.0048828125 0.011067708333333334
0 0.991943359375 0.4332682291666667 0.01025390625 0.021484375
0 0.8251953125 0.3961588541666667 0.0048828125 0.009765625
1 0.766357421875 0.3994140625 0.00537109375 0.012369791666666666
1 0.752197265625 0.3912760416666667 0.00537109375 0.010416666666666666
1 0.018310546875 0.4521484375 0.01123046875 0.016276041666666668
0 0.78759765625 0.3889973958333333 0.0048828125 0.008463541666666666
