1 0.33125 0.6631944444444444 0.0328125 0.10972222222222222
1 0.868359375 0.6 0.02734375 0.08333333333333333
1 0.70703125 0.4791666666666667 0.015625 0.041666666666666664
1 0.474609375 0.4791666666666667 0.01171875 0.041666666666666664
1 0.533984375 0.4486111111111111 0.00859375 0.025
1 0.629296875 0.42986111111111114 0.00859375 0.020833333333333332
1 0.72578125 0.4423611111111111 0.0078125 0.02361111111111111
1 0.85703125 0.43472222222222223 0.0078125 0.019444444444444445
1 0.940625 0.4375 0.0078125 0.016666666666666666
1 0.78828125 0.43472222222222223 0.0078125 0.019444444444444445
1 0.7171875 0.42430555555555555 0.009375 0.018055555555555554
1 0.80625 0.4201388888888889 0.0078125 0.015277777777777777
