0 0.29052734375 0.4944661458333333 0.02734375 0.047526041666666664
1 0.81884765625 0.6481119791666666 0.056640625 0.10611979166666667
1 0.77392578125 0.50390625 0.0244140625 0.049479166666666664
0 0.461181640625 0.4593098958333333 0.01904296875 0.038411458333333336
0 0.593017578125 0.4388020833333333 0.01025390625 0.024739583333333332
0 0.63818359375 0.4274088541666667 0.0107421875 0.022786458333333332
1 0.765380859375 0.4407552083333333 0.01025390625 0.026041666666666668
1 0.8515625 0.4563802083333333 0.015625 0.032552083333333336
1 0.776611328125 0.4606119791666667 0.01708984375 0.038411458333333336
1 0.825439453125 0.4417317708333333 0.01318359375 0.026692708333333332
1 0.989990234375 0.5309244791666666 0.01708984375 0.060546875
1 0.889892578125 0.4742838541666667 0.02099609375 0.037109375
0 0.957275390625 0.4527994791666667 0.01025390625 0.021484375
0 0.9111328125 0.443359375 0.009765625 0.018229166666666668
1 0.80859375 0.4348958333333333 0.0078125 0.018229166666666668
1 0.796875 0.4309895833333333 0.0087890625 0.016927083333333332
0 0.66064453125 0.4222005208333333 0.0078125 0.014973958333333334
1 0.75244140625 0.4280598958333333 0.009765625 0.017578125
