1 0.574462890625 0.4514973958333333 0.01416015625 0.034505208333333336
0 0.217041015625 0.5475260416666666 0.03173828125 0.0625
0 0.3798828125 0.4514973958333333 0.013671875 0.026692708333333332
1 0.62646484375 0.5009765625 0.029296875 0.050130208333333336
1 0.544677734375 0.4241536458333333 0.00927734375 0.017578125
0 0.423583984375 0.42578125 0.00634765625 0.015625
0 0.43994140625 0.4173177083333333 0.0048828125 0.01171875
1 0.53564453125 0.4143880208333333 0.005859375 0.012369791666666666
0 0.45361328125 0.4114583333333333 0.0048828125 0.010416666666666666
0 0.4638671875 0.4078776041666667 0.0048828125 0.008463541666666666
