1 0.4325 0.5171875 0.0325 0.128125
1 0.888125 0.4328125 0.03375 0.103125
2 0.819375 0.371875 0.02125 0.075
0 0.29875 0.5453125 0.0475 0.115625
0 0.098125 0.95 0.10375 0.09375
0 0.513125 0.3953125 0.02125 0.071875
0 0.413125 0.4078125 0.02875 0.059375
1 0.7225 0.334375 0.0175 0.05625
0 0.863125 0.3390625 0.02125 0.065625
0 0.970625 0.4109375 0.02875 0.065625
0 0.464375 0.365625 0.01625 0.05
2 0.539375 0.346875 0.01375 0.05625
2 0.655625 0.3125 0.01375 0.0375
1 0.60375 0.3015625 0.0075 0.028125
1 0.58625 0.296875 0.0075 0.025
0 0.496875 0.3140625 0.00875 0.034375
1 0.69625 0.284375 0.0075 0.03125
1 0.71125 0.2796875 0.0075 0.028125
