0 0.704375 0.4907094594594595 0.03875 0.06925675675675676
1 0.48375 0.40878378378378377 0.015 0.030405405405405407
1 0.08 0.5160472972972973 0.04 0.07263513513513513
0 0.180625 0.44425675675675674 0.02625 0.0472972972972973
0 0.123125 0.40878378378378377 0.01125 0.02702702702702703
1 0.25625 0.39611486486486486 0.0125 0.02195945945945946
1 0.373125 0.39611486486486486 0.01125 0.028716216216216218
1 0.15625 0.39442567567567566 0.0125 0.02533783783783784
1 0.57375 0.43327702702702703 0.0275 0.048986486486486486
0 0.17875 0.4206081081081081 0.0175 0.037162162162162164
