1 0.384375 0.5333333333333333 0.0171875 0.04722222222222222
1 0.48046875 0.4777777777777778 0.009375 0.027777777777777776
1 0.705078125 0.5201388888888889 0.01484375 0.05138888888888889
1 0.58046875 0.4625 0.0078125 0.019444444444444445
1 0.1125 0.4722222222222222 0.0078125 0.013888888888888888
1 0.1640625 0.4583333333333333 0.0078125 0.013888888888888888
1 0.2328125 0.45902777777777776 0.0078125 0.018055555555555554
1 0.2671875 0.4444444444444444 0.0078125 0.013888888888888888
1 0.1328125 0.4527777777777778 0.0078125 0.013888888888888888
1 0.65859375 0.4791666666666667 0.0078125 0.025
1 0.67734375 0.4673611111111111 0.0078125 0.015277777777777777
1 0.34296875 0.45 0.0078125 0.013888888888888888
