1 0.79638671875 0.5403645833333334 0.0341796875 0.06380208333333333
0 0.248291015625 0.5638020833333334 0.02783203125 0.06510416666666667
0 0.163330078125 0.5100911458333334 0.02392578125 0.047526041666666664
1 0.602294921875 0.4768880208333333 0.02392578125 0.042317708333333336
1 0.287109375 0.4560546875 0.015625 0.031901041666666664
0 0.087158203125 0.5029296875 0.02490234375 0.042317708333333336
1 0.469482421875 0.4593098958333333 0.02001953125 0.033203125
1 0.976318359375 0.4951171875 0.02587890625 0.044921875
1 0.146240234375 0.4534505208333333 0.01806640625 0.031901041666666664
1 0.056396484375 0.4554036458333333 0.01123046875 0.018880208333333332
1 0.849853515625 0.447265625 0.01513671875 0.02734375
0 0.920654296875 0.4267578125 0.01123046875 0.021484375
1 0.792724609375 0.42578125 0.01123046875 0.022135416666666668
0 0.87548828125 0.4169921875 0.0087890625 0.017578125
1 0.754638671875 0.4111328125 0.00927734375 0.017578125
0 0.843994140625 0.4075520833333333 0.00537109375 0.014322916666666666
0 0.81640625 0.4020182291666667 0.0048828125 0.012369791666666666
1 0.73779296875 0.4029947916666667 0.0068359375 0.013020833333333334
0 0.7978515625 0.3981119791666667 0.0048828125 0.011067708333333334
0 0.77978515625 0.3935546875 0.0048828125 0.009765625
1 0.7236328125 0.396484375 0.0048828125 0.010416666666666666
0 0.77001953125 0.3899739583333333 0.0048828125 0.0078125
