1 0.371826171875 0.533203125 0.03466796875 0.061197916666666664
0 0.412841796875 0.4498697916666667 0.01416015625 0.02734375
0 0.442138671875 0.4267578125 0.01123046875 0.020182291666666668
1 0.681396484375 0.4759114583333333 0.02099609375 0.036458333333333336
1 0.59912109375 0.4300130208333333 0.0126953125 0.020182291666666668
1 0.581298828125 0.4140625 0.00537109375 0.013020833333333334
0 0.486083984375 0.40625 0.00537109375 0.013020833333333334
0 0.523193359375 0.4033203125 0.00537109375 0.012369791666666666
0 0.47119140625 0.4137369791666667 0.0078125 0.014973958333333334
0 0.583984375 0.4085286458333333 0.0048828125 0.012369791666666666
0 0.576171875 0.4020182291666667 0.0048828125 0.008463541666666666
