1 0.12744140625 0.6666666666666666 0.0693359375 0.11197916666666667
1 0.3662109375 0.47265625 0.0205078125 0.03515625
1 0.420654296875 0.4381510416666667 0.01220703125 0.0234375
1 0.5771484375 0.4645182291666667 0.017578125 0.031901041666666664
1 0.550048828125 0.4365234375 0.01123046875 0.020182291666666668
1 0.5390625 0.4274088541666667 0.0078125 0.014973958333333334
1 0.462646484375 0.4202473958333333 0.00634765625 0.012369791666666666
1 0.451171875 0.4225260416666667 0.0048828125 0.014322916666666666
1 0.531494140625 0.4225260416666667 0.00537109375 0.013020833333333334
1 0.3466796875 0.4287109375 0.0087890625 0.016276041666666668
1 0.476806640625 0.4166666666666667 0.00537109375 0.009114583333333334
1 0.52392578125 0.4166666666666667 0.005859375 0.01171875
1 0.401123046875 0.4192708333333333 0.00537109375 0.01171875
1 0.156005859375 0.4322916666666667 0.00732421875 0.013020833333333334
1 0.21240234375 0.4241536458333333 0.0048828125 0.011067708333333334
1 0.175048828125 0.4280598958333333 0.00634765625 0.011067708333333334
1 0.0986328125 0.4296875 0.005859375 0.010416666666666666
1 0.162353515625 0.4235026041666667 0.00537109375 0.009765625
1 0.2412109375 0.4153645833333333 0.005859375 0.01171875
1 0.009521484375 0.4632161458333333 0.01513671875 0.024088541666666668
1 0.203125 0.4189453125 0.0048828125 0.008463541666666666
1 0.27978515625 0.4208984375 0.0048828125 0.008463541666666666
1 0.325439453125 0.4241536458333333 0.00537109375 0.011067708333333334
1 0.28857421875 0.4147135416666667 0.0048828125 0.0078125
1 0.2646484375 0.4176432291666667 0.0048828125 0.009765625
1 0.33056640625 0.4166666666666667 0.0048828125 0.009114583333333334
1 0.2685546875 0.4117838541666667 0.0048828125 0.007161458333333333
1 0.35400390625 0.4055989583333333 0.0048828125 0.006510416666666667
1 0.37744140625 0.4130859375 0.0048828125 0.007161458333333333
1 0.3173828125 0.4130859375 0.0048828125 0.008463541666666666
1 0.39306640625 0.4049479166666667 0.0048828125 0.006510416666666667
1 0.40673828125 0.4156901041666667 0.0048828125 0.007161458333333333
1 0.5205078125 0.4150390625 0.0048828125 0.009765625
1 0.341796875 0.4069010416666667 0.0048828125 0.006510416666666667
1 0.4130859375 0.4095052083333333 0.0048828125 0.006510416666666667
1 0.29638671875 0.4088541666666667 0.0048828125 0.006510416666666667
