1 0.646484375 0.5659722222222222 0.01953125 0.04861111111111111
1 0.573046875 0.5527777777777778 0.00859375 0.025
1 0.62109375 0.5236111111111111 0.0078125 0.019444444444444445
1 0.444140625 0.5805555555555556 0.00859375 0.022222222222222223
1 0.5078125 0.5576388888888889 0.0078125 0.018055555555555554
1 0.65546875 0.5097222222222222 0.0078125 0.022222222222222223
1 0.6890625 0.5013888888888889 0.0078125 0.016666666666666666
1 0.58359375 0.5395833333333333 0.0078125 0.018055555555555554
1 0.60703125 0.5236111111111111 0.0078125 0.019444444444444445
1 0.5546875 0.5395833333333333 0.0078125 0.018055555555555554
