0 0.18603515625 0.6686197916666666 0.0634765625 0.10286458333333333
0 0.29638671875 0.5338541666666666 0.0244140625 0.044270833333333336
1 0.70947265625 0.5377604166666666 0.0302734375 0.052083333333333336
1 0.541015625 0.4765625 0.015625 0.028645833333333332
0 0.314453125 0.4921875 0.017578125 0.03125
1 0.388671875 0.4309895833333333 0.009765625 0.015625
0 0.3232421875 0.46484375 0.009765625 0.020833333333333332
2 0.67578125 0.4270833333333333 0.005859375 0.013020833333333334
0 0.3173828125 0.4583333333333333 0.009765625 0.015625
0 0.3173828125 0.4466145833333333 0.0078125 0.013020833333333334
2 0.794921875 0.4368489583333333 0.005859375 0.014322916666666666
