1 0.704375 0.6328125 0.09625 0.271875
0 0.35375 0.4015625 0.055 0.165625
1 0.285625 0.35625 0.04875 0.14375
1 0.12625 0.4875 0.075 0.20625
0 0.5825 0.3078125 0.0375 0.128125
1 0.5475 0.265625 0.03 0.1125
1 0.83625 0.321875 0.04 0.1375
0 0.524375 0.159375 0.01875 0.04375
1 0.4725 0.20625 0.0225 0.075
0 0.3875 0.1703125 0.0175 0.065625
1 0.2225 0.1578125 0.035 0.121875
0 0.316875 0.1515625 0.01375 0.053125
0 0.555 0.203125 0.0225 0.0875
1 0.420625 0.1828125 0.02375 0.071875
0 0.865625 0.9390625 0.05125 0.109375
0 0.968125 0.415625 0.05625 0.225
0 0.141875 0.0765625 0.06375 0.109375
1 0.283125 0.259375 0.02625 0.09375
0 0.4675 0.153125 0.025 0.04375
0 0.885625 0.4453125 0.03375 0.134375
1 0.2625 0.20625 0.0225 0.06875
