1 0.847412109375 0.70703125 0.08837890625 0.13411458333333334
0 0.297607421875 0.5 0.02392578125 0.044270833333333336
1 0.815673828125 0.5279947916666666 0.03955078125 0.0546875
1 0.58447265625 0.4899088541666667 0.0283203125 0.044921875
0 0.08349609375 0.6572265625 0.0732421875 0.099609375
1 0.66943359375 0.4723307291666667 0.0205078125 0.037109375
1 0.595947265625 0.4498697916666667 0.01513671875 0.024739583333333332
1 0.516845703125 0.455078125 0.01416015625 0.028645833333333332
0 0.721923828125 0.4459635416666667 0.01318359375 0.0234375
1 0.306884765625 0.4557291666666667 0.01416015625 0.0234375
1 0.478271484375 0.4427083333333333 0.01318359375 0.022135416666666668
0 0.8291015625 0.4690755208333333 0.0166015625 0.031901041666666664
0 0.166015625 0.458984375 0.009765625 0.020833333333333332
0 0.33447265625 0.46484375 0.0126953125 0.02734375
0 0.2275390625 0.4560546875 0.0107421875 0.021484375
1 0.410888671875 0.4388020833333333 0.01025390625 0.01953125
1 0.557861328125 0.4345703125 0.01025390625 0.020182291666666668
0 0.65380859375 0.4313151041666667 0.0078125 0.017578125
1 0.530029296875 0.4264322916666667 0.00830078125 0.015625
0 0.552978515625 0.4117838541666667 0.00537109375 0.009765625
0 0.564697265625 0.4143880208333333 0.00537109375 0.011067708333333334
0 0.5810546875 0.4176432291666667 0.0068359375 0.012369791666666666
0 0.610107421875 0.4228515625 0.00732421875 0.013671875
1 0.51171875 0.4202473958333333 0.005859375 0.013671875
0 0.540771484375 0.4091796875 0.00537109375 0.009765625
0 0.011962890625 0.4664713541666667 0.01318359375 0.020182291666666668
1 0.343017578125 0.4388020833333333 0.01025390625 0.016927083333333332
