1 0.89 0.609375 0.11 0.31875
0 0.958125 0.359375 0.05375 0.2125
0 0.876875 0.2828125 0.04625 0.171875
0 0.171875 0.334375 0.05125 0.175
0 0.26625 0.2484375 0.035 0.134375
0 0.656875 0.2484375 0.03875 0.140625
1 0.301875 0.15625 0.02625 0.1125
2 0.783125 0.1984375 0.03625 0.115625
1 0.3775 0.1265625 0.0225 0.103125
1 0.653125 0.1109375 0.02375 0.090625
1 0.631875 0.040625 0.01625 0.06875
0 0.64 0.0828125 0.0225 0.078125
0 0.401875 0.0984375 0.02125 0.078125
1 0.54125 0.0390625 0.015 0.071875
0 0.59125 0.0375 0.015 0.0625
0 0.564375 0.034375 0.01875 0.06875
1 0.25625 0.2109375 0.03 0.134375
1 0.7825 0.1328125 0.035 0.121875
