1 0.86083984375 0.5478515625 0.04296875 0.06966145833333333
1 0.736328125 0.4752604166666667 0.021484375 0.037760416666666664
1 0.8564453125 0.4739583333333333 0.0234375 0.0390625
0 0.409423828125 0.4622395833333333 0.02099609375 0.036458333333333336
0 0.338134765625 0.5403645833333334 0.03857421875 0.06380208333333333
0 0.5009765625 0.4358723958333333 0.0126953125 0.025390625
0 0.625 0.4251302083333333 0.0107421875 0.020833333333333332
1 0.76171875 0.458984375 0.0205078125 0.033854166666666664
0 0.956787109375 0.4527994791666667 0.01416015625 0.027994791666666668
0 0.76904296875 0.4313151041666667 0.0107421875 0.018880208333333332
