0 0.14306640625 0.58203125 0.04296875 0.07942708333333333
1 0.6845703125 0.4853515625 0.0244140625 0.046223958333333336
1 0.799072265625 0.6070963541666666 0.05322265625 0.09830729166666667
0 0.405517578125 0.4527994791666667 0.01513671875 0.033203125
1 0.665283203125 0.4420572916666667 0.01220703125 0.02734375
2 0.387451171875 0.4169921875 0.01220703125 0.025390625
0 0.5009765625 0.4293619791666667 0.01171875 0.025390625
2 0.407470703125 0.4192708333333333 0.01708984375 0.016927083333333332
1 0.71875 0.4267578125 0.009765625 0.021484375
0 0.5869140625 0.4176432291666667 0.0087890625 0.018880208333333332
