1 0.85625 0.5034722222222222 0.034375 0.0763888888888889
1 0.4234375 0.46597222222222223 0.0265625 0.07083333333333333
1 0.434765625 0.4131944444444444 0.01640625 0.04027777777777778
1 0.757421875 0.4097222222222222 0.01796875 0.03888888888888889
1 0.3234375 0.40069444444444446 0.0125 0.029166666666666667
1 0.4828125 0.3715277777777778 0.0125 0.02361111111111111
1 0.25078125 0.3909722222222222 0.0078125 0.020833333333333332
1 0.646484375 0.38125 0.01328125 0.03194444444444444
1 0.171875 0.3958333333333333 0.0078125 0.025
1 0.348828125 0.3701388888888889 0.00859375 0.02361111111111111
