1 0.19765625 0.6902777777777778 0.0421875 0.12222222222222222
0 0.17421875 0.6826388888888889 0.0390625 0.1125
1 0.525390625 0.4395833333333333 0.01328125 0.034722222222222224
0 0.509375 0.4388888888888889 0.0125 0.03333333333333333
1 0.750390625 0.44375 0.01171875 0.04027777777777778
1 0.57421875 0.4027777777777778 0.0078125 0.019444444444444445
0 0.3671875 0.4395833333333333 0.0125 0.0375
0 0.56484375 0.4027777777777778 0.0078125 0.019444444444444445
1 0.708203125 0.40347222222222223 0.00859375 0.020833333333333332
0 0.46796875 0.40555555555555556 0.0078125 0.019444444444444445
