2 0.708251953125 0.505859375 0.02978515625 0.052083333333333336
2 0.35302734375 0.4993489583333333 0.0283203125 0.046875
2 0.41748046875 0.4446614583333333 0.0166015625 0.029947916666666668
2 0.626220703125 0.4466145833333333 0.01611328125 0.02734375
2 0.603271484375 0.4261067708333333 0.01123046875 0.018880208333333332
2 0.57861328125 0.4143880208333333 0.0087890625 0.013671875
2 0.4482421875 0.4248046875 0.0107421875 0.018880208333333332
2 0.4658203125 0.4137369791666667 0.0078125 0.013671875
2 0.56201171875 0.40625 0.005859375 0.01171875
2 0.4775390625 0.4026692708333333 0.0048828125 0.008463541666666666
2 0.5546875 0.4016927083333333 0.0048828125 0.009114583333333334
2 0.47265625 0.408203125 0.0078125 0.013020833333333334
2 0.5419921875 0.3948567708333333 0.0048828125 0.009765625
2 0.032470703125 0.76953125 0.06494140625 0.171875
2 0.546875 0.3974609375 0.0048828125 0.011067708333333334
2 0.5380859375 0.3932291666666667 0.0048828125 0.009114583333333334
