1 0.93515625 0.8270833333333333 0.071875 0.18194444444444444
1 0.773046875 0.5666666666666667 0.02734375 0.07222222222222222
1 0.471875 0.5138888888888888 0.01875 0.04722222222222222
1 0.07890625 0.7604166666666666 0.0546875 0.12083333333333333
1 0.829296875 0.5041666666666667 0.01796875 0.041666666666666664
1 0.953515625 0.48819444444444443 0.01171875 0.03194444444444444
1 0.65390625 0.47152777777777777 0.0125 0.034722222222222224
1 0.954296875 0.45902777777777776 0.01015625 0.02638888888888889
1 0.838671875 0.45694444444444443 0.01171875 0.027777777777777776
1 0.275 0.44166666666666665 0.0078125 0.025
1 0.28671875 0.43680555555555556 0.0078125 0.03194444444444444
