1 0.681396484375 0.4993489583333333 0.02880859375 0.052083333333333336
1 0.565673828125 0.4358723958333333 0.01220703125 0.022786458333333332
1 0.2958984375 0.5107421875 0.02734375 0.050130208333333336
0 0.400634765625 0.439453125 0.01416015625 0.0234375
2 0.555419921875 0.4235026041666667 0.01123046875 0.030598958333333332
2 0.4111328125 0.4270833333333333 0.013671875 0.03125
2 0.537841796875 0.419921875 0.00830078125 0.015625
0 0.425537109375 0.4195963541666667 0.00732421875 0.014973958333333334
0 0.43115234375 0.4137369791666667 0.005859375 0.012369791666666666
1 0.527099609375 0.4117838541666667 0.00537109375 0.011067708333333334
0 0.440673828125 0.4075520833333333 0.00537109375 0.010416666666666666
2 0.55029296875 0.4215494791666667 0.0078125 0.029296875
1 0.512939453125 0.4052734375 0.00537109375 0.008463541666666666
0 0.4560546875 0.4039713541666667 0.0048828125 0.008463541666666666
0 0.47021484375 0.4007161458333333 0.0048828125 0.007161458333333333
1 0.501953125 0.3971354166666667 0.0048828125 0.006510416666666667
1 0.52587890625 0.4020182291666667 0.0048828125 0.008463541666666666
2 0.41650390625 0.4235026041666667 0.0078125 0.030598958333333332
