0 0.297265625 0.6479166666666667 0.03203125 0.08472222222222223
2 0.798828125 0.5069444444444444 0.04140625 0.15
0 0.70546875 0.5520833333333334 0.025 0.06527777777777778
2 0.37109375 0.49930555555555556 0.028125 0.10416666666666667
0 0.41484375 0.5159722222222223 0.0171875 0.04583333333333333
2 0.890625 0.5083333333333333 0.0421875 0.14722222222222223
0 0.453125 0.4652777777777778 0.0109375 0.03333333333333333
2 0.30859375 0.5027777777777778 0.028125 0.1
0 0.965234375 0.5388888888888889 0.02109375 0.06111111111111111
0 0.627734375 0.5 0.01484375 0.044444444444444446
1 0.359765625 0.53125 0.01796875 0.05416666666666667
0 0.56640625 0.4340277777777778 0.0078125 0.020833333333333332
0 0.58984375 0.45694444444444443 0.0078125 0.030555555555555555
0 0.475 0.44166666666666665 0.0078125 0.019444444444444445
2 0.446875 0.42291666666666666 0.0109375 0.029166666666666667
2 0.425 0.42777777777777776 0.0078125 0.022222222222222223
