0 0.681875 0.490625 0.05375 0.09375
1 0.2975 0.515625 0.045 0.14375
2 0.444375 0.2859375 0.01375 0.053125
0 0.259375 0.3796875 0.02875 0.096875
1 0.2275 0.3171875 0.0225 0.071875
0 0.378125 0.26875 0.01125 0.04375
0 0.474375 0.25625 0.01125 0.03125
1 0.54375 0.2890625 0.02 0.040625
0 0.528125 0.334375 0.02125 0.06875
1 0.259375 0.2765625 0.01375 0.053125
1 0.2175 0.25625 0.0125 0.04375
0 0.325 0.2375 0.01 0.03125
0 0.363125 0.25 0.00875 0.0375
0 0.285625 0.23125 0.00875 0.0375
1 0.228125 0.2453125 0.01375 0.046875
