0 0.931875 0.8515625 0.09125 0.265625
0 0.880625 0.3265625 0.05125 0.146875
2 0.77875 0.29375 0.0325 0.1
1 0.3975 0.6703125 0.0475 0.178125
0 0.70625 0.4140625 0.025 0.078125
0 0.45 0.3828125 0.015 0.059375
0 0.42375 0.4484375 0.025 0.084375
1 0.3 0.409375 0.03 0.0625
1 0.61625 0.3515625 0.0175 0.059375
1 0.43 0.359375 0.015 0.05625
1 0.735625 0.3609375 0.02625 0.090625
1 0.56875 0.3328125 0.015 0.046875
1 0.53 0.31875 0.0125 0.05
1 0.74875 0.2875 0.0275 0.04375
0 0.25125 0.371875 0.015 0.05625
0 0.653125 0.3296875 0.02125 0.034375
1 0.66 0.2703125 0.01 0.040625
1 0.393125 0.3453125 0.01125 0.034375
1 0.37875 0.33125 0.01 0.03125
0 0.50375 0.3078125 0.0075 0.034375
