1 0.500625 0.471875 0.03875 0.075
0 0.17375 0.54375 0.0425 0.125
0 0.07625 0.8109375 0.075 0.228125
0 0.218125 0.4125 0.02375 0.06875
1 0.420625 0.4796875 0.04375 0.078125
1 0.073125 0.415625 0.02375 0.06875
1 0.015625 0.4859375 0.02625 0.090625
1 0.10375 0.3734375 0.0175 0.053125
0 0.5475 0.175 0.02 0.075
1 0.523125 0.278125 0.01625 0.0625
0 0.509375 0.3734375 0.01625 0.065625
1 0.41875 0.4234375 0.02 0.065625
2 0.7925 0.3578125 0.0275 0.103125
0 0.223125 0.3734375 0.01625 0.059375
0 0.23 0.3078125 0.0075 0.034375
1 0.150625 0.3140625 0.01125 0.028125
0 0.209375 0.3515625 0.01125 0.046875
0 0.261875 0.3015625 0.00875 0.028125
0 0.469375 0.271875 0.01125 0.04375
0 0.45875 0.3421875 0.015 0.040625
0 0.221875 0.334375 0.01125 0.0375
0 0.20125 0.3234375 0.0075 0.034375
1 0.12 0.325 0.01 0.03125
1 0.046875 0.3265625 0.00875 0.028125
