0 0.1609375 0.7625 0.046875 0.13055555555555556
0 0.382421875 0.4847222222222222 0.01328125 0.03888888888888889
0 0.593359375 0.4638888888888889 0.01171875 0.03611111111111111
0 0.575 0.4354166666666667 0.0078125 0.029166666666666667
0 0.400390625 0.43819444444444444 0.00859375 0.02361111111111111
0 0.4203125 0.4465277777777778 0.009375 0.029166666666666667
0 0.490625 0.4125 0.0078125 0.019444444444444445
0 0.54921875 0.4152777777777778 0.0078125 0.022222222222222223
0 0.33125 0.4423611111111111 0.0078125 0.020833333333333332
0 0.191015625 0.4701388888888889 0.00859375 0.020833333333333332
0 0.7578125 0.7118055555555556 0.0390625 0.15416666666666667
0 0.225 0.44722222222222224 0.0078125 0.019444444444444445
0 0.126953125 0.46875 0.00859375 0.020833333333333332
