1 0.8125 0.5006510416666666 0.0263671875 0.04296875
1 0.789306640625 0.47265625 0.02001953125 0.03125
1 0.318603515625 0.556640625 0.05224609375 0.07421875
1 0.879150390625 0.556640625 0.03955078125 0.059895833333333336
1 0.58740234375 0.44921875 0.015625 0.02734375
1 0.6611328125 0.4186197916666667 0.0078125 0.014322916666666666
1 0.62060546875 0.4365234375 0.0107421875 0.021484375
1 0.638427734375 0.427734375 0.01025390625 0.018229166666666668
1 0.763427734375 0.4270833333333333 0.00830078125 0.015625
1 0.91357421875 0.4462890625 0.013671875 0.021484375
1 0.7607421875 0.4156901041666667 0.0068359375 0.012369791666666666
1 0.678955078125 0.4095052083333333 0.00537109375 0.01171875
1 0.9013671875 0.4274088541666667 0.0078125 0.017578125
1 0.8837890625 0.4143880208333333 0.0068359375 0.012369791666666666
1 0.68701171875 0.4059244791666667 0.0048828125 0.009765625
