0 0.71125 0.5390625 0.05 0.140625
1 0.648125 0.44375 0.02875 0.09375
1 0.385 0.6359375 0.045 0.153125
1 0.37375 0.49375 0.025 0.1
0 0.414375 0.4046875 0.01625 0.059375
1 0.789375 0.221875 0.03125 0.1
0 0.066875 0.5625 0.05125 0.075
1 0.63125 0.3921875 0.02 0.065625
1 0.454375 0.36875 0.01625 0.05
1 0.259375 0.4328125 0.02875 0.046875
0 0.745625 0.2234375 0.01875 0.065625
1 0.623125 0.3171875 0.01125 0.046875
0 0.49 0.321875 0.0125 0.04375
0 0.9725 0.25625 0.0525 0.15625
0 0.445625 0.3515625 0.01375 0.034375
