1 0.22802734375 0.6982421875 0.0703125 0.12434895833333333
1 0.73095703125 0.5654296875 0.0419921875 0.07747395833333333
1 0.47802734375 0.44140625 0.0146484375 0.026041666666666668
1 0.498291015625 0.4182942708333333 0.01025390625 0.017578125
1 0.96240234375 0.4892578125 0.021484375 0.035807291666666664
1 0.91943359375 0.4775390625 0.0234375 0.034505208333333336
1 0.5947265625 0.4215494791666667 0.01171875 0.020182291666666668
1 0.7001953125 0.4156901041666667 0.0107421875 0.018880208333333332
1 0.736572265625 0.4072265625 0.00537109375 0.013671875
1 0.978759765625 0.4348958333333333 0.00830078125 0.015625
1 0.842529296875 0.4065755208333333 0.00634765625 0.012369791666666666
