2 0.2596354166666667 0.5351851851851852 0.043229166666666666 0.1111111111111111
2 0.9325520833333333 0.6356481481481482 0.0390625 0.11388888888888889
2 0.7223958333333333 0.3902777777777778 0.0125 0.03796296296296296
2 0.6338541666666667 0.3314814814814815 0.007291666666666667 0.022222222222222223
2 0.5111979166666667 0.3523148148148148 0.0140625 0.032407407407407406
2 0.7427083333333333 0.36898148148148147 0.010416666666666666 0.028703703703703703
2 0.81875 0.37777777777777777 0.009375 0.024074074074074074
2 0.5731770833333333 0.3347222222222222 0.0078125 0.023148148148148147
2 0.696875 0.33796296296296297 0.008333333333333333 0.024074074074074074
2 0.8067708333333333 0.3574074074074074 0.007291666666666667 0.016666666666666666
2 0.7307291666666667 0.3333333333333333 0.00625 0.016666666666666666
2 0.5927083333333333 0.31203703703703706 0.005208333333333333 0.014814814814814815
