1 0.674375 0.5413851351351351 0.05625 0.0929054054054054
1 0.461875 0.46114864864864863 0.03125 0.05405405405405406
1 0.423125 0.43158783783783783 0.02125 0.04222972972972973
1 0.558125 0.39611486486486486 0.01375 0.02533783783783784
0 0.14 0.44003378378378377 0.02 0.03885135135135135
1 0.46875 0.40878378378378377 0.0175 0.033783783783783786
0 0.27375 0.4155405405405405 0.0125 0.02702702702702703
0 0.368125 0.39611486486486486 0.00875 0.02195945945945946
0 0.320625 0.3935810810810811 0.01375 0.02702702702702703
1 0.43125 0.38344594594594594 0.015 0.02364864864864865
1 0.504375 0.3876689189189189 0.01375 0.028716216216216218
0 0.015625 0.47550675675675674 0.03125 0.05912162162162162
0 0.3525 0.39864864864864863 0.015 0.02702702702702703
0 0.270625 0.3918918918918919 0.01125 0.02364864864864865
1 0.2075 0.3910472972972973 0.01 0.018581081081081082
0 0.086875 0.39864864864864863 0.01125 0.02027027027027027
2 0.955625 0.36824324324324326 0.01125 0.02027027027027027
2 0.975625 0.36317567567567566 0.00875 0.016891891891891893
