2 0.13932291666666666 0.7763888888888889 0.0765625 0.18055555555555555
2 0.6604166666666667 0.4111111111111111 0.017708333333333333 0.05
2 0.7057291666666666 0.425 0.026041666666666668 0.02962962962962963
2 0.7770833333333333 0.44212962962962965 0.028125 0.032407407407407406
2 0.83671875 0.4527777777777778 0.028645833333333332 0.040740740740740744
2 0.4583333333333333 0.3800925925925926 0.016666666666666666 0.04351851851851852
2 0.5533854166666666 0.34953703703703703 0.013020833333333334 0.032407407407407406
2 0.64296875 0.3425925925925926 0.008854166666666666 0.02962962962962963
2 0.79375 0.36574074074074076 0.010416666666666666 0.025925925925925925
2 0.775 0.3425925925925926 0.008333333333333333 0.022222222222222223
2 0.65234375 0.3416666666666667 0.008854166666666666 0.022222222222222223
2 0.66875 0.31203703703703706 0.005208333333333333 0.011111111111111112
2 0.7598958333333333 0.32685185185185184 0.005208333333333333 0.009259259259259259
2 0.6838541666666667 0.32175925925925924 0.005208333333333333 0.017592592592592594
2 0.6729166666666667 0.32685185185185184 0.005208333333333333 0.016666666666666666
