1 0.39625 0.5177364864864865 0.06 0.11655405405405406
1 0.750625 0.5067567567567568 0.04375 0.0777027027027027
1 0.605625 0.5101351351351351 0.05375 0.09121621621621621
1 0.16625 0.5591216216216216 0.1175 0.18243243243243243
1 0.948125 0.5076013513513513 0.03875 0.06587837837837837
0 0.5025 0.47381756756756754 0.01 0.02195945945945946
1 0.644375 0.47297297297297297 0.01375 0.02702702702702703
1 0.70625 0.47550675675675674 0.0125 0.02195945945945946
1 0.54875 0.4780405405405405 0.0125 0.02364864864864865
0 0.539375 0.4721283783783784 0.00875 0.018581081081081082
1 0.476875 0.4797297297297297 0.01125 0.02702702702702703
0 0.44875 0.47381756756756754 0.01 0.02195945945945946
1 0.91125 0.47635135135135137 0.015 0.02364864864864865
1 0.788125 0.47635135135135137 0.01125 0.02364864864864865
1 0.8575 0.47550675675675674 0.015 0.028716216216216218
1 0.309375 0.4814189189189189 0.01875 0.030405405405405407
0 0.93 0.47297297297297297 0.015 0.02027027027027027
0 0.719375 0.47128378378378377 0.00875 0.02027027027027027
0 0.82125 0.47297297297297297 0.0075 0.02027027027027027
1 0.058125 0.47719594594594594 0.01125 0.02195945945945946
1 0.240625 0.4797297297297297 0.01625 0.02702702702702703
0 0.251875 0.47550675675675674 0.00875 0.018581081081081082
0 0.36625 0.47719594594594594 0.0125 0.028716216216216218
1 0.1025 0.47635135135135137 0.0125 0.02027027027027027
0 0.87 0.47128378378378377 0.0075 0.016891891891891893
0 0.775 0.4721283783783784 0.01 0.018581081081081082
1 0.985 0.47550675675675674 0.0175 0.02533783783783784
