1 0.248125 0.7423986486486487 0.36375 0.5084459459459459
1 0.64125 0.5734797297297297 0.1025 0.19087837837837837
1 0.53625 0.5033783783783784 0.02 0.030405405405405407
1 0.74125 0.5050675675675675 0.03 0.060810810810810814
0 0.77 0.4890202702702703 0.015 0.03209459459459459
1 0.445625 0.5050675675675675 0.01875 0.04054054054054054
1 0.864375 0.4983108108108108 0.02875 0.05067567567567568
1 0.99 0.4907094594594595 0.0175 0.052364864864864864
1 0.348125 0.5118243243243243 0.01875 0.037162162162162164
1 0.683125 0.5135135135135135 0.04125 0.06418918918918919
1 0.97375 0.4856418918918919 0.0175 0.03209459459459459
0 0.94375 0.4839527027027027 0.0125 0.02533783783783784
0 0.459375 0.504222972972973 0.01375 0.02533783783783784
