2 0.77734375 0.5180555555555556 0.027604166666666666 0.0712962962962963
2 0.03229166666666667 0.5268518518518519 0.046875 0.08333333333333333
2 0.8145833333333333 0.43472222222222223 0.0125 0.03796296296296296
2 0.7671875 0.3768518518518518 0.008333333333333333 0.022222222222222223
2 0.6278645833333333 0.37222222222222223 0.009895833333333333 0.027777777777777776
2 0.4088541666666667 0.4041666666666667 0.025 0.049074074074074076
2 0.33541666666666664 0.34120370370370373 0.015625 0.03981481481481482
2 0.884375 0.42407407407407405 0.009375 0.025925925925925925
2 0.3046875 0.3439814814814815 0.01875 0.019444444444444445
2 0.8416666666666667 0.38842592592592595 0.007291666666666667 0.017592592592592594
2 0.9515625 0.42962962962962964 0.007291666666666667 0.018518518518518517
2 0.9697916666666667 0.4203703703703704 0.005208333333333333 0.009259259259259259
2 0.9848958333333333 0.43842592592592594 0.005208333333333333 0.013888888888888888
