0 0.107421875 0.9125 0.08203125 0.16666666666666666
0 0.098828125 0.6020833333333333 0.02109375 0.05694444444444444
0 0.39140625 0.5034722222222222 0.015625 0.043055555555555555
0 0.621484375 0.5222222222222223 0.02265625 0.06666666666666667
0 0.28046875 0.4895833333333333 0.0078125 0.02638888888888889
0 0.06796875 0.5548611111111111 0.0125 0.034722222222222224
0 0.23515625 0.48333333333333334 0.0078125 0.022222222222222223
0 0.20390625 0.4826388888888889 0.0078125 0.018055555555555554
2 0.1203125 0.47847222222222224 0.0078125 0.02361111111111111
2 0.13828125 0.4736111111111111 0.0078125 0.022222222222222223
0 0.03984375 0.5201388888888889 0.0078125 0.018055555555555554
2 0.0234375 0.5020833333333333 0.0078125 0.020833333333333332
0 0.0515625 0.5326388888888889 0.0109375 0.02638888888888889
