1 0.33935546875 0.576171875 0.046875 0.07682291666666667
1 0.726806640625 0.5432942708333334 0.03759765625 0.061848958333333336
1 0.623779296875 0.4697265625 0.01611328125 0.029296875
1 0.580810546875 0.4459635416666667 0.01123046875 0.020833333333333332
1 0.43408203125 0.4759114583333333 0.0205078125 0.033854166666666664
1 0.47216796875 0.4348958333333333 0.0078125 0.015625
1 0.633544921875 0.4326171875 0.00732421875 0.012369791666666666
1 0.565185546875 0.4342447916666667 0.00830078125 0.015625
1 0.779052734375 0.4599609375 0.01123046875 0.022786458333333332
1 0.90283203125 0.4563802083333333 0.009765625 0.018229166666666668
1 0.835205078125 0.4436848958333333 0.00732421875 0.013671875
1 0.479736328125 0.4293619791666667 0.00634765625 0.012369791666666666
1 0.5556640625 0.4235026041666667 0.0048828125 0.013671875
1 0.591064453125 0.4212239583333333 0.00537109375 0.01171875
