0 0.25634765625 0.5794270833333334 0.0380859375 0.0625
1 0.74072265625 0.57421875 0.0380859375 0.0703125
1 0.52001953125 0.5110677083333334 0.0263671875 0.05078125
0 0.28076171875 0.5162760416666666 0.0205078125 0.03515625
1 0.443359375 0.482421875 0.015625 0.02734375
1 0.3896484375 0.4720052083333333 0.01171875 0.022135416666666668
0 0.26806640625 0.4928385416666667 0.0126953125 0.024739583333333332
0 0.25 0.4817708333333333 0.009765625 0.018229166666666668
0 0.1435546875 0.4759114583333333 0.009765625 0.016927083333333332
0 0.1806640625 0.4765625 0.009765625 0.015625
0 0.22216796875 0.4778645833333333 0.0107421875 0.018229166666666668
1 0.30810546875 0.4635416666666667 0.0107421875 0.020833333333333332
0 0.10986328125 0.4759114583333333 0.0107421875 0.016927083333333332
1 0.35791015625 0.4680989583333333 0.0087890625 0.016927083333333332
