2 0.3880208333333333 0.3375 0.011458333333333333 0.028703703703703703
2 0.33619791666666665 0.43425925925925923 0.021354166666666667 0.07037037037037037
2 0.7510416666666667 0.4898148148148148 0.034375 0.08888888888888889
2 0.6604166666666667 0.36203703703703705 0.0125 0.03148148148148148
2 0.415625 0.36018518518518516 0.013541666666666667 0.03333333333333333
2 0.52890625 0.31296296296296294 0.0078125 0.020370370370370372
2 0.3182291666666667 0.3347222222222222 0.009375 0.021296296296296296
2 0.45677083333333335 0.30925925925925923 0.007291666666666667 0.016666666666666666
2 0.6098958333333333 0.32407407407407407 0.008333333333333333 0.024074074074074074
2 0.28828125 0.32037037037037036 0.005729166666666666 0.016666666666666666
2 0.6479166666666667 0.3125 0.005208333333333333 0.013888888888888888
2 0.21276041666666667 0.34074074074074073 0.005729166666666666 0.018518518518518517
2 0.37421875 0.31342592592592594 0.005729166666666666 0.01574074074074074
