0 0.08935546875 0.728515625 0.0751953125 0.13932291666666666
0 0.3408203125 0.54296875 0.029296875 0.052083333333333336
0 0.4921875 0.4928385416666667 0.017578125 0.032552083333333336
1 0.93212890625 0.6848958333333334 0.0791015625 0.10677083333333333
0 0.4228515625 0.505859375 0.021484375 0.037760416666666664
0 0.576171875 0.4876302083333333 0.017578125 0.032552083333333336
0 0.7119140625 0.4869791666666667 0.01171875 0.0234375
1 0.76416015625 0.5384114583333334 0.0302734375 0.05078125
1 0.83251953125 0.509765625 0.0205078125 0.03515625
0 0.9775390625 0.4921875 0.01171875 0.020833333333333332
0 0.14697265625 0.4798177083333333 0.0087890625 0.01953125
1 0.15625 0.46875 0.009765625 0.015625
0 0.04150390625 0.4947916666666667 0.0126953125 0.026041666666666668
1 0.091796875 0.4752604166666667 0.0078125 0.015625
0 0.2060546875 0.474609375 0.0078125 0.014322916666666666
0 0.82470703125 0.4876302083333333 0.0107421875 0.01953125
0 0.25 0.4680989583333333 0.005859375 0.01171875
