0 0.130625 0.5084459459459459 0.04125 0.0777027027027027
0 0.25625 0.43243243243243246 0.0225 0.04391891891891892
1 0.61375 0.4467905405405405 0.03 0.05574324324324324
1 0.53125 0.39949324324324326 0.02 0.03209459459459459
0 0.04375 0.40625 0.0225 0.03885135135135135
0 0.274375 0.40371621621621623 0.01625 0.033783783783783786
0 0.203125 0.38682432432432434 0.01375 0.02702702702702703
0 0.26375 0.38175675675675674 0.0125 0.02702702702702703
1 0.504375 0.38006756756756754 0.01375 0.02364864864864865
1 0.36375 0.36993243243243246 0.01 0.02027027027027027
1 0.4675 0.3733108108108108 0.01 0.02027027027027027
1 0.27875 0.36739864864864863 0.01 0.018581081081081082
1 0.191875 0.36739864864864863 0.01125 0.02195945945945946
