2 0.33541666666666664 0.4083333333333333 0.020833333333333332 0.044444444444444446
2 0.9421875 0.675 0.05520833333333333 0.12777777777777777
2 0.6216145833333333 0.40925925925925927 0.019270833333333334 0.046296296296296294
2 0.5403645833333334 0.3458333333333333 0.009895833333333333 0.023148148148148147
2 0.39765625 0.350462962962963 0.011979166666666667 0.026851851851851852
2 0.04921875 0.8138888888888889 0.0921875 0.2074074074074074
2 0.36666666666666664 0.3162037037037037 0.005208333333333333 0.012037037037037037
2 0.4002604166666667 0.33101851851851855 0.0078125 0.01574074074074074
2 0.38958333333333334 0.3189814814814815 0.005208333333333333 0.013888888888888888
2 0.41640625 0.3138888888888889 0.005729166666666666 0.009259259259259259
2 0.3484375 0.31296296296296294 0.005208333333333333 0.009259259259259259
2 0.47161458333333334 0.31527777777777777 0.005729166666666666 0.013888888888888888
2 0.4981770833333333 0.32175925925925924 0.005729166666666666 0.013888888888888888
