1 0.33984375 0.5951388888888889 0.021875 0.06527777777777778
1 0.341015625 0.5479166666666667 0.01171875 0.034722222222222224
1 0.4546875 0.5131944444444444 0.0078125 0.020833333333333332
1 0.71640625 0.5180555555555556 0.0203125 0.05
1 0.5296875 0.5083333333333333 0.0109375 0.030555555555555555
1 0.31640625 0.5347222222222222 0.009375 0.022222222222222223
1 0.43046875 0.5090277777777777 0.0078125 0.015277777777777777
1 0.43984375 0.5069444444444444 0.0078125 0.013888888888888888
1 0.0921875 0.5881944444444445 0.009375 0.034722222222222224
1 0.101953125 0.5854166666666667 0.01015625 0.034722222222222224
1 0.334375 0.5236111111111111 0.0078125 0.016666666666666666
1 0.36015625 0.5166666666666667 0.0078125 0.013888888888888888
1 0.34296875 0.5222222222222223 0.0078125 0.013888888888888888
