0 0.244921875 0.6375 0.03203125 0.08333333333333333
0 0.812890625 0.5381944444444444 0.02578125 0.0625
0 0.751953125 0.47638888888888886 0.01484375 0.03888888888888889
0 0.748046875 0.4444444444444444 0.01015625 0.027777777777777776
0 0.366796875 0.5013888888888889 0.01484375 0.041666666666666664
2 0.5765625 0.4215277777777778 0.009375 0.034722222222222224
0 0.54296875 0.4305555555555556 0.0078125 0.019444444444444445
2 0.4046875 0.42986111111111114 0.0109375 0.03194444444444444
0 0.410546875 0.4597222222222222 0.01171875 0.027777777777777776
2 0.61015625 0.41875 0.0140625 0.04583333333333333
0 0.6421875 0.4270833333333333 0.0078125 0.020833333333333332
0 0.43046875 0.44305555555555554 0.0078125 0.016666666666666666
0 0.4484375 0.42986111111111114 0.0078125 0.015277777777777777
0 0.5296875 0.4222222222222222 0.0078125 0.019444444444444445
0 0.75390625 0.43194444444444446 0.0078125 0.022222222222222223
2 0.43046875 0.4222222222222222 0.0078125 0.030555555555555555
2 0.44609375 0.4076388888888889 0.0078125 0.015277777777777777
