2 0.44375 0.49375 0.0171875 0.04027777777777778
1 0.63515625 0.47708333333333336 0.0109375 0.0375
1 0.5328125 0.44166666666666665 0.0078125 0.019444444444444445
1 0.207421875 0.5277777777777778 0.02421875 0.05
1 0.27890625 0.47708333333333336 0.0140625 0.034722222222222224
1 0.3859375 0.4479166666666667 0.0078125 0.020833333333333332
1 0.4984375 0.42916666666666664 0.0078125 0.016666666666666666
1 0.48359375 0.42291666666666666 0.0078125 0.015277777777777777
1 0.4109375 0.42916666666666664 0.0078125 0.016666666666666666
1 0.394140625 0.425 0.00859375 0.013888888888888888
