1 0.766875 0.5390625 0.07375 0.234375
1 0.536875 0.415625 0.05125 0.18125
1 0.744375 0.20625 0.02625 0.09375
0 0.45 0.3171875 0.0325 0.121875
0 0.3275 0.2953125 0.0425 0.078125
2 0.33125 0.3703125 0.04 0.140625
0 0.676875 0.3375 0.04375 0.14375
1 0.08 0.3171875 0.0325 0.115625
0 0.440625 0.2609375 0.02625 0.090625
1 0.81875 0.2484375 0.03 0.103125
0 0.6825 0.1859375 0.0175 0.071875
0 0.438125 0.21875 0.02375 0.075
0 0.273125 0.209375 0.01875 0.06875
0 0.14375 0.2015625 0.02 0.071875
1 0.39375 0.20625 0.02 0.075
0 0.62 0.2 0.02 0.075
1 0.8475 0.1765625 0.0225 0.084375
1 0.911875 0.18125 0.02125 0.0875
1 0.06 0.178125 0.0275 0.08125
0 0.504375 0.2234375 0.01875 0.071875
