1 0.822998046875 0.599609375 0.04443359375 0.08203125
0 0.2119140625 0.5852864583333334 0.0419921875 0.07421875
1 0.6142578125 0.4462890625 0.0107421875 0.025390625
0 0.3974609375 0.4573567708333333 0.013671875 0.026692708333333332
0 0.468994140625 0.4267578125 0.00732421875 0.017578125
1 0.603759765625 0.4215494791666667 0.00732421875 0.016276041666666668
1 0.58544921875 0.4104817708333333 0.0048828125 0.011067708333333334
1 0.55908203125 0.4026692708333333 0.0048828125 0.008463541666666666
0 0.5078125 0.4075520833333333 0.0048828125 0.009114583333333334
0 0.5048828125 0.4150390625 0.0048828125 0.011067708333333334
0 0.50439453125 0.4049479166666667 0.0048828125 0.006510416666666667
1 0.56494140625 0.396484375 0.0048828125 0.0078125
