0 0.194091796875 0.6689453125 0.05908203125 0.10091145833333333
1 0.968994140625 0.6702473958333334 0.06005859375 0.11002604166666667
1 0.644775390625 0.4931640625 0.02197265625 0.044921875
0 0.361328125 0.4892578125 0.01953125 0.041015625
1 0.823486328125 0.5087890625 0.03076171875 0.048828125
1 0.6865234375 0.4632161458333333 0.01953125 0.034505208333333336
0 0.392578125 0.4518229166666667 0.0146484375 0.03125
1 0.56396484375 0.4518229166666667 0.0185546875 0.029947916666666668
1 0.6162109375 0.4482421875 0.0146484375 0.030598958333333332
1 0.487548828125 0.4332682291666667 0.01123046875 0.021484375
0 0.3671875 0.4375 0.0107421875 0.020833333333333332
1 0.521728515625 0.4388020833333333 0.01025390625 0.0234375
0 0.732666015625 0.447265625 0.01611328125 0.024739583333333332
1 0.57470703125 0.4365234375 0.01171875 0.024088541666666668
0 0.6689453125 0.4384765625 0.0107421875 0.024088541666666668
0 0.83740234375 0.4713541666666667 0.0205078125 0.037760416666666664
1 0.545166015625 0.4287109375 0.00927734375 0.018880208333333332
1 0.432861328125 0.4293619791666667 0.01025390625 0.018880208333333332
1 0.284423828125 0.4309895833333333 0.01123046875 0.020833333333333332
0 0.304443359375 0.4378255208333333 0.01220703125 0.021484375
