0 0.39296875 0.4979166666666667 0.0234375 0.07083333333333333
1 0.417578125 0.5 0.02421875 0.06666666666666667
1 0.549609375 0.40902777777777777 0.01171875 0.034722222222222224
1 0.74296875 0.4166666666666667 0.015625 0.041666666666666664
1 0.71171875 0.3770833333333333 0.0078125 0.020833333333333332
1 0.87578125 0.5805555555555556 0.040625 0.10833333333333334
0 0.219921875 0.4875 0.01640625 0.041666666666666664
1 0.5921875 0.3763888888888889 0.0078125 0.025
0 0.53515625 0.4125 0.0109375 0.03611111111111111
0 0.397265625 0.4173611111111111 0.00859375 0.02638888888888889
0 0.49296875 0.3819444444444444 0.0078125 0.019444444444444445
