1 0.606201171875 0.4990234375 0.02490234375 0.047526041666666664
1 0.302001953125 0.5185546875 0.03076171875 0.052734375
1 0.399658203125 0.4541015625 0.01416015625 0.026692708333333332
1 0.560791015625 0.4485677083333333 0.01318359375 0.024739583333333332
1 0.444091796875 0.4283854166666667 0.00830078125 0.015625
1 0.4580078125 0.423828125 0.005859375 0.014322916666666666
1 0.545166015625 0.4339192708333333 0.01123046875 0.018880208333333332
1 0.535400390625 0.427734375 0.00732421875 0.014322916666666666
1 0.52587890625 0.4195963541666667 0.0048828125 0.008463541666666666
1 0.47412109375 0.4202473958333333 0.0048828125 0.011067708333333334
1 0.390869140625 0.4241536458333333 0.00537109375 0.011067708333333334
1 0.322021484375 0.4371744791666667 0.00927734375 0.017578125
1 0.30517578125 0.4303385416666667 0.0068359375 0.013020833333333334
1 0.39892578125 0.4186197916666667 0.0048828125 0.009114583333333334
1 0.115234375 0.4407552083333333 0.0087890625 0.013020833333333334
1 0.1865234375 0.4303385416666667 0.0068359375 0.01171875
1 0.0595703125 0.4375 0.0068359375 0.013020833333333334
1 0.369384765625 0.4153645833333333 0.00537109375 0.0078125
1 0.5224609375 0.4176432291666667 0.0048828125 0.008463541666666666
1 0.4794921875 0.4137369791666667 0.0048828125 0.007161458333333333
1 0.26220703125 0.4248046875 0.0048828125 0.012369791666666666
1 0.27392578125 0.41796875 0.0048828125 0.009114583333333334
1 0.247802734375 0.421875 0.00537109375 0.009114583333333334
1 0.135009765625 0.4293619791666667 0.00537109375 0.009765625
1 0.318115234375 0.4192708333333333 0.00537109375 0.0078125
1 0.142578125 0.4348958333333333 0.005859375 0.01171875
1 0.30615234375 0.416015625 0.0048828125 0.0078125
1 0.317626953125 0.4127604166666667 0.00537109375 0.0078125
1 0.4072265625 0.41015625 0.0048828125 0.006510416666666667
1 0.333984375 0.4095052083333333 0.0048828125 0.006510416666666667
