2 0.270263671875 0.5582682291666666 0.03857421875 0.072265625
2 0.371337890625 0.47265625 0.02197265625 0.037760416666666664
2 0.642333984375 0.4680989583333333 0.02099609375 0.03515625
2 0.811279296875 0.56640625 0.04736328125 0.07552083333333333
2 0.431640625 0.4222005208333333 0.009765625 0.020182291666666668
2 0.413330078125 0.4375 0.01513671875 0.024739583333333332
2 0.593505859375 0.4342447916666667 0.01416015625 0.026041666666666668
2 0.56689453125 0.419921875 0.01171875 0.020833333333333332
2 0.550048828125 0.4108072916666667 0.00732421875 0.015625
2 0.539794921875 0.4059244791666667 0.00537109375 0.012369791666666666
2 0.440673828125 0.4124348958333333 0.00927734375 0.014973958333333334
2 0.4580078125 0.4055989583333333 0.005859375 0.01171875
2 0.53173828125 0.4039713541666667 0.0048828125 0.012369791666666666
