2 0.196875 0.575462962962963 0.03958333333333333 0.10648148148148148
2 0.37838541666666664 0.43842592592592594 0.025520833333333333 0.06759259259259259
2 0.35 0.4027777777777778 0.017708333333333333 0.053703703703703705
2 0.25390625 0.3939814814814815 0.015104166666666667 0.04351851851851852
2 0.13776041666666666 0.4185185185185185 0.0171875 0.04814814814814815
2 0.7854166666666667 0.4134259259259259 0.015625 0.04351851851851852
2 0.5825520833333333 0.3527777777777778 0.009895833333333333 0.03148148148148148
2 0.42682291666666666 0.32083333333333336 0.0067708333333333336 0.01574074074074074
2 0.12135416666666667 0.38981481481481484 0.008333333333333333 0.020370370370370372
2 0.016145833333333335 0.42407407407407405 0.010416666666666666 0.022222222222222223
2 0.2791666666666667 0.3574074074074074 0.008333333333333333 0.018518518518518517
2 0.43255208333333334 0.34120370370370373 0.009895833333333333 0.025
