1 0.403076171875 0.50390625 0.02783203125 0.05078125
1 0.711181640625 0.4856770833333333 0.02294921875 0.040364583333333336
1 0.654052734375 0.4417317708333333 0.01513671875 0.026692708333333332
1 0.45947265625 0.4449869791666667 0.013671875 0.025390625
1 0.739990234375 0.439453125 0.01416015625 0.024739583333333332
1 0.508056640625 0.4127604166666667 0.00927734375 0.018229166666666668
1 0.623779296875 0.4010416666666667 0.00927734375 0.014322916666666666
1 0.55517578125 0.4049479166666667 0.0087890625 0.014322916666666666
1 0.8017578125 0.4287109375 0.01171875 0.020182291666666668
1 0.787109375 0.4147135416666667 0.01171875 0.018229166666666668
1 0.73046875 0.4156901041666667 0.013671875 0.018880208333333332
1 0.71533203125 0.4020182291666667 0.0087890625 0.014973958333333334
1 0.673095703125 0.4182942708333333 0.01416015625 0.020182291666666668
1 0.885986328125 0.4228515625 0.01025390625 0.017578125
1 0.7763671875 0.4052734375 0.0078125 0.013671875
1 0.854248046875 0.4098307291666667 0.01025390625 0.014973958333333334
