0 0.64375 0.43243243243243246 0.0175 0.033783783783783786
0 0.68125 0.47635135135135137 0.0325 0.060810810810810814
1 0.704375 0.4079391891891892 0.01375 0.02533783783783784
1 0.790625 0.41638513513513514 0.01625 0.03209459459459459
0 0.485625 0.40878378378378377 0.00875 0.02027027027027027
0 0.58875 0.4206081081081081 0.0125 0.02702702702702703
1 0.953125 0.43496621621621623 0.02375 0.03885135135135135
0 0.535625 0.41216216216216217 0.00875 0.02702702702702703
0 0.3675 0.4028716216216216 0.0075 0.018581081081081082
1 0.63375 0.40371621621621623 0.0125 0.02027027027027027
0 0.31 0.40371621621621623 0.0075 0.016891891891891893
0 0.26125 0.40371621621621623 0.0075 0.02027027027027027
2 0.704375 0.37415540540540543 0.01125 0.018581081081081082
1 0.434375 0.4045608108108108 0.00875 0.018581081081081082
