1 0.81484375 0.6798611111111111 0.05 0.14583333333333334
1 0.141796875 0.7770833333333333 0.05703125 0.14305555555555555
1 0.3203125 0.5513888888888889 0.03125 0.06944444444444445
1 0.63515625 0.48541666666666666 0.021875 0.05138888888888889
1 0.51875 0.44583333333333336 0.0140625 0.03611111111111111
1 0.35234375 0.4305555555555556 0.009375 0.025
1 0.33046875 0.4861111111111111 0.0171875 0.044444444444444446
1 0.250390625 0.46111111111111114 0.01015625 0.03333333333333333
1 0.25546875 0.42916666666666664 0.0078125 0.019444444444444445
1 0.446484375 0.4326388888888889 0.01015625 0.029166666666666667
1 0.15703125 0.45416666666666666 0.0109375 0.025
1 0.1765625 0.42916666666666664 0.0078125 0.016666666666666666
