0 0.711875 0.527027027027027 0.06625 0.11486486486486487
0 0.8825 0.5422297297297297 0.095 0.14527027027027026
1 0.039375 0.5236486486486487 0.07375 0.10472972972972973
1 0.131875 0.5067567567567568 0.04875 0.07094594594594594
0 0.538125 0.5101351351351351 0.03625 0.0777027027027027
1 0.238125 0.49915540540540543 0.03625 0.052364864864864864
0 0.63875 0.4983108108108108 0.0275 0.0472972972972973
1 0.43125 0.49408783783783783 0.025 0.04222972972972973
0 0.78 0.5008445945945946 0.0225 0.048986486486486486
1 0.329375 0.49408783783783783 0.02375 0.04560810810810811
1 0.615625 0.48817567567567566 0.01125 0.02364864864864865
1 0.365 0.4839527027027027 0.0125 0.018581081081081082
0 0.40875 0.4847972972972973 0.01 0.013513513513513514
0 0.483125 0.4831081081081081 0.01125 0.02027027027027027
1 0.460625 0.4856418918918919 0.00875 0.018581081081081082
0 0.758125 0.48986486486486486 0.01625 0.037162162162162164
0 0.350625 0.4822635135135135 0.01125 0.011824324324324325
0 0.95125 0.49746621621621623 0.0125 0.028716216216216218
0 0.926875 0.4966216216216216 0.01125 0.030405405405405407
