1 0.826171875 0.6272786458333334 0.0615234375 0.10091145833333333
1 0.569580078125 0.5335286458333334 0.04345703125 0.06315104166666667
1 0.431396484375 0.4817708333333333 0.02880859375 0.04296875
1 0.108154296875 0.4983723958333333 0.02978515625 0.044921875
1 0.135498046875 0.4619140625 0.01904296875 0.027994791666666668
1 0.28564453125 0.4231770833333333 0.0087890625 0.018229166666666668
1 0.32177734375 0.4378255208333333 0.0126953125 0.025390625
1 0.152587890625 0.4365234375 0.01123046875 0.018880208333333332
1 0.024169921875 0.6422526041666666 0.04833984375 0.11393229166666667
1 0.09033203125 0.4274088541666667 0.0107421875 0.016276041666666668
