2 0.851318359375 0.6302083333333334 0.07958984375 0.17057291666666666
2 0.200927734375 0.6181640625 0.07373046875 0.17252604166666666
1 0.68994140625 0.5133463541666666 0.0322265625 0.055338541666666664
0 0.316162109375 0.5322265625 0.03369140625 0.060546875
1 0.6103515625 0.4635416666666667 0.021484375 0.036458333333333336
0 0.390380859375 0.458984375 0.01806640625 0.036458333333333336
1 0.56005859375 0.4270833333333333 0.01171875 0.01953125
0 0.42724609375 0.4251302083333333 0.0107421875 0.01953125
2 0.049072265625 0.8512369791666666 0.09814453125 0.216796875
1 0.544189453125 0.4143880208333333 0.00830078125 0.013671875
1 0.533203125 0.4075520833333333 0.005859375 0.013020833333333334
2 0.969482421875 0.8037109375 0.06103515625 0.13346354166666666
1 0.524658203125 0.4010416666666667 0.00537109375 0.010416666666666666
1 0.5205078125 0.3968098958333333 0.0048828125 0.011067708333333334
0 0.4453125 0.4078776041666667 0.005859375 0.009765625
0 0.440673828125 0.4111328125 0.00830078125 0.014973958333333334
1 0.51806640625 0.3922526041666667 0.0048828125 0.008463541666666666
0 0.45068359375 0.4007161458333333 0.0048828125 0.011067708333333334
