1 0.750244140625 0.6233723958333334 0.06005859375 0.09830729166666667
1 0.60546875 0.4931640625 0.02734375 0.050130208333333336
1 0.172119140625 0.4912109375 0.02392578125 0.042317708333333336
1 0.154541015625 0.4622395833333333 0.01806640625 0.029947916666666668
1 0.4599609375 0.4501953125 0.015625 0.029296875
1 0.31787109375 0.4332682291666667 0.0146484375 0.025390625
1 0.2353515625 0.4287109375 0.0126953125 0.022786458333333332
1 0.09033203125 0.4505208333333333 0.015625 0.022135416666666668
1 0.1728515625 0.4261067708333333 0.0107421875 0.020182291666666668
1 0.047607421875 0.4290364583333333 0.01416015625 0.022135416666666668
