1 0.902587890625 0.63671875 0.06103515625 0.10416666666666667
1 0.19873046875 0.5709635416666666 0.0478515625 0.07942708333333333
1 0.669921875 0.5110677083333334 0.0302734375 0.0546875
1 0.547607421875 0.4690755208333333 0.02001953125 0.035807291666666664
1 0.444091796875 0.4524739583333333 0.01904296875 0.028645833333333332
1 0.1494140625 0.4840494791666667 0.021484375 0.035807291666666664
1 0.2451171875 0.4427083333333333 0.0126953125 0.0234375
1 0.15771484375 0.4456380208333333 0.0146484375 0.024088541666666668
1 0.336669921875 0.4440104166666667 0.01416015625 0.026041666666666668
1 0.017578125 0.4847005208333333 0.0224609375 0.033203125
1 0.0546875 0.4498697916666667 0.0166015625 0.0234375
