1 0.61865234375 0.4612630208333333 0.0185546875 0.033203125
1 0.787109375 0.5891927083333334 0.0498046875 0.08203125
1 0.147216796875 0.6513671875 0.05908203125 0.10872395833333333
1 0.424072265625 0.4378255208333333 0.01611328125 0.024088541666666668
1 0.23193359375 0.4951171875 0.029296875 0.046223958333333336
1 0.5830078125 0.435546875 0.0107421875 0.01953125
1 0.462890625 0.4176432291666667 0.0087890625 0.013671875
0 0.474853515625 0.4134114583333333 0.00732421875 0.013020833333333334
1 0.56494140625 0.4241536458333333 0.0107421875 0.017578125
1 0.37060546875 0.4147135416666667 0.005859375 0.010416666666666666
1 0.282470703125 0.421875 0.00927734375 0.016927083333333332
1 0.238037109375 0.4166666666666667 0.00634765625 0.01171875
1 0.41552734375 0.4108072916666667 0.005859375 0.009114583333333334
1 0.548828125 0.4156901041666667 0.0048828125 0.011067708333333334
1 0.541015625 0.4104817708333333 0.0048828125 0.008463541666666666
1 0.544677734375 0.4117838541666667 0.00537109375 0.009765625
