1 0.885009765625 0.6344401041666666 0.06103515625 0.10221354166666667
1 0.65869140625 0.4833984375 0.0244140625 0.047526041666666664
1 0.588623046875 0.4456380208333333 0.01708984375 0.034505208333333336
0 0.392822265625 0.4899088541666667 0.02490234375 0.034505208333333336
0 0.184326171875 0.6666666666666666 0.07275390625 0.10677083333333333
0 0.413818359375 0.4501953125 0.01513671875 0.027994791666666668
1 0.555419921875 0.4283854166666667 0.01220703125 0.026041666666666668
1 0.53369140625 0.4143880208333333 0.0107421875 0.021484375
1 0.4267578125 0.4235026041666667 0.0078125 0.014973958333333334
1 0.516357421875 0.408203125 0.00732421875 0.014322916666666666
0 0.420654296875 0.4329427083333333 0.00830078125 0.015625
