0 0.7275 0.6203125 0.055 0.165625
1 0.925 0.4171875 0.0325 0.078125
1 0.579375 0.39375 0.02375 0.075
1 0.6225 0.39375 0.025 0.08125
0 0.34875 0.36875 0.0175 0.0625
1 0.329375 0.3265625 0.01375 0.053125
0 0.21625 0.440625 0.0325 0.0875
1 0.785625 0.3390625 0.02375 0.059375
0 0.22875 0.315625 0.0125 0.04375
1 0.17875 0.340625 0.02 0.05625
1 0.020625 0.415625 0.02625 0.08125
0 0.37 0.303125 0.01 0.0375
1 0.5425 0.353125 0.015 0.05625
0 0.496875 0.3109375 0.01375 0.021875
0 0.1375 0.3171875 0.01 0.040625
0 0.34125 0.2953125 0.0075 0.034375
0 0.283125 0.2984375 0.00875 0.028125
0 0.20125 0.29375 0.0075 0.025
1 0.455 0.2859375 0.0075 0.028125
0 0.25875 0.290625 0.0075 0.025
1 0.028125 0.3296875 0.01125 0.040625
1 0.068125 0.2921875 0.00875 0.028125
1 0.11875 0.2859375 0.0075 0.028125
