2 0.7375 0.4527777777777778 0.0234375 0.06666666666666667
1 0.346484375 0.59375 0.03359375 0.08194444444444444
1 0.32265625 0.46805555555555556 0.009375 0.030555555555555555
1 0.3640625 0.48333333333333334 0.015625 0.041666666666666664
1 0.5671875 0.4125 0.0125 0.03333333333333333
1 0.213671875 0.4965277777777778 0.00859375 0.029166666666666667
1 0.2671875 0.4722222222222222 0.0078125 0.027777777777777776
1 0.11328125 0.5381944444444444 0.0125 0.02638888888888889
1 0.75546875 0.3638888888888889 0.0078125 0.022222222222222223
1 0.3671875 0.42430555555555555 0.0078125 0.018055555555555554
1 0.446875 0.41388888888888886 0.0078125 0.022222222222222223
1 0.887890625 0.3763888888888889 0.01015625 0.030555555555555555
1 0.9515625 0.36041666666666666 0.009375 0.02361111111111111
1 0.865625 0.3541666666666667 0.009375 0.022222222222222223
1 0.709375 0.35833333333333334 0.009375 0.019444444444444445
