1 0.110546875 0.8375 0.06015625 0.15833333333333333
0 0.369140625 0.5444444444444444 0.02109375 0.05555555555555555
0 0.424609375 0.48680555555555555 0.01015625 0.0375
0 0.4625 0.45625 0.0078125 0.02638888888888889
0 0.614453125 0.4625 0.01171875 0.03333333333333333
0 0.587109375 0.4479166666666667 0.01015625 0.02638888888888889
2 0.66875 0.44583333333333336 0.01875 0.07222222222222222
0 0.57421875 0.43125 0.0078125 0.020833333333333332
2 0.43671875 0.4465277777777778 0.015625 0.05416666666666667
2 0.72109375 0.4486111111111111 0.0203125 0.06111111111111111
2 0.396484375 0.45625 0.01484375 0.043055555555555555
2 0.46875 0.41180555555555554 0.0078125 0.02361111111111111
0 0.769921875 0.4618055555555556 0.01171875 0.03194444444444444
0 0.9546875 0.47638888888888886 0.0140625 0.03888888888888889
0 0.894921875 0.425 0.00859375 0.022222222222222223
0 0.480859375 0.4375 0.00859375 0.019444444444444445
0 0.49296875 0.425 0.0078125 0.013888888888888888
0 0.8828125 0.41388888888888886 0.0078125 0.016666666666666666
0 0.7875 0.43125 0.0078125 0.018055555555555554
0 0.56328125 0.41805555555555557 0.0078125 0.013888888888888888
0 0.791796875 0.4166666666666667 0.00859375 0.019444444444444445
0 0.912890625 0.4388888888888889 0.01015625 0.022222222222222223
0 0.80234375 0.4111111111111111 0.0078125 0.013888888888888888
2 0.4515625 0.41597222222222224 0.0078125 0.018055555555555554
0 0.89765625 0.40555555555555556 0.0078125 0.013888888888888888
0 0.877734375 0.40902777777777777 0.00859375 0.020833333333333332
