2 0.4158854166666667 0.41203703703703703 0.019270833333333334 0.05
2 0.7463541666666667 0.4685185185185185 0.022916666666666665 0.06111111111111111
2 0.7481770833333333 0.4074074074074074 0.015104166666666667 0.03888888888888889
2 0.5140625 0.3648148148148148 0.013541666666666667 0.03333333333333333
2 0.59375 0.35324074074074074 0.011458333333333333 0.026851851851851852
2 0.7028645833333333 0.3472222222222222 0.0067708333333333336 0.018518518518518517
2 0.671875 0.3578703703703704 0.011458333333333333 0.026851851851851852
2 0.796875 0.3763888888888889 0.007291666666666667 0.021296296296296296
2 0.8619791666666666 0.3925925925925926 0.008333333333333333 0.020370370370370372
2 0.5411458333333333 0.32592592592592595 0.005208333333333333 0.018518518518518517
2 0.5776041666666667 0.32037037037037036 0.005208333333333333 0.016666666666666666
2 0.5234375 0.31157407407407406 0.007291666666666667 0.01574074074074074
2 0.46432291666666664 0.31527777777777777 0.0078125 0.01574074074074074
