0 0.062890625 0.8256944444444444 0.08046875 0.19583333333333333
0 0.320703125 0.5805555555555556 0.03203125 0.08055555555555556
2 0.3578125 0.5201388888888889 0.0171875 0.05138888888888889
0 0.406640625 0.5090277777777777 0.01796875 0.05138888888888889
2 0.744921875 0.48194444444444445 0.03984375 0.125
0 0.662109375 0.5215277777777778 0.02265625 0.06805555555555555
2 0.36875 0.4875 0.0234375 0.1
0 0.5984375 0.4986111111111111 0.015625 0.041666666666666664
0 0.437109375 0.48194444444444445 0.01015625 0.030555555555555555
2 0.30546875 0.4951388888888889 0.0234375 0.09583333333333334
0 0.563671875 0.47430555555555554 0.00859375 0.029166666666666667
0 0.54296875 0.4583333333333333 0.0078125 0.019444444444444445
2 0.425 0.45069444444444445 0.0078125 0.02638888888888889
2 0.40390625 0.45 0.0078125 0.027777777777777776
0 0.45234375 0.46597222222222223 0.0078125 0.020833333333333332
