2 0.74921875 0.42962962962962964 0.022395833333333334 0.05185185185185185
2 0.42239583333333336 0.39166666666666666 0.017708333333333333 0.04814814814814815
2 0.6125 0.33796296296296297 0.013541666666666667 0.018518518518518517
2 0.5739583333333333 0.3337962962962963 0.015625 0.01574074074074074
2 0.5510416666666667 0.3287037037037037 0.011458333333333333 0.024074074074074074
2 0.41744791666666664 0.3768518518518518 0.016145833333333335 0.04259259259259259
2 0.64375 0.34120370370370373 0.015625 0.019444444444444445
2 0.4830729166666667 0.30925925925925923 0.0078125 0.022222222222222223
2 0.54140625 0.3055555555555556 0.005729166666666666 0.018518518518518517
2 0.4356770833333333 0.32314814814814813 0.009895833333333333 0.020370370370370372
2 0.6458333333333334 0.31342592592592594 0.005208333333333333 0.013888888888888888
2 0.5486979166666667 0.30277777777777776 0.0067708333333333336 0.014814814814814815
2 0.5640625 0.2953703703703704 0.005208333333333333 0.012962962962962963
