1 0.103759765625 0.427734375 0.00927734375 0.015625
0 0.135498046875 0.4375 0.00927734375 0.018229166666666668
1 0.174560546875 0.4173177083333333 0.00732421875 0.015625
1 0.263671875 0.4085286458333333 0.0048828125 0.011067708333333334
1 0.287109375 0.40625 0.0048828125 0.009114583333333334
1 0.22998046875 0.4111328125 0.0048828125 0.011067708333333334
1 0.012451171875 0.4407552083333333 0.01123046875 0.016927083333333332
0 0.293212890625 0.4111328125 0.00537109375 0.008463541666666666
0 0.201904296875 0.4254557291666667 0.00927734375 0.013671875
0 0.2470703125 0.4156901041666667 0.005859375 0.012369791666666666
0 0.318603515625 0.4085286458333333 0.00537109375 0.009765625
1 0.310302734375 0.4049479166666667 0.00537109375 0.009114583333333334
0 0.0068359375 0.4615885416666667 0.0126953125 0.024739583333333332
