1 0.840087890625 0.6263020833333334 0.05712890625 0.10807291666666667
0 0.185791015625 0.5540364583333334 0.04052734375 0.0703125
0 0.427001953125 0.4723307291666667 0.01806640625 0.035807291666666664
1 0.69189453125 0.4876302083333333 0.025390625 0.04296875
1 0.741455078125 0.4606119791666667 0.01806640625 0.031901041666666664
1 0.83642578125 0.4957682291666667 0.02734375 0.047526041666666664
0 0.47998046875 0.4440104166666667 0.01171875 0.024739583333333332
0 0.501220703125 0.4326171875 0.01123046875 0.021484375
1 0.639892578125 0.4518229166666667 0.01708984375 0.028645833333333332
1 0.6953125 0.4446614583333333 0.01171875 0.024739583333333332
0 0.9150390625 0.4677734375 0.015625 0.035807291666666664
1 0.6650390625 0.4361979166666667 0.0146484375 0.0234375
0 0.7626953125 0.4401041666666667 0.0107421875 0.018229166666666668
0 0.821533203125 0.451171875 0.01318359375 0.024739583333333332
0 0.722412109375 0.4345703125 0.01220703125 0.020182291666666668
1 0.61865234375 0.4371744791666667 0.0107421875 0.018880208333333332
1 0.642578125 0.4319661458333333 0.0087890625 0.016276041666666668
1 0.59912109375 0.4313151041666667 0.0087890625 0.016276041666666668
0 0.43798828125 0.4274088541666667 0.0078125 0.016276041666666668
0 0.395751953125 0.4270833333333333 0.00927734375 0.018229166666666668
