2 0.8466796875 0.66015625 0.09765625 0.18489583333333334
2 0.06982421875 0.69921875 0.1083984375 0.1953125
0 0.3271484375 0.5533854166666666 0.029296875 0.057291666666666664
0 0.57666015625 0.4720052083333333 0.0146484375 0.024739583333333332
0 0.42236328125 0.4752604166666667 0.0126953125 0.026041666666666668
1 0.6435546875 0.5045572916666666 0.021484375 0.04296875
1 0.44384765625 0.4544270833333333 0.0087890625 0.018229166666666668
0 0.38525390625 0.4641927083333333 0.0087890625 0.01953125
0 0.35009765625 0.4622395833333333 0.0068359375 0.018229166666666668
1 0.51123046875 0.4596354166666667 0.0107421875 0.018229166666666668
