1 0.87109375 0.6285807291666666 0.060546875 0.10091145833333333
1 0.66748046875 0.4759114583333333 0.025390625 0.041666666666666664
0 0.355712890625 0.470703125 0.02099609375 0.037760416666666664
0 0.162353515625 0.556640625 0.03955078125 0.07161458333333333
1 0.618896484375 0.4456380208333333 0.01416015625 0.031901041666666664
1 0.4521484375 0.4459635416666667 0.015625 0.028645833333333332
1 0.586181640625 0.4280598958333333 0.01416015625 0.024088541666666668
0 0.473876953125 0.4306640625 0.01025390625 0.018880208333333332
1 0.563232421875 0.4186197916666667 0.00830078125 0.018229166666666668
1 0.547607421875 0.4111328125 0.00830078125 0.017578125
