2 0.171142578125 0.421875 0.00927734375 0.018229166666666668
2 0.119384765625 0.4326171875 0.00927734375 0.014973958333333334
2 0.2041015625 0.4313151041666667 0.009765625 0.016276041666666668
2 0.12890625 0.4449869791666667 0.01171875 0.018880208333333332
2 0.18603515625 0.4192708333333333 0.009765625 0.01953125
2 0.25 0.4195963541666667 0.009765625 0.021484375
2 0.260009765625 0.4189453125 0.00830078125 0.018880208333333332
2 0.2236328125 0.4186197916666667 0.0048828125 0.010416666666666666
2 0.0341796875 0.4459635416666667 0.01171875 0.018229166666666668
2 0.317138671875 0.4163411458333333 0.00537109375 0.009765625
