0 0.212890625 0.5709635416666666 0.046875 0.057291666666666664
1 0.715576171875 0.5081380208333334 0.02880859375 0.050130208333333336
1 0.451416015625 0.4680989583333333 0.01904296875 0.03515625
0 0.161376953125 0.5263671875 0.02880859375 0.048828125
0 0.07666015625 0.9169921875 0.1357421875 0.16341145833333334
0 0.10888671875 0.4801432291666667 0.015625 0.027994791666666668
1 0.307861328125 0.4501953125 0.01513671875 0.017578125
1 0.24462890625 0.44140625 0.0087890625 0.018229166666666668
0 0.094482421875 0.4625651041666667 0.00927734375 0.018880208333333332
0 0.0888671875 0.455078125 0.0107421875 0.01171875
1 0.196533203125 0.435546875 0.00634765625 0.015625
1 0.150634765625 0.4303385416666667 0.00634765625 0.0078125
1 0.17333984375 0.43359375 0.0068359375 0.014322916666666666
0 0.076416015625 0.4453125 0.00830078125 0.015625
1 0.13671875 0.4290364583333333 0.0048828125 0.009114583333333334
0 0.070068359375 0.4407552083333333 0.00537109375 0.009114583333333334
