0 0.57 0.4765625 0.0325 0.109375
0 0.431875 0.446875 0.02625 0.09375
0 0.616875 0.40625 0.02125 0.08125
0 0.21375 0.86875 0.0825 0.25625
0 0.700625 0.5875 0.04625 0.14375
2 0.546875 0.359375 0.01625 0.05625
0 0.458125 0.3640625 0.01625 0.059375
0 0.58125 0.346875 0.0125 0.05
0 0.511875 0.3046875 0.00875 0.040625
0 0.445 0.3296875 0.01 0.040625
1 0.475 0.296875 0.0075 0.03125
1 0.540625 0.3203125 0.01125 0.046875
1 0.409375 0.2921875 0.00875 0.028125
0 0.49125 0.3 0.01 0.025
1 0.44125 0.290625 0.0075 0.03125
