2 0.38828125 0.39490740740740743 0.0234375 0.04722222222222222
2 0.43515625 0.3453703703703704 0.015104166666666667 0.03148148148148148
2 0.4046875 0.32916666666666666 0.009375 0.019444444444444445
2 0.7002604166666667 0.42268518518518516 0.0265625 0.05462962962962963
2 0.6424479166666667 0.3472222222222222 0.013020833333333334 0.027777777777777776
2 0.3372395833333333 0.3282407407407407 0.005729166666666666 0.017592592592592594
2 0.6002604166666666 0.31666666666666665 0.0078125 0.018518518518518517
2 0.5270833333333333 0.30648148148148147 0.00625 0.016666666666666666
2 0.46015625 0.3050925925925926 0.008854166666666666 0.019444444444444445
2 0.63515625 0.3050925925925926 0.005729166666666666 0.013888888888888888
2 0.23411458333333332 0.33611111111111114 0.0067708333333333336 0.014814814814814815
