1 0.73193359375 0.5221354166666666 0.033203125 0.05859375
1 0.645751953125 0.4567057291666667 0.01806640625 0.033203125
0 0.330322265625 0.5322265625 0.03662109375 0.064453125
1 0.70654296875 0.4397786458333333 0.0146484375 0.025390625
1 0.609375 0.43359375 0.0126953125 0.024739583333333332
1 0.8232421875 0.4856770833333333 0.0263671875 0.045572916666666664
0 0.41162109375 0.4596354166666667 0.017578125 0.03125
1 0.657470703125 0.4251302083333333 0.00830078125 0.018229166666666668
1 0.589599609375 0.423828125 0.01025390625 0.016927083333333332
0 0.7861328125 0.427734375 0.009765625 0.01953125
1 0.63525390625 0.4173177083333333 0.0078125 0.014322916666666666
0 0.446533203125 0.4329427083333333 0.01220703125 0.0234375
0 0.459228515625 0.4235026041666667 0.00732421875 0.017578125
1 0.5771484375 0.4169921875 0.0068359375 0.013671875
1 0.61767578125 0.4143880208333333 0.0068359375 0.012369791666666666
0 0.736328125 0.4173177083333333 0.005859375 0.013020833333333334
0 0.69140625 0.4140625 0.0048828125 0.010416666666666666
0 0.882080078125 0.447265625 0.01318359375 0.024739583333333332
0 0.758544921875 0.4222005208333333 0.00732421875 0.013671875
1 0.571533203125 0.4137369791666667 0.00537109375 0.011067708333333334
0 0.466064453125 0.4117838541666667 0.00634765625 0.012369791666666666
0 0.49462890625 0.4095052083333333 0.0068359375 0.010416666666666666
