0 0.195625 0.5574324324324325 0.05875 0.09797297297297297
0 0.28375 0.4510135135135135 0.025 0.05067567567567568
1 0.6275 0.4358108108108108 0.0275 0.0472972972972973
1 0.7525 0.5 0.0425 0.0777027027027027
1 0.530625 0.38513513513513514 0.01625 0.02702702702702703
1 0.575 0.39864864864864863 0.0175 0.033783783783783786
0 0.31375 0.4155405405405405 0.02 0.037162162162162164
1 0.505625 0.37753378378378377 0.01375 0.02533783783783784
1 0.41 0.3581081081081081 0.0075 0.016891891891891893
0 0.32625 0.3859797297297297 0.0075 0.018581081081081082
0 0.315625 0.3766891891891892 0.00875 0.016891891891891893
0 0.2875 0.3547297297297297 0.0075 0.013513513513513514
