1 0.366015625 0.5451388888888888 0.01796875 0.04583333333333333
1 0.11875 0.775 0.06875 0.18888888888888888
1 0.58515625 0.5208333333333334 0.009375 0.030555555555555555
1 0.450390625 0.51875 0.01015625 0.03194444444444444
1 0.4875 0.4986111111111111 0.0078125 0.019444444444444445
1 0.54140625 0.4888888888888889 0.0078125 0.013888888888888888
1 0.61953125 0.55625 0.015625 0.043055555555555555
1 0.52109375 0.4895833333333333 0.0078125 0.020833333333333332
1 0.158203125 0.4840277777777778 0.01015625 0.020833333333333332
1 0.0609375 0.47847222222222224 0.009375 0.020833333333333332
1 0.59296875 0.49166666666666664 0.0078125 0.019444444444444445
1 0.57109375 0.48680555555555555 0.0078125 0.015277777777777777
1 0.5859375 0.49930555555555556 0.009375 0.02361111111111111
