0 0.309375 0.6375 0.034375 0.08611111111111111
0 0.696875 0.5472222222222223 0.0265625 0.06666666666666667
2 0.790625 0.5020833333333333 0.05 0.1486111111111111
0 0.41796875 0.5173611111111112 0.0171875 0.043055555555555555
0 0.625 0.49722222222222223 0.015625 0.04722222222222222
1 0.366015625 0.53125 0.01640625 0.04861111111111111
0 0.58984375 0.4597222222222222 0.0109375 0.027777777777777776
2 0.87734375 0.49930555555555556 0.0375 0.14305555555555555
2 0.3734375 0.49583333333333335 0.0296875 0.10555555555555556
2 0.3140625 0.4979166666666667 0.0265625 0.10416666666666667
0 0.953125 0.5361111111111111 0.0203125 0.058333333333333334
0 0.455078125 0.4673611111111111 0.00859375 0.029166666666666667
0 0.5671875 0.4354166666666667 0.0078125 0.020833333333333332
