0 0.820703125 0.7180555555555556 0.05859375 0.13333333333333333
0 0.229296875 0.7819444444444444 0.06328125 0.1388888888888889
2 0.06171875 0.8666666666666667 0.05625 0.14722222222222223
2 0.117578125 0.7291666666666666 0.09765625 0.30833333333333335
1 0.64140625 0.5180555555555556 0.01875 0.05
1 0.39921875 0.5340277777777778 0.0171875 0.04861111111111111
0 0.44609375 0.46597222222222223 0.0078125 0.029166666666666667
2 0.418359375 0.43472222222222223 0.01171875 0.03611111111111111
2 0.0296875 0.6986111111111111 0.059375 0.25277777777777777
0 0.57890625 0.45416666666666666 0.009375 0.027777777777777776
0 0.934765625 0.42777777777777776 0.00703125 0.022222222222222223
0 0.972265625 0.44722222222222224 0.01171875 0.030555555555555555
2 0.390625 0.43680555555555556 0.009375 0.0375
