0 0.21923828125 0.5690104166666666 0.0341796875 0.0625
1 0.65283203125 0.560546875 0.0361328125 0.05859375
1 0.576171875 0.5013020833333334 0.01953125 0.036458333333333336
1 0.54150390625 0.4733072916666667 0.0146484375 0.024739583333333332
0 0.30126953125 0.509765625 0.0185546875 0.03515625
0 0.34814453125 0.48046875 0.0126953125 0.026041666666666668
0 0.38330078125 0.451171875 0.0087890625 0.014322916666666666
0 0.36962890625 0.4622395833333333 0.0087890625 0.020833333333333332
1 0.51708984375 0.4576822916666667 0.0087890625 0.01953125
1 0.4990234375 0.4498697916666667 0.005859375 0.014322916666666666
1 0.48828125 0.443359375 0.005859375 0.01171875
0 0.3916015625 0.4453125 0.005859375 0.010416666666666666
1 0.478515625 0.4407552083333333 0.005859375 0.01171875
1 0.46484375 0.4375 0.005859375 0.010416666666666666
2 0.94677734375 0.46484375 0.0087890625 0.018229166666666668
