1 0.230859375 0.7131944444444445 0.04921875 0.11805555555555555
1 0.7875 0.4798611111111111 0.0296875 0.0763888888888889
1 0.341015625 0.5083333333333333 0.01796875 0.041666666666666664
1 0.54921875 0.42986111111111114 0.0125 0.03194444444444444
1 0.306640625 0.48125 0.01640625 0.0375
1 0.255859375 0.4847222222222222 0.01171875 0.022222222222222223
1 0.44140625 0.42916666666666664 0.0078125 0.025
1 0.199609375 0.4979166666666667 0.01015625 0.03194444444444444
1 0.26640625 0.4618055555555556 0.0078125 0.02361111111111111
1 0.67265625 0.3819444444444444 0.0078125 0.019444444444444445
1 0.81640625 0.36666666666666664 0.0078125 0.019444444444444445
1 0.7296875 0.3659722222222222 0.0078125 0.018055555555555554
1 0.15625 0.5152777777777777 0.009375 0.022222222222222223
1 0.790234375 0.3798611111111111 0.01015625 0.02638888888888889
1 0.065234375 0.5555555555555556 0.01015625 0.025
1 0.33828125 0.4444444444444444 0.0078125 0.019444444444444445
1 0.58359375 0.3875 0.0078125 0.013888888888888888
1 0.6125 0.36944444444444446 0.0078125 0.013888888888888888
1 0.636328125 0.36944444444444446 0.00859375 0.013888888888888888
1 0.54921875 0.3861111111111111 0.0078125 0.016666666666666666
