2 0.7596354166666667 0.687037037037037 0.059895833333333336 0.14074074074074075
2 0.2375 0.4791666666666667 0.030208333333333334 0.06759259259259259
2 0.43307291666666664 0.38472222222222224 0.015104166666666667 0.03981481481481482
2 0.6622395833333333 0.475 0.025520833333333333 0.06851851851851852
2 0.6513020833333333 0.3976851851851852 0.015104166666666667 0.041666666666666664
2 0.46953125 0.36666666666666664 0.011979166666666667 0.03148148148148148
2 0.6578125 0.3592592592592593 0.011458333333333333 0.02962962962962963
2 0.48489583333333336 0.3148148148148148 0.005208333333333333 0.012962962962962963
2 0.578125 0.33287037037037037 0.008333333333333333 0.023148148148148147
2 0.42291666666666666 0.34305555555555556 0.009375 0.026851851851851852
2 0.3885416666666667 0.32222222222222224 0.005208333333333333 0.016666666666666666
