1 0.322509765625 0.5592447916666666 0.04248046875 0.07421875
1 0.91552734375 0.65625 0.0673828125 0.10807291666666667
1 0.57568359375 0.4231770833333333 0.0126953125 0.020833333333333332
1 0.6572265625 0.4697265625 0.021484375 0.037109375
1 0.426513671875 0.4495442708333333 0.01416015625 0.026692708333333332
1 0.448974609375 0.4300130208333333 0.00927734375 0.018880208333333332
1 0.4619140625 0.4205729166666667 0.0078125 0.014322916666666666
1 0.468017578125 0.4143880208333333 0.00537109375 0.011067708333333334
1 0.82958984375 0.4368489583333333 0.0146484375 0.024739583333333332
1 0.54736328125 0.4130859375 0.0048828125 0.011067708333333334
1 0.4736328125 0.4104817708333333 0.0048828125 0.009765625
1 0.587890625 0.4153645833333333 0.0068359375 0.01171875
1 0.705810546875 0.4124348958333333 0.00634765625 0.011067708333333334
1 0.5439453125 0.4104817708333333 0.0048828125 0.011067708333333334
1 0.7216796875 0.41015625 0.0048828125 0.0078125
1 0.6474609375 0.4069010416666667 0.0048828125 0.0078125
1 0.580078125 0.4091796875 0.0048828125 0.011067708333333334
1 0.818115234375 0.4173177083333333 0.00927734375 0.014322916666666666
1 0.887451171875 0.4147135416666667 0.00634765625 0.013020833333333334
1 0.47802734375 0.4072265625 0.0048828125 0.008463541666666666
1 0.840576171875 0.4143880208333333 0.00732421875 0.012369791666666666
1 0.794921875 0.4095052083333333 0.0048828125 0.0078125
1 0.755615234375 0.408203125 0.00537109375 0.009114583333333334
1 0.802978515625 0.4117838541666667 0.00537109375 0.011067708333333334
