2 0.34713541666666664 0.5171296296296296 0.0359375 0.08611111111111111
2 0.9315104166666667 0.5666666666666667 0.043229166666666666 0.09259259259259259
2 0.7661458333333333 0.3972222222222222 0.01875 0.037037037037037035
2 0.37942708333333336 0.41064814814814815 0.0203125 0.049074074074074076
2 0.3184895833333333 0.3768518518518518 0.013020833333333334 0.03148148148148148
2 0.6364583333333333 0.35509259259259257 0.013541666666666667 0.026851851851851852
2 0.42526041666666664 0.3398148148148148 0.008854166666666666 0.025925925925925925
2 0.5322916666666667 0.34305555555555556 0.011458333333333333 0.028703703703703703
2 0.22369791666666666 0.3648148148148148 0.008854166666666666 0.024074074074074074
2 0.3302083333333333 0.33935185185185185 0.008333333333333333 0.019444444444444445
2 0.8018229166666667 0.3625 0.0109375 0.023148148148148147
2 0.21041666666666667 0.33611111111111114 0.005208333333333333 0.009259259259259259
2 0.16041666666666668 0.36018518518518516 0.005208333333333333 0.016666666666666666
2 0.2518229166666667 0.3388888888888889 0.005729166666666666 0.016666666666666666
