1 0.1515625 0.7423611111111111 0.065625 0.1375
1 0.333984375 0.5527777777777778 0.03359375 0.10833333333333334
1 0.894140625 0.5159722222222223 0.03203125 0.09305555555555556
1 0.68125 0.41597222222222224 0.015625 0.05138888888888889
1 0.349609375 0.49236111111111114 0.02265625 0.0625
1 0.265234375 0.48333333333333334 0.01640625 0.041666666666666664
1 0.208203125 0.4465277777777778 0.01171875 0.03194444444444444
1 0.450390625 0.40902777777777777 0.01171875 0.0375
1 0.062109375 0.4673611111111111 0.01015625 0.02361111111111111
1 0.098828125 0.48125 0.01953125 0.04027777777777778
