0 0.67109375 0.35648148148148145 0.013020833333333334 0.02962962962962963
2 0.87109375 0.5421296296296296 0.030729166666666665 0.0787037037037037
2 0.27786458333333336 0.4217592592592593 0.03177083333333333 0.08055555555555556
2 0.49557291666666664 0.3574074074074074 0.015104166666666667 0.03518518518518519
2 0.8526041666666667 0.4324074074074074 0.013541666666666667 0.03888888888888889
2 0.82109375 0.3763888888888889 0.0078125 0.023148148148148147
2 0.9455729166666667 0.43148148148148147 0.008854166666666666 0.027777777777777776
2 0.59375 0.3189814814814815 0.015625 0.017592592592592594
2 0.61875 0.32222222222222224 0.011458333333333333 0.03148148148148148
2 0.11927083333333334 0.34814814814814815 0.013541666666666667 0.04259259259259259
