0 0.263671875 0.6270833333333333 0.03828125 0.10138888888888889
1 0.32734375 0.5340277777777778 0.0203125 0.05416666666666667
0 0.692578125 0.5423611111111111 0.02578125 0.06805555555555555
0 0.42109375 0.48333333333333334 0.009375 0.030555555555555555
0 0.605859375 0.5041666666666667 0.01484375 0.044444444444444446
0 0.383984375 0.5222222222222223 0.01640625 0.044444444444444446
0 0.561328125 0.47638888888888886 0.01015625 0.03333333333333333
2 0.339453125 0.49722222222222223 0.02578125 0.11388888888888889
0 0.43984375 0.46597222222222223 0.0078125 0.018055555555555554
2 0.27265625 0.5222222222222223 0.025 0.06388888888888888
0 0.53515625 0.4576388888888889 0.0078125 0.020833333333333332
2 0.41015625 0.45416666666666666 0.0078125 0.022222222222222223
2 0.38828125 0.45555555555555555 0.009375 0.027777777777777776
