0 0.8375 0.8328125 0.1 0.265625
1 0.206875 0.6015625 0.05875 0.171875
1 0.37125 0.4046875 0.0275 0.096875
1 0.32 0.340625 0.02 0.06875
0 0.625625 0.3859375 0.03125 0.059375
0 0.520625 0.3046875 0.01375 0.059375
2 0.453125 0.2734375 0.01375 0.046875
0 0.27875 0.3015625 0.0175 0.053125
0 0.92125 0.2953125 0.02 0.059375
1 0.534375 0.271875 0.01625 0.0375
0 0.391875 0.2625 0.01125 0.0375
0 0.33875 0.240625 0.0075 0.025
1 0.293125 0.271875 0.01375 0.05
0 0.47375 0.25 0.01 0.03125
0 0.375625 0.25 0.00875 0.03125
0 0.0325 0.4078125 0.03 0.059375
1 0.251875 0.2640625 0.01125 0.034375
2 0.935625 0.29375 0.02875 0.05
