2 0.304443359375 0.4612630208333333 0.01904296875 0.044921875
2 0.288330078125 0.4580078125 0.01806640625 0.041015625
1 0.259521484375 0.4563802083333333 0.01318359375 0.020833333333333332
1 0.227294921875 0.4498697916666667 0.01123046875 0.018229166666666668
2 0.10546875 0.4912109375 0.025390625 0.052734375
1 0.19384765625 0.4420572916666667 0.0078125 0.013020833333333334
1 0.177978515625 0.4375 0.00634765625 0.01171875
1 0.1669921875 0.4345703125 0.005859375 0.009765625
1 0.15673828125 0.431640625 0.0048828125 0.009114583333333334
1 0.150390625 0.4283854166666667 0.0048828125 0.0078125
0 0.093994140625 0.4645182291666667 0.00927734375 0.021484375
