0 0.61 0.3984375 0.0625 0.215625
2 0.77875 0.2703125 0.05 0.165625
0 0.95875 0.475 0.08 0.2625
0 0.03125 0.4109375 0.06 0.203125
1 0.051875 0.3125 0.04625 0.1625
1 0.133125 0.2265625 0.03875 0.140625
1 0.24125 0.1703125 0.0375 0.128125
1 0.590625 0.1203125 0.03375 0.109375
0 0.27875 0.121875 0.025 0.09375
0 0.30125 0.0796875 0.0175 0.090625
0 0.57375 0.084375 0.0225 0.0875
1 0.46 0.0375 0.02 0.075
0 0.76 0.1609375 0.03 0.128125
0 0.48625 0.028125 0.0175 0.05625
1 0.564375 0.040625 0.02125 0.08125
0 0.516875 0.028125 0.01875 0.05
