0 0.810625 0.5278716216216216 0.13125 0.1875
0 0.54375 0.5101351351351351 0.0625 0.10810810810810811
0 0.439375 0.5 0.03625 0.07094594594594594
0 0.380625 0.49577702702702703 0.03125 0.05912162162162162
0 0.32625 0.49915540540540543 0.025 0.048986486486486486
0 0.27 0.5016891891891891 0.0225 0.04391891891891892
0 0.108125 0.5101351351351351 0.01875 0.033783783783783786
1 0.034375 0.535472972972973 0.03625 0.06756756756756757
0 0.190625 0.5033783783783784 0.01875 0.037162162162162164
0 0.139375 0.49915540540540543 0.01625 0.028716216216216218
1 0.013125 0.5304054054054054 0.02375 0.057432432432432436
2 0.12 0.5 0.015 0.02702702702702703
