2 0.29739583333333336 0.43703703703703706 0.020833333333333332 0.05740740740740741
2 0.35703125 0.3837962962962963 0.015104166666666667 0.03611111111111111
2 0.31666666666666665 0.3726851851851852 0.011458333333333333 0.030555555555555555
2 0.7671875 0.43472222222222223 0.01875 0.05277777777777778
2 0.8614583333333333 0.4537037037037037 0.025 0.08703703703703704
2 0.9473958333333333 0.4166666666666667 0.014583333333333334 0.037037037037037035
2 0.225 0.3768518518518518 0.011458333333333333 0.03148148148148148
2 0.6265625 0.3560185185185185 0.009375 0.026851851851851852
2 0.12421875 0.4041666666666667 0.011979166666666667 0.030555555555555555
2 0.78828125 0.3875 0.013020833333333334 0.03425925925925926
2 0.21119791666666668 0.3574074074074074 0.0067708333333333336 0.016666666666666666
2 0.06354166666666666 0.39537037037037037 0.007291666666666667 0.020370370370370372
2 0.471875 0.3333333333333333 0.007291666666666667 0.018518518518518517
2 0.34479166666666666 0.3351851851851852 0.007291666666666667 0.018518518518518517
2 0.7403645833333333 0.32916666666666666 0.005729166666666666 0.01574074074074074
