2 0.73125 0.41712962962962963 0.015625 0.041666666666666664
2 0.4661458333333333 0.38425925925925924 0.013541666666666667 0.03888888888888889
2 0.45807291666666666 0.375 0.011979166666666667 0.03333333333333333
2 0.6192708333333333 0.3509259259259259 0.0125 0.014814814814814815
2 0.5854166666666667 0.3453703703703704 0.0125 0.014814814814814815
2 0.6481770833333333 0.3537037037037037 0.013020833333333334 0.014814814814814815
2 0.5651041666666666 0.34074074074074073 0.009375 0.022222222222222223
2 0.5526041666666667 0.32175925925925924 0.005208333333333333 0.013888888888888888
2 0.46015625 0.3337962962962963 0.009895833333333333 0.021296296296296296
2 0.49973958333333335 0.32407407407407407 0.0078125 0.022222222222222223
2 0.5604166666666667 0.3199074074074074 0.005208333333333333 0.01574074074074074
