1 0.228515625 0.5666666666666667 0.01640625 0.04722222222222222
1 0.34609375 0.5236111111111111 0.0109375 0.027777777777777776
1 0.29609375 0.51875 0.0078125 0.02638888888888889
1 0.32578125 0.5055555555555555 0.0078125 0.022222222222222223
1 0.066015625 0.5826388888888889 0.01484375 0.0375
1 0.65078125 0.48819444444444443 0.0125 0.0375
1 0.760546875 0.5326388888888889 0.02421875 0.0625
1 0.28125 0.5236111111111111 0.009375 0.025
1 0.31015625 0.5138888888888888 0.009375 0.022222222222222223
2 0.034765625 0.6013888888888889 0.01484375 0.044444444444444446
2 0.01640625 0.6048611111111111 0.015625 0.04583333333333333
1 0.08203125 0.5611111111111111 0.0109375 0.027777777777777776
1 0.1828125 0.5270833333333333 0.009375 0.02638888888888889
