1 0.137890625 0.5652777777777778 0.02265625 0.058333333333333334
1 0.237109375 0.4979166666666667 0.01328125 0.034722222222222224
1 0.63203125 0.49166666666666664 0.0171875 0.041666666666666664
1 0.415234375 0.5173611111111112 0.01953125 0.04583333333333333
1 0.513671875 0.44930555555555557 0.01171875 0.02361111111111111
1 0.3875 0.4513888888888889 0.0078125 0.019444444444444445
1 0.475 0.43680555555555556 0.0078125 0.018055555555555554
1 0.35625 0.46041666666666664 0.0078125 0.02361111111111111
1 0.46015625 0.42986111111111114 0.0078125 0.015277777777777777
1 0.390625 0.44583333333333336 0.0078125 0.022222222222222223
1 0.38515625 0.4388888888888889 0.0078125 0.016666666666666666
1 0.4234375 0.42777777777777776 0.0078125 0.013888888888888888
1 0.365234375 0.4340277777777778 0.00859375 0.015277777777777777
1 0.390625 0.4270833333333333 0.0078125 0.018055555555555554
1 0.315625 0.43125 0.0078125 0.015277777777777777
