0 0.7675 0.5658783783783784 0.12 0.20608108108108109
0 0.61875 0.5261824324324325 0.06 0.11317567567567567
0 0.53 0.5160472972972973 0.04 0.08277027027027027
0 0.48375 0.512668918918919 0.03 0.05912162162162162
1 0.119375 0.5515202702702703 0.06375 0.10641891891891891
1 0.175 0.535472972972973 0.04 0.06756756756756757
1 0.2025 0.5244932432432432 0.025 0.05912162162162162
0 0.426875 0.5101351351351351 0.02375 0.0472972972972973
0 0.30375 0.5076013513513513 0.0125 0.028716216216216218
0 0.39875 0.5076013513513513 0.0175 0.03547297297297297
0 0.32625 0.5109797297297297 0.015 0.03209459459459459
0 0.275 0.5135135135135135 0.0175 0.030405405405405407
0 0.354375 0.5050675675675675 0.01375 0.02702702702702703
