1 0.800625 0.5278716216216216 0.05125 0.07939189189189189
1 0.726875 0.46790540540540543 0.03625 0.060810810810810814
0 0.201875 0.5143581081081081 0.03875 0.06925675675675676
0 0.533125 0.42905405405405406 0.01375 0.04054054054054054
0 0.37 0.4577702702702703 0.02 0.0472972972972973
1 0.78125 0.4341216216216216 0.025 0.04391891891891892
1 0.89875 0.41300675675675674 0.0175 0.03885135135135135
0 0.645 0.40371621621621623 0.0125 0.02702702702702703
0 0.62625 0.41300675675675674 0.015 0.03209459459459459
1 0.71625 0.3910472972972973 0.01 0.02533783783783784
0 0.588125 0.39949324324324326 0.00875 0.02533783783783784
0 0.535625 0.40033783783783783 0.01375 0.030405405405405407
0 0.35625 0.40118243243243246 0.0125 0.02195945945945946
1 0.813125 0.3969594594594595 0.01625 0.033783783783783786
