1 0.606201171875 0.4622395833333333 0.01513671875 0.02734375
2 0.58740234375 0.443359375 0.0166015625 0.041666666666666664
0 0.2119140625 0.6243489583333334 0.056640625 0.09375
1 0.559326171875 0.4365234375 0.01025390625 0.017578125
0 0.400634765625 0.4674479166666667 0.01318359375 0.026041666666666668
2 0.413330078125 0.447265625 0.01611328125 0.037760416666666664
1 0.543701171875 0.4264322916666667 0.00732421875 0.013020833333333334
2 0.5791015625 0.44140625 0.015625 0.03515625
2 0.41943359375 0.4427083333333333 0.01171875 0.033854166666666664
0 0.43701171875 0.4293619791666667 0.005859375 0.013671875
0 0.43115234375 0.4388020833333333 0.0068359375 0.015625
0 0.447265625 0.4208984375 0.005859375 0.011067708333333334
0 0.46240234375 0.4173177083333333 0.0048828125 0.009114583333333334
1 0.53662109375 0.4143880208333333 0.0048828125 0.008463541666666666
1 0.52490234375 0.4189453125 0.0048828125 0.011067708333333334
1 0.509765625 0.4088541666666667 0.0048828125 0.006510416666666667
