0 0.21484375 0.45555555555555555 0.0171875 0.044444444444444446
1 0.78125 0.46111111111111114 0.021875 0.058333333333333334
1 0.4421875 0.45694444444444443 0.028125 0.06111111111111111
0 0.418359375 0.45555555555555555 0.02109375 0.058333333333333334
0 0.369921875 0.40069444444444446 0.01171875 0.034722222222222224
1 0.698046875 0.40347222222222223 0.01171875 0.0375
1 0.534375 0.3736111111111111 0.0078125 0.025
1 0.58984375 0.35694444444444445 0.0078125 0.019444444444444445
1 0.68671875 0.375 0.0078125 0.019444444444444445
0 0.525 0.37222222222222223 0.0078125 0.022222222222222223
1 0.66953125 0.35138888888888886 0.0078125 0.019444444444444445
1 0.726953125 0.3638888888888889 0.00859375 0.022222222222222223
1 0.893359375 0.36875 0.00859375 0.018055555555555554
