1 0.428125 0.5346283783783784 0.07375 0.14020270270270271
1 0.65 0.5211148648648649 0.0475 0.09966216216216216
1 0.70375 0.5118243243243243 0.035 0.07432432432432433
1 0.74625 0.5084459459459459 0.0225 0.060810810810810814
1 0.525 0.4873310810810811 0.0125 0.03547297297297297
0 0.951875 0.5194256756756757 0.02375 0.04222972972972973
0 0.8575 0.5118243243243243 0.02 0.037162162162162164
0 0.56 0.49239864864864863 0.01 0.03209459459459459
1 0.358125 0.4822635135135135 0.01625 0.03547297297297297
0 0.480625 0.4873310810810811 0.01375 0.028716216216216218
1 0.255625 0.47719594594594594 0.01875 0.03547297297297297
0 0.31875 0.48057432432432434 0.01 0.02533783783783784
1 0.115 0.4704391891891892 0.015 0.03547297297297297
0 0.068125 0.4653716216216216 0.01375 0.028716216216216218
1 0.448125 0.4856418918918919 0.01625 0.03547297297297297
0 0.145625 0.4721283783783784 0.01375 0.028716216216216218
0 0.39375 0.4856418918918919 0.015 0.028716216216216218
