0 0.93 0.75625 0.07 0.2375
0 0.345 0.509375 0.035 0.13125
2 0.383125 0.3890625 0.02125 0.084375
1 0.65375 0.4203125 0.0275 0.103125
1 0.57875 0.3546875 0.0175 0.071875
1 0.505 0.3140625 0.015 0.059375
1 0.394375 0.278125 0.00875 0.0375
1 0.35875 0.340625 0.0175 0.0625
1 0.32 0.309375 0.0125 0.04375
1 0.4275 0.2890625 0.0125 0.053125
1 0.260625 0.303125 0.01375 0.04375
0 0.91 0.2734375 0.0175 0.053125
1 0.57375 0.2515625 0.0075 0.028125
0 0.803125 0.2609375 0.01125 0.034375
0 0.624375 0.2484375 0.01375 0.040625
1 0.183125 0.3 0.01375 0.04375
1 0.148125 0.3015625 0.01375 0.040625
1 0.288125 0.2703125 0.00875 0.028125
1 0.154375 0.284375 0.01125 0.03125
1 0.348125 0.259375 0.00875 0.0375
0 0.321875 0.28125 0.01125 0.0375
1 0.26375 0.271875 0.0125 0.04375
1 0.695 0.2671875 0.01 0.028125
