1 0.85498046875 0.650390625 0.0673828125 0.10416666666666667
1 0.85791015625 0.5231119791666666 0.03125 0.054036458333333336
0 0.3916015625 0.4866536458333333 0.0244140625 0.039713541666666664
0 0.539306640625 0.4625651041666667 0.01708984375 0.033203125
0 0.73974609375 0.4378255208333333 0.0068359375 0.017578125
0 0.685302734375 0.4475911458333333 0.01123046875 0.022786458333333332
1 0.982421875 0.4723307291666667 0.013671875 0.025390625
1 0.885498046875 0.4752604166666667 0.01416015625 0.029947916666666668
1 0.958251953125 0.4580078125 0.01220703125 0.020182291666666668
1 0.944091796875 0.4521484375 0.00830078125 0.016276041666666668
1 0.87939453125 0.4567057291666667 0.0107421875 0.020182291666666668
0 0.712646484375 0.42578125 0.00537109375 0.01171875
1 0.857177734375 0.4381510416666667 0.00537109375 0.01171875
0 0.760009765625 0.4300130208333333 0.00634765625 0.012369791666666666
0 0.774169921875 0.4329427083333333 0.00732421875 0.013020833333333334
0 0.766357421875 0.4358723958333333 0.00732421875 0.012369791666666666
1 0.702880859375 0.4222005208333333 0.00537109375 0.011067708333333334
1 0.919189453125 0.4420572916666667 0.00634765625 0.013020833333333334
1 0.8828125 0.4469401041666667 0.0087890625 0.017578125
1 0.92822265625 0.4475911458333333 0.0068359375 0.014973958333333334
1 0.909423828125 0.4384765625 0.00634765625 0.012369791666666666
1 0.901611328125 0.4352213541666667 0.00537109375 0.011067708333333334
1 0.87353515625 0.4417317708333333 0.0048828125 0.013671875
1 0.81640625 0.4332682291666667 0.0068359375 0.012369791666666666
0 0.987060546875 0.4440104166666667 0.00732421875 0.010416666666666666
0 0.97021484375 0.4401041666666667 0.0048828125 0.0078125
0 0.9609375 0.4378255208333333 0.0048828125 0.007161458333333333
