1 0.6005859375 0.5188802083333334 0.03125 0.0390625
0 0.188720703125 0.5419921875 0.03173828125 0.056640625
0 0.29931640625 0.4680989583333333 0.0146484375 0.032552083333333336
1 0.471923828125 0.4345703125 0.01123046875 0.024088541666666668
1 0.5107421875 0.458984375 0.0146484375 0.03515625
0 0.335693359375 0.4479166666666667 0.01513671875 0.020833333333333332
1 0.445556640625 0.4186197916666667 0.00537109375 0.01171875
0 0.35546875 0.4306640625 0.0087890625 0.016276041666666668
1 0.456787109375 0.42578125 0.00732421875 0.01953125
0 0.367431640625 0.421875 0.00732421875 0.014322916666666666
