1 0.373125 0.71875 0.05625 0.21875
1 0.4075 0.4734375 0.035 0.115625
1 0.769375 0.5515625 0.06625 0.178125
1 0.676875 0.39375 0.03125 0.1
0 0.42875 0.3734375 0.0175 0.084375
0 0.453125 0.3203125 0.01625 0.059375
1 0.668125 0.2984375 0.01875 0.065625
1 0.476875 0.2890625 0.01125 0.046875
0 0.72 0.2703125 0.02 0.059375
1 0.835625 0.215625 0.01625 0.05625
1 0.558125 0.2390625 0.01125 0.040625
1 0.67625 0.1921875 0.01 0.040625
1 0.794375 0.2390625 0.01625 0.059375
1 0.748125 0.2 0.00875 0.0375
1 0.780625 0.1875 0.01375 0.0375
1 0.715 0.2046875 0.0125 0.034375
1 0.876875 0.21875 0.02125 0.04375
1 0.9225 0.196875 0.0075 0.0375
1 0.810625 0.1765625 0.01125 0.040625
1 0.914375 0.1921875 0.01125 0.040625
