0 0.2734375 0.6159722222222223 0.028125 0.07916666666666666
1 0.308203125 0.6159722222222223 0.02578125 0.08472222222222223
1 0.828125 0.5861111111111111 0.03125 0.08333333333333333
0 0.0421875 0.5993055555555555 0.015625 0.05416666666666667
1 0.648828125 0.43333333333333335 0.01015625 0.03333333333333333
0 0.34609375 0.4423611111111111 0.0078125 0.020833333333333332
1 0.477734375 0.44027777777777777 0.01015625 0.027777777777777776
0 0.46484375 0.4423611111111111 0.0078125 0.02638888888888889
1 0.51015625 0.40069444444444446 0.0078125 0.018055555555555554
1 0.61015625 0.4 0.0078125 0.016666666666666666
0 0.503125 0.40208333333333335 0.0078125 0.015277777777777777
