0 0.318115234375 0.5286458333333334 0.02685546875 0.0625
2 0.590087890625 0.4352213541666667 0.00927734375 0.033203125
2 0.4375 0.4361979166666667 0.01171875 0.03125
2 0.5830078125 0.4313151041666667 0.0087890625 0.027994791666666668
0 0.428466796875 0.4501953125 0.01025390625 0.024088541666666668
0 0.45068359375 0.4290364583333333 0.0068359375 0.015625
1 0.7568359375 0.5299479166666666 0.0341796875 0.055989583333333336
1 0.603515625 0.4498697916666667 0.009765625 0.022135416666666668
0 0.455078125 0.4212239583333333 0.005859375 0.013020833333333334
1 0.568115234375 0.4293619791666667 0.00634765625 0.014973958333333334
0 0.46337890625 0.4153645833333333 0.0048828125 0.010416666666666666
1 0.55419921875 0.4222005208333333 0.0048828125 0.009765625
