1 0.338125 0.6859375 0.05125 0.184375
0 0.329375 0.471875 0.03875 0.075
0 0.09125 0.78125 0.08 0.1875
1 0.68625 0.3390625 0.015 0.053125
0 0.4625 0.440625 0.025 0.09375
0 0.404375 0.396875 0.01875 0.0625
1 0.49375 0.3671875 0.02 0.065625
1 0.881875 0.45625 0.03625 0.10625
0 0.95 0.415625 0.0275 0.06875
2 0.79 0.3765625 0.025 0.078125
1 0.613125 0.31875 0.01125 0.0375
0 0.54 0.2984375 0.0075 0.028125
1 0.6475 0.2828125 0.0075 0.028125
0 0.816875 0.3390625 0.01875 0.053125
1 0.660625 0.278125 0.00875 0.03125
2 0.56 0.30625 0.01 0.03125
0 0.444375 0.3265625 0.01125 0.040625
0 0.42 0.3171875 0.01 0.028125
0 0.39875 0.3421875 0.0125 0.046875
