1 0.22625 0.5796875 0.0625 0.109375
1 0.724375 0.534375 0.04625 0.1375
0 0.7625 0.7390625 0.08 0.228125
1 0.5075 0.3546875 0.015 0.065625
1 0.35375 0.415625 0.025 0.0625
0 0.69375 0.4421875 0.0375 0.071875
1 0.629375 0.346875 0.01625 0.05625
0 0.551875 0.3265625 0.01375 0.046875
2 0.483125 0.303125 0.00875 0.04375
0 0.405625 0.321875 0.01125 0.04375
1 0.47125 0.28125 0.0075 0.03125
1 0.516875 0.3109375 0.00875 0.046875
0 0.39 0.290625 0.0075 0.03125
1 0.396875 0.2796875 0.00875 0.028125
