0 0.33349609375 0.5345052083333334 0.029296875 0.057291666666666664
1 0.9775390625 0.64453125 0.04296875 0.09375
1 0.970947265625 0.5159505208333334 0.02099609375 0.042317708333333336
1 0.806640625 0.4947916666666667 0.0166015625 0.036458333333333336
0 0.542236328125 0.4713541666666667 0.01416015625 0.029947916666666668
1 0.7490234375 0.4619140625 0.013671875 0.026692708333333332
1 0.724609375 0.4462890625 0.0087890625 0.018880208333333332
1 0.805419921875 0.4560546875 0.01025390625 0.020182291666666668
1 0.774169921875 0.4475911458333333 0.00927734375 0.017578125
1 0.860107421875 0.4752604166666667 0.01611328125 0.028645833333333332
0 0.587158203125 0.4475911458333333 0.01123046875 0.020182291666666668
1 0.700439453125 0.4388020833333333 0.00732421875 0.014322916666666666
1 0.67919921875 0.4345703125 0.0078125 0.013671875
1 0.635498046875 0.4303385416666667 0.00634765625 0.013020833333333334
1 0.747802734375 0.44140625 0.00732421875 0.014322916666666666
0 0.605224609375 0.4388020833333333 0.00830078125 0.016927083333333332
1 0.80078125 0.439453125 0.005859375 0.01171875
0 0.83349609375 0.4469401041666667 0.005859375 0.013671875
0 0.94775390625 0.4694010416666667 0.0107421875 0.01953125
1 0.5185546875 0.4235026041666667 0.0068359375 0.012369791666666666
0 0.776611328125 0.4342447916666667 0.00537109375 0.010416666666666666
0 0.880859375 0.455078125 0.013671875 0.0234375
0 0.583984375 0.4332682291666667 0.0068359375 0.018880208333333332
1 0.72998046875 0.435546875 0.0078125 0.013020833333333334
1 0.715576171875 0.431640625 0.00537109375 0.01171875
0 0.4951171875 0.4264322916666667 0.005859375 0.01171875
0 0.53076171875 0.427734375 0.005859375 0.013020833333333334
0 0.406982421875 0.4241536458333333 0.00634765625 0.012369791666666666
1 0.37060546875 0.421875 0.0048828125 0.010416666666666666
0 0.7587890625 0.4293619791666667 0.0048828125 0.007161458333333333
0 0.331298828125 0.4235026041666667 0.00634765625 0.011067708333333334
1 0.4384765625 0.4215494791666667 0.005859375 0.011067708333333334
