1 0.209228515625 0.5843098958333334 0.05712890625 0.08138020833333333
1 0.3837890625 0.4690755208333333 0.0224609375 0.035807291666666664
1 0.62158203125 0.4837239583333333 0.0234375 0.04296875
1 0.581787109375 0.4446614583333333 0.01513671875 0.026041666666666668
1 0.56396484375 0.431640625 0.01171875 0.020833333333333332
1 0.082275390625 0.4469401041666667 0.01123046875 0.017578125
1 0.4423828125 0.4241536458333333 0.0048828125 0.014973958333333334
1 0.44775390625 0.4189453125 0.0048828125 0.012369791666666666
1 0.26806640625 0.451171875 0.0107421875 0.022135416666666668
1 0.3388671875 0.4254557291666667 0.0078125 0.013671875
1 0.041015625 0.4996744791666667 0.0263671875 0.035807291666666664
1 0.555908203125 0.423828125 0.00927734375 0.016927083333333332
1 0.541748046875 0.408203125 0.00537109375 0.01171875
1 0.49365234375 0.40234375 0.005859375 0.009114583333333334
1 0.42236328125 0.4085286458333333 0.005859375 0.009765625
