1 0.39609375 0.3326388888888889 0.0171875 0.04583333333333333
1 0.1171875 0.55625 0.059375 0.1486111111111111
1 0.710546875 0.42916666666666664 0.01796875 0.05
1 0.656640625 0.3625 0.01328125 0.03333333333333333
1 0.89609375 0.7027777777777777 0.0578125 0.125
0 0.40234375 0.2833333333333333 0.0078125 0.022222222222222223
0 0.434765625 0.30486111111111114 0.01015625 0.03194444444444444
0 0.55859375 0.30694444444444446 0.0078125 0.022222222222222223
1 0.6875 0.3548611111111111 0.009375 0.02638888888888889
0 0.523046875 0.2916666666666667 0.00859375 0.022222222222222223
1 0.60078125 0.31180555555555556 0.0078125 0.020833333333333332
