1 0.695556640625 0.4801432291666667 0.02490234375 0.039713541666666664
1 0.903076171875 0.640625 0.05419921875 0.09895833333333333
0 0.25732421875 0.5224609375 0.0283203125 0.054036458333333336
2 0.276123046875 0.4309895833333333 0.01513671875 0.029947916666666668
2 0.305419921875 0.4345703125 0.02099609375 0.017578125
0 0.430908203125 0.45703125 0.01513671875 0.028645833333333332
0 0.5439453125 0.4290364583333333 0.009765625 0.01953125
1 0.72412109375 0.4443359375 0.01171875 0.022786458333333332
0 0.443359375 0.408203125 0.0078125 0.018229166666666668
1 0.77734375 0.439453125 0.0068359375 0.018229166666666668
0 0.637939453125 0.4222005208333333 0.00732421875 0.014973958333333334
0 0.71435546875 0.4241536458333333 0.0048828125 0.012369791666666666
1 0.90283203125 0.4410807291666667 0.0078125 0.014973958333333334
1 0.8349609375 0.4391276041666667 0.0068359375 0.014973958333333334
0 0.770263671875 0.4264322916666667 0.00537109375 0.01171875
2 0.486572265625 0.4016927083333333 0.00634765625 0.014322916666666666
