1 0.826904296875 0.662109375 0.06396484375 0.11067708333333333
0 0.3486328125 0.4765625 0.0205078125 0.041666666666666664
0 0.46728515625 0.4420572916666667 0.015625 0.024739583333333332
1 0.718994140625 0.4488932291666667 0.01611328125 0.024088541666666668
1 0.703125 0.4876302083333333 0.0224609375 0.0390625
1 0.6875 0.4348958333333333 0.0107421875 0.01953125
1 0.653564453125 0.4235026041666667 0.00830078125 0.014973958333333334
0 0.496337890625 0.4280598958333333 0.00830078125 0.017578125
0 0.428466796875 0.4156901041666667 0.00830078125 0.013671875
1 0.609619140625 0.4169921875 0.00830078125 0.014973958333333334
1 0.53662109375 0.4111328125 0.0068359375 0.012369791666666666
0 0.483642578125 0.419921875 0.00732421875 0.015625
0 0.341552734375 0.4143880208333333 0.00732421875 0.012369791666666666
1 0.356201171875 0.4075520833333333 0.00634765625 0.01171875
1 0.36572265625 0.3994140625 0.0048828125 0.008463541666666666
0 0.262939453125 0.4130859375 0.00732421875 0.012369791666666666
1 0.316650390625 0.4065755208333333 0.00634765625 0.009765625
0 0.22900390625 0.4111328125 0.0048828125 0.009765625
1 0.477783203125 0.4078776041666667 0.00537109375 0.011067708333333334
1 0.423583984375 0.4078776041666667 0.00537109375 0.012369791666666666
0 0.28564453125 0.4020182291666667 0.0048828125 0.008463541666666666
1 0.423828125 0.3955078125 0.0048828125 0.008463541666666666
