2 0.42291666666666666 0.36064814814814816 0.014583333333333334 0.03796296296296296
2 0.6786458333333333 0.42777777777777776 0.01875 0.04814814814814815
2 0.6075520833333333 0.3625 0.008854166666666666 0.030555555555555555
2 0.43385416666666665 0.3333333333333333 0.008333333333333333 0.022222222222222223
2 0.3854166666666667 0.43333333333333335 0.025 0.06666666666666667
2 0.9645833333333333 0.750462962962963 0.06770833333333333 0.16944444444444445
2 0.53515625 0.32175925925925924 0.0067708333333333336 0.017592592592592594
2 0.56640625 0.3337962962962963 0.0109375 0.028703703703703703
2 0.49973958333333335 0.31203703703703706 0.008854166666666666 0.020370370370370372
2 0.3296875 0.32407407407407407 0.007291666666666667 0.020370370370370372
2 0.6421875 0.31527777777777777 0.005208333333333333 0.013888888888888888
2 0.3734375 0.32222222222222224 0.009375 0.020370370370370372
2 0.4080729166666667 0.3226851851851852 0.008854166666666666 0.025
