0 0.24140625 0.46111111111111114 0.0140625 0.041666666666666664
0 0.434765625 0.4479166666666667 0.01796875 0.04583333333333333
1 0.451953125 0.4534722222222222 0.01328125 0.034722222222222224
0 0.4765625 0.4041666666666667 0.0078125 0.025
1 0.703515625 0.4486111111111111 0.01171875 0.030555555555555555
0 0.49453125 0.38472222222222224 0.0078125 0.019444444444444445
0 0.35625 0.4111111111111111 0.0109375 0.025
1 0.6046875 0.38333333333333336 0.0078125 0.019444444444444445
1 0.634375 0.4013888888888889 0.009375 0.019444444444444445
0 0.1828125 0.7388888888888889 0.0453125 0.16944444444444445
1 0.48671875 0.40625 0.009375 0.02361111111111111
0 0.4078125 0.38958333333333334 0.0078125 0.018055555555555554
0 0.33984375 0.3993055555555556 0.0078125 0.018055555555555554
0 0.3234375 0.40347222222222223 0.0078125 0.020833333333333332
0 0.43828125 0.37916666666666665 0.0078125 0.013888888888888888
