1 0.16796875 0.46875 0.0375 0.1125
1 0.391796875 0.3333333333333333 0.01640625 0.041666666666666664
1 0.61328125 0.36944444444444446 0.0125 0.03611111111111111
1 0.364453125 0.29583333333333334 0.01015625 0.027777777777777776
1 0.8109375 0.7090277777777778 0.0625 0.15694444444444444
1 0.415625 0.28055555555555556 0.0078125 0.013888888888888888
1 0.95 0.5027777777777778 0.0140625 0.03611111111111111
1 0.4703125 0.2965277777777778 0.009375 0.02361111111111111
1 0.3078125 0.27569444444444446 0.0078125 0.020833333333333332
1 0.8375 0.38958333333333334 0.0078125 0.015277777777777777
1 0.36953125 0.2708333333333333 0.0078125 0.013888888888888888
1 0.940625 0.44583333333333336 0.0078125 0.016666666666666666
1 0.2515625 0.26805555555555555 0.0078125 0.013888888888888888
