2 0.85302734375 0.6259765625 0.0751953125 0.16471354166666666
0 0.3154296875 0.5309244791666666 0.03125 0.060546875
2 0.199462890625 0.6201171875 0.07666015625 0.16731770833333334
1 0.689697265625 0.5139973958333334 0.03173828125 0.055338541666666664
1 0.610107421875 0.4632161458333333 0.02001953125 0.035807291666666664
0 0.388671875 0.4615885416666667 0.0205078125 0.037760416666666664
0 0.559814453125 0.4264322916666667 0.01025390625 0.01953125
1 0.544189453125 0.4143880208333333 0.00830078125 0.014973958333333334
0 0.42724609375 0.4248046875 0.009765625 0.018880208333333332
0 0.441162109375 0.4130859375 0.00732421875 0.013671875
1 0.533203125 0.4065755208333333 0.0068359375 0.013671875
1 0.5205078125 0.396484375 0.0048828125 0.010416666666666666
2 0.045654296875 0.8359375 0.09130859375 0.2526041666666667
1 0.524658203125 0.4010416666666667 0.00634765625 0.013020833333333334
1 0.5126953125 0.3889973958333333 0.0048828125 0.008463541666666666
0 0.451171875 0.4020182291666667 0.0048828125 0.009765625
0 0.4453125 0.4069010416666667 0.005859375 0.01171875
