1 0.34921875 0.5736111111111111 0.025 0.06111111111111111
1 0.66171875 0.53125 0.021875 0.059722222222222225
1 0.33359375 0.5215277777777778 0.015625 0.0375
1 0.2984375 0.5083333333333333 0.0078125 0.027777777777777776
1 0.489453125 0.5006944444444444 0.01640625 0.04583333333333333
1 0.36875 0.4861111111111111 0.0078125 0.013888888888888888
1 0.2671875 0.48194444444444445 0.0078125 0.013888888888888888
1 0.33984375 0.4777777777777778 0.0078125 0.013888888888888888
1 0.4109375 0.49583333333333335 0.0078125 0.019444444444444445
1 0.700390625 0.4666666666666667 0.00859375 0.022222222222222223
