2 0.37057291666666664 0.4166666666666667 0.0171875 0.04259259259259259
2 0.6190104166666667 0.375 0.011979166666666667 0.03518518518518519
2 0.453125 0.3541666666666667 0.010416666666666666 0.032407407407407406
2 0.8421875 0.8282407407407407 0.0875 0.25462962962962965
2 0.509375 0.31851851851851853 0.005208333333333333 0.009259259259259259
2 0.48333333333333334 0.33796296296296297 0.007291666666666667 0.014814814814814815
2 0.5919270833333333 0.3314814814814815 0.0067708333333333336 0.014814814814814815
2 0.32265625 0.35185185185185186 0.0067708333333333336 0.018518518518518517
2 0.48098958333333336 0.32083333333333336 0.0078125 0.010185185185185186
2 0.3411458333333333 0.3416666666666667 0.005208333333333333 0.014814814814814815
2 0.440625 0.325 0.005208333333333333 0.009259259259259259
2 0.51875 0.3148148148148148 0.005208333333333333 0.009259259259259259
2 0.15572916666666667 0.3888888888888889 0.005208333333333333 0.014814814814814815
2 0.4744791666666667 0.32222222222222224 0.007291666666666667 0.009259259259259259
2 0.5817708333333333 0.3194444444444444 0.005208333333333333 0.011111111111111112
