2 0.14990234375 0.6448567708333334 0.0908203125 0.173828125
2 0.348876953125 0.5094401041666666 0.02978515625 0.048828125
2 0.85546875 0.6311848958333334 0.080078125 0.16731770833333334
2 0.675048828125 0.5162760416666666 0.02978515625 0.052083333333333336
2 0.611328125 0.4694010416666667 0.0185546875 0.029947916666666668
2 0.4111328125 0.46484375 0.0205078125 0.029947916666666668
2 0.5849609375 0.4485677083333333 0.01171875 0.01953125
2 0.453125 0.4375 0.0087890625 0.016927083333333332
2 0.570556640625 0.4381510416666667 0.01025390625 0.020833333333333332
2 0.440185546875 0.4449869791666667 0.00830078125 0.016276041666666668
2 0.462890625 0.4313151041666667 0.005859375 0.012369791666666666
2 0.4755859375 0.4222005208333333 0.0048828125 0.009765625
2 0.562255859375 0.4339192708333333 0.00732421875 0.013671875
2 0.5556640625 0.4287109375 0.0048828125 0.012369791666666666
2 0.546875 0.4244791666666667 0.005859375 0.010416666666666666
2 0.468505859375 0.4261067708333333 0.00634765625 0.011067708333333334
2 0.54443359375 0.4189453125 0.0048828125 0.009765625
2 0.032470703125 0.8157552083333334 0.06396484375 0.15494791666666666
