1 0.29345703125 0.5732421875 0.0439453125 0.07486979166666667
1 0.4072265625 0.4697265625 0.021484375 0.035807291666666664
1 0.71923828125 0.5188802083333334 0.0322265625 0.055989583333333336
1 0.66943359375 0.453125 0.0146484375 0.026041666666666668
1 0.582275390625 0.4378255208333333 0.01123046875 0.020182291666666668
1 0.57080078125 0.4306640625 0.009765625 0.017578125
1 0.44091796875 0.4384765625 0.01171875 0.021484375
1 0.45703125 0.4251302083333333 0.0087890625 0.016927083333333332
1 0.550537109375 0.4186197916666667 0.00732421875 0.013020833333333334
1 0.4677734375 0.4182942708333333 0.0078125 0.013671875
1 0.621337890625 0.42578125 0.00634765625 0.013020833333333334
1 0.703369140625 0.4212239583333333 0.00537109375 0.01171875
1 0.8427734375 0.4456380208333333 0.0087890625 0.018880208333333332
1 0.8369140625 0.4358723958333333 0.0068359375 0.014973958333333334
1 0.7119140625 0.421875 0.0048828125 0.01171875
1 0.72021484375 0.41015625 0.0048828125 0.009114583333333334
1 0.62646484375 0.4189453125 0.0048828125 0.011067708333333334
1 0.4736328125 0.4124348958333333 0.0048828125 0.009765625
1 0.53857421875 0.4095052083333333 0.0048828125 0.0078125
1 0.64208984375 0.4088541666666667 0.0048828125 0.009114583333333334
1 0.55908203125 0.4117838541666667 0.0048828125 0.011067708333333334
1 0.54345703125 0.4134114583333333 0.0048828125 0.009114583333333334
