1 0.858125 0.6390625 0.08375 0.253125
1 0.69 0.5 0.0525 0.18125
1 0.381875 0.840625 0.09625 0.30625
0 0.43625 0.4078125 0.0375 0.134375
1 0.47 0.33125 0.0275 0.10625
0 0.4925 0.2890625 0.025 0.090625
0 0.555 0.2734375 0.025 0.090625
0 0.639375 0.2390625 0.02125 0.084375
0 0.61625 0.2046875 0.015 0.071875
1 0.409375 0.5734375 0.03875 0.221875
1 0.68625 0.3703125 0.04 0.134375
1 0.614375 0.1296875 0.01875 0.059375
1 0.255 0.0890625 0.135 0.178125
0 0.3775 0.0625 0.08 0.11875
1 0.524375 0.2453125 0.02125 0.084375
1 0.675 0.2375 0.025 0.0875
