1 0.913818359375 0.6139322916666666 0.05419921875 0.08463541666666667
0 0.273681640625 0.5963541666666666 0.04931640625 0.08463541666666667
0 0.412841796875 0.4586588541666667 0.01708984375 0.033203125
1 0.652587890625 0.4573567708333333 0.01708984375 0.033203125
1 0.6015625 0.4280598958333333 0.0087890625 0.018880208333333332
0 0.4423828125 0.4231770833333333 0.009765625 0.016927083333333332
1 0.59423828125 0.4205729166666667 0.0087890625 0.015625
1 0.607177734375 0.4150390625 0.00732421875 0.013671875
0 0.459228515625 0.4153645833333333 0.00634765625 0.013020833333333334
0 0.5078125 0.4098307291666667 0.005859375 0.011067708333333334
0 0.5634765625 0.4033203125 0.0048828125 0.008463541666666666
1 0.6318359375 0.408203125 0.005859375 0.01171875
1 0.649169921875 0.404296875 0.00537109375 0.010416666666666666
