1 0.77490234375 0.5380859375 0.0361328125 0.060546875
0 0.418212890625 0.458984375 0.01904296875 0.033854166666666664
1 0.7119140625 0.4459635416666667 0.0146484375 0.02734375
1 0.665283203125 0.4700520833333333 0.01806640625 0.033854166666666664
1 0.80029296875 0.4820963541666667 0.01953125 0.037109375
1 0.619140625 0.4417317708333333 0.01171875 0.022786458333333332
1 0.604248046875 0.4329427083333333 0.01123046875 0.018229166666666668
1 0.6279296875 0.4300130208333333 0.0078125 0.017578125
1 0.670654296875 0.4358723958333333 0.01123046875 0.020182291666666668
0 0.434814453125 0.4397786458333333 0.01220703125 0.018880208333333332
0 0.76025390625 0.4319661458333333 0.0087890625 0.016276041666666668
0 0.906494140625 0.4593098958333333 0.01318359375 0.021484375
0 0.845458984375 0.4449869791666667 0.01123046875 0.018880208333333332
0 0.66015625 0.4228515625 0.005859375 0.012369791666666666
0 0.445556640625 0.4270833333333333 0.00927734375 0.016927083333333332
0 0.4892578125 0.4215494791666667 0.0078125 0.014973958333333334
0 0.566650390625 0.4189453125 0.00537109375 0.012369791666666666
