2 0.0576171875 0.4430338541666667 0.0078125 0.013671875
2 0.048583984375 0.4612630208333333 0.01318359375 0.021484375
2 0.157958984375 0.4404296875 0.00830078125 0.016276041666666668
2 0.214111328125 0.4293619791666667 0.00732421875 0.012369791666666666
2 0.133056640625 0.4303385416666667 0.00732421875 0.01171875
2 0.25634765625 0.4208984375 0.0068359375 0.011067708333333334
2 0.283203125 0.4153645833333333 0.005859375 0.010416666666666666
2 0.3134765625 0.4085286458333333 0.0048828125 0.009765625
2 0.21875 0.4163411458333333 0.0048828125 0.009765625
2 0.25830078125 0.4108072916666667 0.0048828125 0.009114583333333334
2 0.2998046875 0.40234375 0.0048828125 0.01171875
2 0.2822265625 0.4065755208333333 0.0048828125 0.008463541666666666
2 0.30517578125 0.4013671875 0.0048828125 0.011067708333333334
2 0.3486328125 0.4016927083333333 0.0048828125 0.01171875
2 0.183349609375 0.421875 0.00537109375 0.010416666666666666
2 0.33349609375 0.4039713541666667 0.0048828125 0.011067708333333334
2 0.3525390625 0.4013671875 0.0048828125 0.012369791666666666
2 0.3193359375 0.4033203125 0.0048828125 0.008463541666666666
