0 0.31875 0.253125 0.045 0.15
2 0.18125 0.3546875 0.06 0.209375
1 0.92 0.4578125 0.09 0.265625
0 0.138125 0.4515625 0.07125 0.234375
0 0.395 0.1921875 0.0325 0.115625
0 0.745625 0.196875 0.03625 0.13125
0 0.944375 0.23125 0.04125 0.15
1 0.42125 0.1125 0.025 0.10625
2 0.8675 0.153125 0.03 0.125
1 0.748125 0.078125 0.02125 0.0875
0 0.73625 0.05625 0.015 0.075
1 0.490625 0.0875 0.02625 0.1
0 0.6925 0.01875 0.015 0.0375
0 0.665625 0.021875 0.01375 0.04375
1 0.73125 0.028125 0.02 0.05625
0 0.5125 0.0640625 0.015 0.071875
1 0.64375 0.025 0.015 0.05
