0 0.025146484375 0.4638671875 0.01513671875 0.025390625
1 0.049072265625 0.4443359375 0.01025390625 0.017578125
0 0.207275390625 0.4306640625 0.00732421875 0.012369791666666666
0 0.14697265625 0.4417317708333333 0.0087890625 0.014973958333333334
1 0.2041015625 0.419921875 0.005859375 0.010416666666666666
0 0.2568359375 0.4225260416666667 0.0068359375 0.01171875
1 0.302734375 0.4033203125 0.0048828125 0.009765625
1 0.24853515625 0.412109375 0.0048828125 0.010416666666666666
1 0.2783203125 0.4075520833333333 0.0048828125 0.009114583333333334
0 0.29150390625 0.4166666666666667 0.005859375 0.010416666666666666
0 0.3154296875 0.4111328125 0.0048828125 0.007161458333333333
1 0.32421875 0.400390625 0.0048828125 0.0078125
0 0.33984375 0.4065755208333333 0.005859375 0.009765625
1 0.344482421875 0.3994140625 0.00537109375 0.008463541666666666
