1 0.65380859375 0.5299479166666666 0.041015625 0.07161458333333333
1 0.386474609375 0.4401041666666667 0.01611328125 0.028645833333333332
0 0.193359375 0.4892578125 0.0234375 0.043619791666666664
1 0.454345703125 0.4602864583333333 0.02392578125 0.0390625
0 0.119140625 0.6298828125 0.056640625 0.09440104166666667
0 0.22265625 0.4573567708333333 0.0146484375 0.030598958333333332
1 0.347900390625 0.427734375 0.01123046875 0.020833333333333332
0 0.232421875 0.4436848958333333 0.0107421875 0.021484375
1 0.331298828125 0.4228515625 0.01220703125 0.018880208333333332
0 0.240234375 0.4309895833333333 0.0087890625 0.014322916666666666
1 0.31640625 0.4186197916666667 0.0087890625 0.013020833333333334
