0 0.935 0.5802364864864865 0.11 0.18074324324324326
0 0.776875 0.5388513513513513 0.07125 0.11486486486486487
0 0.683125 0.5143581081081081 0.04625 0.07939189189189189
1 0.154375 0.5160472972972973 0.11375 0.17736486486486486
0 0.561875 0.49239864864864863 0.02625 0.048986486486486486
0 0.509375 0.48817567567567566 0.01875 0.037162162162162164
0 0.475625 0.4814189189189189 0.01625 0.030405405405405407
0 0.608125 0.49746621621621623 0.03125 0.0625
1 0.269375 0.49324324324324326 0.06125 0.10810810810810811
1 0.334375 0.4839527027027027 0.03875 0.07263513513513513
0 0.41 0.47550675675675674 0.0125 0.028716216216216218
0 0.38375 0.47128378378378377 0.01 0.02702702702702703
0 0.361875 0.47128378378378377 0.01125 0.02702702702702703
0 0.424375 0.47297297297297297 0.00875 0.02364864864864865
0 0.46125 0.47297297297297297 0.0075 0.02027027027027027
1 0.29875 0.46875 0.0175 0.03885135135135135
0 0.45125 0.47381756756756754 0.0075 0.018581081081081082
1 0.220625 0.46199324324324326 0.01125 0.03209459459459459
