1 0.76513671875 0.53515625 0.03515625 0.05859375
0 0.35107421875 0.49609375 0.0185546875 0.046875
2 0.188232421875 0.4583333333333333 0.02978515625 0.0234375
1 0.495361328125 0.4407552083333333 0.01220703125 0.022135416666666668
1 0.75 0.4417317708333333 0.0107421875 0.020182291666666668
1 0.720703125 0.4554036458333333 0.0146484375 0.026692708333333332
0 0.676513671875 0.4241536458333333 0.00634765625 0.013671875
0 0.597900390625 0.4261067708333333 0.00732421875 0.016276041666666668
2 0.14501953125 0.455078125 0.021484375 0.037760416666666664
2 0.36962890625 0.4137369791666667 0.01171875 0.021484375
1 0.810302734375 0.4401041666666667 0.00830078125 0.015625
1 0.8037109375 0.421875 0.0048828125 0.013020833333333334
2 0.41796875 0.4046223958333333 0.0078125 0.014973958333333334
1 0.75634765625 0.4231770833333333 0.0068359375 0.01171875
0 0.7392578125 0.4244791666666667 0.0068359375 0.013020833333333334
