1 0.712158203125 0.5455729166666666 0.03759765625 0.0625
1 0.23876953125 0.5631510416666666 0.044921875 0.0703125
1 0.600341796875 0.4586588541666667 0.01611328125 0.030598958333333332
1 0.376953125 0.4625651041666667 0.017578125 0.030598958333333332
1 0.412353515625 0.4365234375 0.01220703125 0.022786458333333332
1 0.22119140625 0.5068359375 0.03125 0.044921875
1 0.438720703125 0.4166666666666667 0.00830078125 0.014322916666666666
1 0.547119140625 0.41796875 0.00927734375 0.015625
1 0.216552734375 0.4498697916666667 0.01513671875 0.02734375
1 0.34423828125 0.4261067708333333 0.01171875 0.020182291666666668
1 0.53466796875 0.4085286458333333 0.0068359375 0.013671875
1 0.448974609375 0.4095052083333333 0.00732421875 0.014322916666666666
1 0.560302734375 0.4290364583333333 0.01123046875 0.020833333333333332
1 0.42626953125 0.4049479166666667 0.0068359375 0.01171875
1 0.182861328125 0.4055989583333333 0.00634765625 0.010416666666666666
1 0.136962890625 0.4114583333333333 0.00830078125 0.013020833333333334
1 0.164794921875 0.419921875 0.01025390625 0.015625
1 0.5263671875 0.404296875 0.0048828125 0.010416666666666666
1 0.2666015625 0.4013671875 0.0048828125 0.009765625
1 0.2724609375 0.4098307291666667 0.0087890625 0.012369791666666666
1 0.01416015625 0.4290364583333333 0.0126953125 0.01953125
