1 0.69482421875 0.494140625 0.0244140625 0.04296875
1 0.372802734375 0.5013020833333334 0.02490234375 0.046875
1 0.44140625 0.4420572916666667 0.0126953125 0.0234375
1 0.872314453125 0.5374348958333334 0.03466796875 0.056640625
1 0.6328125 0.4524739583333333 0.0146484375 0.03125
1 0.594970703125 0.4296875 0.01220703125 0.020833333333333332
1 0.486572265625 0.4166666666666667 0.01025390625 0.015625
1 0.458984375 0.4228515625 0.0087890625 0.017578125
1 0.452880859375 0.4300130208333333 0.00927734375 0.017578125
1 0.568359375 0.408203125 0.0068359375 0.013020833333333334
1 0.52783203125 0.4111328125 0.0078125 0.013671875
1 0.775634765625 0.4124348958333333 0.00927734375 0.016276041666666668
1 0.67529296875 0.4130859375 0.0068359375 0.012369791666666666
1 0.5947265625 0.419921875 0.009765625 0.016927083333333332
1 0.6201171875 0.4052734375 0.0078125 0.012369791666666666
1 0.87158203125 0.4163411458333333 0.009765625 0.017578125
1 0.8232421875 0.4065755208333333 0.0068359375 0.013671875
1 0.73583984375 0.4046223958333333 0.0068359375 0.012369791666666666
1 0.953369140625 0.4462890625 0.01416015625 0.022786458333333332
1 0.557373046875 0.396484375 0.00537109375 0.010416666666666666
1 0.677978515625 0.4049479166666667 0.00634765625 0.013020833333333334
1 0.92041015625 0.4104817708333333 0.0087890625 0.013671875
