0 0.079345703125 0.6559244791666666 0.05810546875 0.10221354166666667
1 0.66162109375 0.5397135416666666 0.03515625 0.0625
0 0.18359375 0.4918619791666667 0.01953125 0.035807291666666664
1 0.38330078125 0.4407552083333333 0.01171875 0.022135416666666668
1 0.449462890625 0.4602864583333333 0.01708984375 0.033854166666666664
0 0.216796875 0.4567057291666667 0.0107421875 0.020182291666666668
0 0.228515625 0.4440104166666667 0.009765625 0.018229166666666668
0 0.236572265625 0.4303385416666667 0.00634765625 0.014322916666666666
1 0.345458984375 0.4280598958333333 0.00927734375 0.018880208333333332
1 0.328857421875 0.4235026041666667 0.00830078125 0.016276041666666668
1 0.3134765625 0.4169921875 0.0048828125 0.012369791666666666
1 0.30029296875 0.4127604166666667 0.0048828125 0.009114583333333334
1 0.30712890625 0.4143880208333333 0.0048828125 0.009765625
0 0.240478515625 0.423828125 0.00537109375 0.009114583333333334
1 0.296875 0.4114583333333333 0.0048828125 0.0078125
1 0.29248046875 0.4108072916666667 0.0048828125 0.006510416666666667
0 0.24267578125 0.4208984375 0.0048828125 0.008463541666666666
0 0.24462890625 0.4186197916666667 0.0048828125 0.0078125
