1 0.26015625 0.5923611111111111 0.0359375 0.08472222222222223
1 0.616015625 0.4409722222222222 0.01484375 0.04027777777777778
1 0.793359375 0.6243055555555556 0.03515625 0.09861111111111111
1 0.69765625 0.4951388888888889 0.015625 0.04861111111111111
1 0.4125 0.46111111111111114 0.015625 0.03888888888888889
1 0.399609375 0.42986111111111114 0.01171875 0.02638888888888889
1 0.535546875 0.4111111111111111 0.01328125 0.027777777777777776
1 0.365625 0.4027777777777778 0.0078125 0.013888888888888888
1 0.36484375 0.41944444444444445 0.0078125 0.019444444444444445
1 0.3171875 0.41875 0.0078125 0.015277777777777777
1 0.43984375 0.40208333333333335 0.0078125 0.015277777777777777
1 0.81171875 0.425 0.0078125 0.019444444444444445
1 0.23671875 0.42430555555555555 0.009375 0.020833333333333332
1 0.897265625 0.4479166666666667 0.00859375 0.020833333333333332
1 0.13984375 0.44027777777777777 0.0078125 0.019444444444444445
1 0.15859375 0.4284722222222222 0.0078125 0.015277777777777777
1 0.89140625 0.4479166666666667 0.0078125 0.020833333333333332
1 0.0453125 0.45069444444444445 0.0078125 0.015277777777777777
1 0.28359375 0.40902777777777777 0.0078125 0.015277777777777777
1 0.88359375 0.4388888888888889 0.009375 0.03611111111111111
1 0.03671875 0.46319444444444446 0.0078125 0.018055555555555554
