2 0.7716145833333333 0.5046296296296297 0.024479166666666666 0.07222222222222222
2 0.146875 0.44583333333333336 0.03333333333333333 0.06944444444444445
2 0.4625 0.37962962962962965 0.026041666666666668 0.053703703703703705
2 0.8645833333333334 0.4439814814814815 0.013541666666666667 0.041666666666666664
2 0.6877604166666667 0.37083333333333335 0.009895833333333333 0.032407407407407406
2 0.9588541666666667 0.44675925925925924 0.010416666666666666 0.025
2 0.39036458333333335 0.3296296296296296 0.021354166666666667 0.024074074074074074
2 0.840625 0.39305555555555555 0.009375 0.019444444444444445
2 0.9252604166666667 0.40925925925925927 0.0078125 0.018518518518518517
2 0.4140625 0.3263888888888889 0.015625 0.04351851851851852
