2 0.3885416666666667 0.35833333333333334 0.008333333333333333 0.020370370370370372
2 0.5640625 0.35648148148148145 0.010416666666666666 0.025925925925925925
2 0.5598958333333334 0.33194444444444443 0.005208333333333333 0.019444444444444445
2 0.5447916666666667 0.31296296296296294 0.005208333333333333 0.012962962962962963
2 0.45364583333333336 0.3111111111111111 0.005208333333333333 0.014814814814814815
2 0.42604166666666665 0.32916666666666666 0.00625 0.01574074074074074
2 0.08645833333333333 0.3680555555555556 0.005208333333333333 0.010185185185185186
2 0.26666666666666666 0.3365740740740741 0.005208333333333333 0.013888888888888888
2 0.13489583333333333 0.35 0.005208333333333333 0.011111111111111112
2 0.17005208333333333 0.3541666666666667 0.005729166666666666 0.01574074074074074
2 0.21041666666666667 0.3351851851851852 0.005208333333333333 0.011111111111111112
2 0.016666666666666666 0.3773148148148148 0.005208333333333333 0.013888888888888888
