1 0.86865234375 0.6370442708333334 0.060546875 0.107421875
0 0.416259765625 0.455078125 0.01708984375 0.036458333333333336
0 0.232666015625 0.525390625 0.03369140625 0.057291666666666664
1 0.675048828125 0.4762369791666667 0.02099609375 0.038411458333333336
2 0.261962890625 0.431640625 0.01416015625 0.032552083333333336
0 0.52734375 0.4254557291666667 0.01171875 0.025390625
0 0.622314453125 0.4189453125 0.01025390625 0.020182291666666668
2 0.289794921875 0.435546875 0.02392578125 0.018229166666666668
1 0.751220703125 0.4322916666666667 0.01025390625 0.020833333333333332
1 0.700927734375 0.4401041666666667 0.01025390625 0.026041666666666668
1 0.81591796875 0.4332682291666667 0.0087890625 0.020182291666666668
2 0.474853515625 0.40234375 0.01025390625 0.018229166666666668
