2 0.1982421875 0.6155598958333334 0.0751953125 0.16731770833333334
2 0.846923828125 0.6315104166666666 0.08642578125 0.16927083333333334
0 0.316650390625 0.53125 0.03466796875 0.06380208333333333
1 0.688720703125 0.5152994791666666 0.03271484375 0.056640625
1 0.60986328125 0.4638671875 0.0185546875 0.033203125
0 0.389404296875 0.4609375 0.01806640625 0.03125
0 0.426513671875 0.42578125 0.01025390625 0.01953125
1 0.532958984375 0.4065755208333333 0.00830078125 0.013671875
1 0.55908203125 0.4267578125 0.01171875 0.021484375
1 0.54443359375 0.4137369791666667 0.0087890625 0.016276041666666668
1 0.52490234375 0.4013671875 0.005859375 0.011067708333333334
2 0.0458984375 0.837890625 0.091796875 0.24348958333333334
0 0.44091796875 0.412109375 0.0078125 0.014322916666666666
0 0.451171875 0.4007161458333333 0.0048828125 0.011067708333333334
1 0.52001953125 0.396484375 0.0048828125 0.010416666666666666
2 0.446044921875 0.4072265625 0.00634765625 0.012369791666666666
