1 0.119140625 0.4319661458333333 0.0087890625 0.013671875
0 0.182373046875 0.4342447916666667 0.00927734375 0.015625
0 0.112060546875 0.4462890625 0.01123046875 0.016276041666666668
0 0.237548828125 0.4228515625 0.00732421875 0.012369791666666666
1 0.184814453125 0.4215494791666667 0.00634765625 0.011067708333333334
1 0.23291015625 0.4127604166666667 0.0048828125 0.009114583333333334
1 0.265625 0.4078776041666667 0.005859375 0.009765625
0 0.276123046875 0.4173177083333333 0.00537109375 0.010416666666666666
0 0.302734375 0.4114583333333333 0.0048828125 0.009114583333333334
1 0.29150390625 0.4033203125 0.0048828125 0.009765625
1 0.31494140625 0.400390625 0.0048828125 0.0078125
0 0.330078125 0.4072265625 0.0048828125 0.008463541666666666
1 0.007080078125 0.4485677083333333 0.01318359375 0.01953125
