1 0.25125 0.6224662162162162 0.215 0.31925675675675674
1 0.47625 0.5388513513513513 0.1025 0.16891891891891891
1 0.768125 0.5135135135135135 0.04625 0.08108108108108109
1 0.65375 0.5168918918918919 0.055 0.09797297297297297
1 0.6125 0.49746621621621623 0.0225 0.04222972972972973
1 0.36125 0.4839527027027027 0.02 0.03547297297297297
0 0.415 0.47550675675675674 0.02 0.03547297297297297
0 0.811875 0.49746621621621623 0.01875 0.03885135135135135
0 0.69125 0.48817567567567566 0.02 0.04054054054054054
1 0.51875 0.48986486486486486 0.025 0.04391891891891892
0 0.935625 0.504222972972973 0.02625 0.04560810810810811
0 0.338125 0.46959459459459457 0.01875 0.037162162162162164
0 0.07875 0.4594594594594595 0.015 0.033783783783783786
1 0.1425 0.47381756756756754 0.0175 0.03209459459459459
1 0.051875 0.47128378378378377 0.02125 0.033783783783783786
1 0.24 0.47719594594594594 0.0225 0.04222972972972973
1 0.791875 0.5059121621621622 0.02375 0.06925675675675676
1 0.755625 0.49746621621621623 0.02625 0.05574324324324324
