2 0.693603515625 0.4205729166666667 0.00732421875 0.018229166666666668
0 0.248779296875 0.4195963541666667 0.00537109375 0.009765625
1 0.2138671875 0.4176432291666667 0.0078125 0.011067708333333334
1 0.01904296875 0.4446614583333333 0.0126953125 0.016927083333333332
0 0.005126953125 0.4615885416666667 0.01025390625 0.022135416666666668
0 0.195556640625 0.4290364583333333 0.00634765625 0.010416666666666666
0 0.27783203125 0.4140625 0.0048828125 0.0078125
2 0.3583984375 0.3987630208333333 0.0048828125 0.011067708333333334
2 0.3203125 0.4000651041666667 0.0048828125 0.011067708333333334
0 0.109130859375 0.4443359375 0.01416015625 0.017578125
1 0.116455078125 0.4313151041666667 0.00830078125 0.014973958333333334
2 0.32421875 0.3987630208333333 0.0048828125 0.011067708333333334
1 0.30859375 0.4091796875 0.0048828125 0.011067708333333334
0 0.338134765625 0.4052734375 0.00537109375 0.008463541666666666
2 0.361328125 0.3984375 0.0048828125 0.010416666666666666
