0 0.18505859375 0.6741536458333334 0.0576171875 0.11002604166666667
0 0.407958984375 0.4807942708333333 0.02099609375 0.037109375
0 0.49462890625 0.4459635416666667 0.013671875 0.02734375
1 0.806640625 0.5244140625 0.03125 0.052734375
1 0.74658203125 0.4671223958333333 0.01953125 0.035807291666666664
1 0.888671875 0.4580078125 0.0185546875 0.029296875
0 0.661865234375 0.4296875 0.01220703125 0.01953125
0 0.578369140625 0.4329427083333333 0.00830078125 0.01953125
0 0.794921875 0.4313151041666667 0.009765625 0.017578125
0 0.964599609375 0.4375 0.01318359375 0.01953125
0 0.160400390625 0.4436848958333333 0.00634765625 0.014973958333333334
