1 0.769921875 0.5784722222222223 0.03984375 0.10138888888888889
1 0.471484375 0.4409722222222222 0.01796875 0.04583333333333333
1 0.054296875 0.6604166666666667 0.04140625 0.11805555555555555
0 0.1625 0.4986111111111111 0.0234375 0.06111111111111111
1 0.591015625 0.40208333333333335 0.01171875 0.029166666666666667
1 0.537109375 0.4236111111111111 0.01484375 0.03888888888888889
1 0.796875 0.4305555555555556 0.0171875 0.03611111111111111
0 0.43984375 0.4263888888888889 0.0140625 0.03888888888888889
1 0.624609375 0.38680555555555557 0.00859375 0.020833333333333332
1 0.604296875 0.3784722222222222 0.00703125 0.018055555555555554
1 0.7875 0.39305555555555555 0.0109375 0.025
0 0.093359375 0.44305555555555554 0.01015625 0.030555555555555555
0 0.372265625 0.41388888888888886 0.00859375 0.022222222222222223
0 0.16328125 0.46458333333333335 0.0140625 0.04027777777777778
0 0.13828125 0.45 0.009375 0.027777777777777776
1 0.737109375 0.3729166666666667 0.00703125 0.020833333333333332
1 0.6640625 0.3680555555555556 0.0078125 0.019444444444444445
1 0.5625 0.37083333333333335 0.0078125 0.016666666666666666
