2 0.198486328125 0.619140625 0.06494140625 0.15755208333333334
2 0.8564453125 0.6259765625 0.064453125 0.166015625
0 0.3896484375 0.4632161458333333 0.021484375 0.038411458333333336
1 0.689697265625 0.513671875 0.03369140625 0.0546875
0 0.314697265625 0.5325520833333334 0.03369140625 0.05859375
1 0.61181640625 0.4641927083333333 0.0224609375 0.03515625
0 0.4404296875 0.412109375 0.0068359375 0.013020833333333334
1 0.56005859375 0.4264322916666667 0.0107421875 0.020833333333333332
1 0.544677734375 0.4143880208333333 0.00830078125 0.014973958333333334
1 0.53369140625 0.4072265625 0.0068359375 0.012369791666666666
0 0.4267578125 0.423828125 0.009765625 0.016927083333333332
0 0.4453125 0.40625 0.0068359375 0.013020833333333334
0 0.450927734375 0.4007161458333333 0.00537109375 0.009765625
1 0.5205078125 0.396484375 0.0048828125 0.009114583333333334
2 0.0478515625 0.845703125 0.095703125 0.2265625
2 0.97119140625 0.7985026041666666 0.0546875 0.13997395833333334
1 0.524658203125 0.4013671875 0.00634765625 0.011067708333333334
0 0.45751953125 0.3961588541666667 0.0048828125 0.008463541666666666
