1 0.0732421875 0.5725911458333334 0.048828125 0.07486979166666667
1 0.599609375 0.5182291666666666 0.03515625 0.0625
1 0.33935546875 0.4651692708333333 0.01953125 0.035807291666666664
1 0.44873046875 0.4892578125 0.0234375 0.048828125
1 0.2294921875 0.4381510416666667 0.013671875 0.01953125
1 0.05615234375 0.4912109375 0.021484375 0.039713541666666664
1 0.156005859375 0.4222005208333333 0.01025390625 0.014973958333333334
1 0.1865234375 0.4293619791666667 0.0087890625 0.016276041666666668
1 0.053466796875 0.4645182291666667 0.01708984375 0.030598958333333332
1 0.048828125 0.4381510416666667 0.01171875 0.018229166666666668
1 0.025634765625 0.7854817708333334 0.05126953125 0.130859375
1 0.142333984375 0.4176432291666667 0.00732421875 0.012369791666666666
1 0.114013671875 0.4104817708333333 0.00537109375 0.008463541666666666
1 0.127197265625 0.4143880208333333 0.00537109375 0.009765625
