1 0.70458984375 0.5250651041666666 0.03515625 0.056640625
1 0.595947265625 0.44921875 0.01123046875 0.020833333333333332
0 0.29931640625 0.5302734375 0.02734375 0.050130208333333336
0 0.392822265625 0.4759114583333333 0.01806640625 0.03125
1 0.629150390625 0.470703125 0.01806640625 0.03125
0 0.435302734375 0.4482421875 0.01123046875 0.020182291666666668
0 0.451416015625 0.4358723958333333 0.01025390625 0.018880208333333332
0 0.472900390625 0.421875 0.00732421875 0.01171875
1 0.572021484375 0.4368489583333333 0.01025390625 0.01171875
1 0.56005859375 0.4267578125 0.0087890625 0.012369791666666666
0 0.4619140625 0.427734375 0.0078125 0.014322916666666666
1 0.548095703125 0.4195963541666667 0.00537109375 0.011067708333333334
0 0.47900390625 0.4173177083333333 0.0048828125 0.010416666666666666
1 0.541259765625 0.4150390625 0.00537109375 0.009765625
