0 0.759765625 0.6361111111111111 0.05234375 0.11944444444444445
2 0.934765625 0.5125 0.03203125 0.08333333333333333
0 0.86640625 0.4965277777777778 0.0203125 0.05694444444444444
0 0.703125 0.5569444444444445 0.01875 0.04722222222222222
0 0.773046875 0.5291666666666667 0.01796875 0.05277777777777778
0 0.537109375 0.6083333333333333 0.01796875 0.044444444444444446
0 0.6859375 0.5361111111111111 0.0140625 0.03888888888888889
0 0.459375 0.6229166666666667 0.0140625 0.034722222222222224
0 0.74140625 0.5159722222222223 0.0171875 0.04027777777777778
0 0.501953125 0.5993055555555555 0.01015625 0.03194444444444444
0 0.937109375 0.46944444444444444 0.01953125 0.05555555555555555
0 0.44765625 0.6159722222222223 0.009375 0.029166666666666667
