1 0.74853515625 0.5504557291666666 0.041015625 0.06705729166666667
0 0.30908203125 0.55078125 0.0400390625 0.06770833333333333
0 0.413818359375 0.4606119791666667 0.02001953125 0.035807291666666664
1 0.626953125 0.4599609375 0.01953125 0.038411458333333336
1 0.730712890625 0.4427083333333333 0.01611328125 0.026041666666666668
1 0.592041015625 0.4306640625 0.01318359375 0.022786458333333332
1 0.6630859375 0.4267578125 0.0107421875 0.020182291666666668
1 0.619873046875 0.4111328125 0.00927734375 0.016276041666666668
1 0.894287109375 0.4658203125 0.02001953125 0.029296875
0 0.77685546875 0.4228515625 0.01171875 0.020182291666666668
0 0.458740234375 0.4195963541666667 0.00830078125 0.014973958333333334
0 0.450927734375 0.4313151041666667 0.01025390625 0.020182291666666668
0 0.72021484375 0.4117838541666667 0.0078125 0.012369791666666666
1 0.572509765625 0.4176432291666667 0.01025390625 0.018880208333333332
0 0.975341796875 0.4410807291666667 0.01416015625 0.024088541666666668
1 0.60302734375 0.4046223958333333 0.0068359375 0.011067708333333334
1 0.563720703125 0.4078776041666667 0.00634765625 0.012369791666666666
0 0.85302734375 0.4329427083333333 0.0126953125 0.020833333333333332
1 0.5576171875 0.404296875 0.0048828125 0.010416666666666666
1 0.5908203125 0.4016927083333333 0.0048828125 0.009114583333333334
1 0.552978515625 0.4016927083333333 0.00537109375 0.010416666666666666
0 0.498046875 0.3971354166666667 0.0048828125 0.006510416666666667
0 0.475830078125 0.4065755208333333 0.00537109375 0.009765625
0 0.68896484375 0.4049479166666667 0.0078125 0.013020833333333334
0 0.467529296875 0.4117838541666667 0.00732421875 0.012369791666666666
0 0.66455078125 0.4010416666666667 0.0068359375 0.01171875
