0 0.124755859375 0.7356770833333334 0.07470703125 0.13802083333333334
0 0.2626953125 0.5472005208333334 0.03515625 0.06315104166666667
0 0.1865234375 0.5 0.0234375 0.041666666666666664
1 0.595703125 0.4677734375 0.0185546875 0.035807291666666664
1 0.771484375 0.51953125 0.029296875 0.0546875
1 0.290771484375 0.4501953125 0.01708984375 0.030598958333333332
1 0.942626953125 0.4866536458333333 0.02490234375 0.043619791666666664
1 0.468505859375 0.4514973958333333 0.01708984375 0.034505208333333336
1 0.825927734375 0.4420572916666667 0.01611328125 0.029947916666666668
0 0.105224609375 0.4934895833333333 0.02099609375 0.036458333333333336
1 0.149169921875 0.4501953125 0.01318359375 0.021484375
1 0.05517578125 0.4521484375 0.0126953125 0.018880208333333332
1 0.7373046875 0.4085286458333333 0.0087890625 0.016276041666666668
1 0.772705078125 0.421875 0.00927734375 0.01953125
0 0.8955078125 0.4244791666666667 0.0087890625 0.01953125
0 0.85205078125 0.4143880208333333 0.0078125 0.014973958333333334
0 0.822509765625 0.4075520833333333 0.00634765625 0.014322916666666666
1 0.720703125 0.4020182291666667 0.0078125 0.009765625
0 0.79736328125 0.4016927083333333 0.005859375 0.01171875
0 0.99267578125 0.4453125 0.0126953125 0.0234375
0 0.779296875 0.3974609375 0.0048828125 0.009765625
