1 0.115625 0.5765625 0.05875 0.159375
1 0.679375 0.4515625 0.03375 0.115625
0 0.34875 0.371875 0.0225 0.08125
1 0.49625 0.315625 0.0175 0.06875
1 0.601875 0.3140625 0.01625 0.059375
1 0.92875 0.4515625 0.035 0.103125
0 0.735625 0.3296875 0.01875 0.065625
1 0.545625 0.2671875 0.01375 0.034375
1 0.648125 0.2484375 0.01125 0.028125
1 0.854375 0.325 0.02125 0.0625
0 0.86875 0.3046875 0.015 0.053125
0 0.745 0.2578125 0.01 0.040625
0 0.68875 0.25 0.01 0.03125
1 0.808125 0.2765625 0.01125 0.046875
