0 0.595947265625 0.5065104166666666 0.02099609375 0.036458333333333336
1 0.66357421875 0.4694010416666667 0.009765625 0.020833333333333332
1 0.61474609375 0.4625651041666667 0.0087890625 0.017578125
0 0.57763671875 0.4781901041666667 0.01171875 0.020182291666666668
0 0.1142578125 0.7516276041666666 0.078125 0.123046875
1 0.853515625 0.5244140625 0.025390625 0.038411458333333336
1 0.748779296875 0.482421875 0.01318359375 0.024739583333333332
1 0.5732421875 0.4593098958333333 0.0068359375 0.012369791666666666
1 0.54296875 0.4563802083333333 0.0078125 0.01171875
0 0.54541015625 0.4694010416666667 0.0087890625 0.015625
0 0.450927734375 0.458984375 0.00537109375 0.009114583333333334
0 0.513671875 0.4651692708333333 0.0068359375 0.011067708333333334
