1 0.447265625 0.3486111111111111 0.01796875 0.044444444444444446
0 0.423046875 0.3451388888888889 0.01796875 0.04583333333333333
1 0.694140625 0.4097222222222222 0.01953125 0.044444444444444446
1 0.643359375 0.3527777777777778 0.01015625 0.025
0 0.324609375 0.2875 0.01015625 0.027777777777777776
1 0.489453125 0.3111111111111111 0.00859375 0.025
0 0.475 0.30625 0.009375 0.02638888888888889
0 0.4328125 0.2798611111111111 0.0078125 0.020833333333333332
0 0.51796875 0.2847222222222222 0.0078125 0.019444444444444445
0 0.206640625 0.3138888888888889 0.01328125 0.03888888888888889
1 0.52421875 0.28541666666666665 0.0078125 0.018055555555555554
1 0.62734375 0.31875 0.0078125 0.018055555555555554
1 0.64921875 0.3215277777777778 0.0078125 0.018055555555555554
