0 0.176025390625 0.74609375 0.07861328125 0.14583333333333334
0 0.2255859375 0.5455729166666666 0.0302734375 0.057291666666666664
1 0.422607421875 0.4625651041666667 0.02099609375 0.037109375
1 0.656494140625 0.4866536458333333 0.02490234375 0.042317708333333336
0 0.166748046875 0.5166015625 0.02490234375 0.043619791666666664
1 0.880615234375 0.5478515625 0.03857421875 0.06705729166666667
1 0.284912109375 0.44921875 0.01220703125 0.0234375
0 0.0927734375 0.4811197916666667 0.015625 0.028645833333333332
1 0.213623046875 0.4449869791666667 0.00927734375 0.018880208333333332
0 0.063720703125 0.466796875 0.00927734375 0.01953125
1 0.160888671875 0.4404296875 0.00732421875 0.014973958333333334
1 0.134033203125 0.4391276041666667 0.00732421875 0.013671875
1 0.0927734375 0.4348958333333333 0.0048828125 0.009114583333333334
0 0.048828125 0.4602864583333333 0.0087890625 0.01953125
0 0.031494140625 0.4524739583333333 0.00732421875 0.014322916666666666
1 0.992919921875 0.4176432291666667 0.01123046875 0.012369791666666666
1 0.105712890625 0.4368489583333333 0.00634765625 0.01171875
1 0.078369140625 0.4342447916666667 0.00537109375 0.01171875
0 0.02099609375 0.447265625 0.0048828125 0.010416666666666666
1 0.96630859375 0.4069010416666667 0.0087890625 0.016927083333333332
1 0.949951171875 0.4007161458333333 0.00927734375 0.014973958333333334
1 0.939697265625 0.396484375 0.00634765625 0.013020833333333334
1 0.925537109375 0.3929036458333333 0.00732421875 0.009765625
