1 0.370849609375 0.5078125 0.02490234375 0.045572916666666664
1 0.430908203125 0.4547526041666667 0.01318359375 0.026692708333333332
1 0.8701171875 0.6155598958333334 0.060546875 0.09309895833333333
1 0.611572265625 0.4453125 0.01318359375 0.0234375
1 0.45703125 0.435546875 0.009765625 0.018229166666666668
1 0.468017578125 0.4254557291666667 0.00927734375 0.013671875
1 0.61767578125 0.4303385416666667 0.0087890625 0.015625
1 0.756103515625 0.4264322916666667 0.00634765625 0.01171875
1 0.565185546875 0.4241536458333333 0.00830078125 0.013671875
1 0.559814453125 0.4205729166666667 0.00634765625 0.01171875
1 0.4765625 0.4186197916666667 0.0068359375 0.01171875
1 0.482666015625 0.4143880208333333 0.00537109375 0.011067708333333334
1 0.5478515625 0.4150390625 0.0048828125 0.009765625
1 0.5576171875 0.4111328125 0.0048828125 0.008463541666666666
