1 0.340234375 0.4965277777777778 0.01171875 0.03194444444444444
1 0.2921875 0.48541666666666666 0.0078125 0.020833333333333332
1 0.23515625 0.7763888888888889 0.0609375 0.14444444444444443
1 0.36484375 0.5361111111111111 0.01875 0.05277777777777778
1 0.407421875 0.45555555555555555 0.00859375 0.027777777777777776
1 0.6890625 0.5027777777777778 0.0171875 0.041666666666666664
1 0.302734375 0.45555555555555555 0.00703125 0.019444444444444445
1 0.498046875 0.45625 0.00859375 0.020833333333333332
1 0.2078125 0.48194444444444445 0.0078125 0.019444444444444445
1 0.15859375 0.47638888888888886 0.0078125 0.016666666666666666
1 0.248046875 0.44166666666666665 0.00703125 0.013888888888888888
