0 0.2546875 0.5152777777777777 0.009375 0.027777777777777776
0 0.214453125 0.5354166666666667 0.01640625 0.04027777777777778
0 0.256640625 0.5458333333333333 0.01484375 0.044444444444444446
1 0.272265625 0.5479166666666667 0.01640625 0.05416666666666667
0 0.284765625 0.5097222222222222 0.00859375 0.027777777777777776
0 0.478125 0.49722222222222223 0.0078125 0.019444444444444445
0 0.34453125 0.5027777777777778 0.0078125 0.016666666666666666
0 0.38984375 0.49722222222222223 0.0078125 0.016666666666666666
1 0.48515625 0.4979166666666667 0.0078125 0.020833333333333332
0 0.45 0.4888888888888889 0.0078125 0.013888888888888888
0 0.5171875 0.4875 0.0078125 0.013888888888888888
1 0.6046875 0.4986111111111111 0.0078125 0.019444444444444445
1 0.621875 0.5131944444444444 0.0078125 0.020833333333333332
0 0.4859375 0.4791666666666667 0.0078125 0.013888888888888888
0 0.5390625 0.4798611111111111 0.0078125 0.015277777777777777
