1 0.908125 0.6828125 0.07875 0.284375
0 0.79 0.5375 0.055 0.20625
1 0.703125 0.4453125 0.03625 0.140625
0 0.284375 0.3765625 0.02125 0.090625
2 0.079375 0.284375 0.03875 0.15
1 0.134375 0.484375 0.03625 0.1375
1 0.199375 0.4203125 0.02875 0.146875
1 0.0425 0.534375 0.0425 0.19375
0 0.03625 0.259375 0.025 0.14375
0 0.601875 0.4609375 0.04125 0.084375
0 0.32375 0.3171875 0.015 0.103125
0 0.545625 0.3 0.01375 0.1
0 0.221875 0.4015625 0.03125 0.065625
0 0.629375 0.4109375 0.02875 0.121875
1 0.563125 0.3046875 0.01625 0.078125
