2 0.24192708333333332 0.5509259259259259 0.0453125 0.09814814814814815
2 0.9265625 0.6527777777777778 0.05 0.1259259259259259
2 0.7122395833333334 0.39305555555555555 0.016145833333333335 0.03796296296296296
2 0.7328125 0.3685185185185185 0.010416666666666666 0.025925925925925925
2 0.49895833333333334 0.3574074074074074 0.014583333333333334 0.03518518518518519
2 0.6856770833333333 0.3425925925925926 0.0078125 0.022222222222222223
2 0.5606770833333333 0.33796296296296297 0.008854166666666666 0.024074074074074074
2 0.621875 0.3347222222222222 0.008333333333333333 0.019444444444444445
2 0.7192708333333333 0.3351851851851852 0.005208333333333333 0.014814814814814815
2 0.7958333333333333 0.35833333333333334 0.00625 0.018518518518518517
2 0.8557291666666667 0.37407407407407406 0.005208333333333333 0.016666666666666666
2 0.9580729166666667 0.41805555555555557 0.0078125 0.019444444444444445
2 0.9520833333333333 0.4050925925925926 0.005208333333333333 0.013888888888888888
2 0.5807291666666666 0.3162037037037037 0.005208333333333333 0.013888888888888888
2 0.5651041666666666 0.30462962962962964 0.005208333333333333 0.011111111111111112
2 0.5140625 0.30787037037037035 0.005208333333333333 0.012037037037037037
2 0.5067708333333333 0.29814814814814816 0.005208333333333333 0.009259259259259259
