0 0.142578125 0.7005208333333334 0.0927734375 0.14453125
1 0.95849609375 0.6884765625 0.080078125 0.13216145833333334
1 0.696044921875 0.490234375 0.03076171875 0.052083333333333336
0 0.3681640625 0.4931640625 0.0341796875 0.052734375
0 0.63134765625 0.4501953125 0.0166015625 0.030598958333333332
1 0.980224609375 0.5517578125 0.03759765625 0.06966145833333333
0 0.4296875 0.4488932291666667 0.0166015625 0.030598958333333332
1 0.600830078125 0.4326171875 0.01318359375 0.024088541666666668
1 0.755615234375 0.4602864583333333 0.01611328125 0.03125
1 0.5830078125 0.4235026041666667 0.009765625 0.017578125
0 0.4482421875 0.4309895833333333 0.0107421875 0.01953125
1 0.68017578125 0.4342447916666667 0.01171875 0.020833333333333332
1 0.64990234375 0.4248046875 0.0087890625 0.016276041666666668
0 0.96630859375 0.46875 0.0185546875 0.028645833333333332
0 0.832275390625 0.4410807291666667 0.01025390625 0.020182291666666668
0 0.79150390625 0.4296875 0.009765625 0.015625
0 0.75927734375 0.4244791666666667 0.0068359375 0.01171875
0 0.70751953125 0.4189453125 0.0048828125 0.011067708333333334
1 0.6279296875 0.4192708333333333 0.0078125 0.014322916666666666
1 0.59716796875 0.4186197916666667 0.009765625 0.013020833333333334
1 0.577392578125 0.4189453125 0.00732421875 0.014973958333333334
0 0.4912109375 0.4140625 0.0068359375 0.013020833333333334
0 0.454345703125 0.4222005208333333 0.00732421875 0.014973958333333334
0 0.554931640625 0.4117838541666667 0.00537109375 0.011067708333333334
0 0.458984375 0.4176432291666667 0.0068359375 0.013671875
