0 0.0775 0.8125 0.0725 0.23125
0 0.17375 0.546875 0.05 0.13125
1 0.5 0.475 0.04 0.075
1 0.42125 0.478125 0.0425 0.075
0 0.55 0.175 0.02 0.075
0 0.219375 0.4140625 0.02875 0.078125
1 0.484375 0.375 0.02375 0.05
1 0.071875 0.4171875 0.02875 0.065625
1 0.014375 0.4828125 0.02875 0.090625
0 0.51 0.375 0.0175 0.06875
1 0.104375 0.3734375 0.01875 0.053125
2 0.793125 0.3578125 0.02625 0.109375
0 0.470625 0.271875 0.01375 0.05625
1 0.523125 0.28125 0.01625 0.0625
0 0.223125 0.371875 0.01875 0.0625
0 0.223125 0.334375 0.01375 0.04375
1 0.409375 0.44375 0.03375 0.05625
0 0.39375 0.428125 0.0275 0.05625
1 0.46875 0.3640625 0.0125 0.059375
1 0.089375 0.3546875 0.01125 0.040625
0 0.23 0.30625 0.01 0.03125
1 0.435 0.265625 0.0125 0.04375
0 0.17125 0.3078125 0.01 0.028125
0 0.150625 0.315625 0.01375 0.03125
0 0.210625 0.353125 0.01125 0.04375
0 0.261875 0.3015625 0.00875 0.028125
1 0.12 0.325 0.0125 0.0375
1 0.1075 0.3375 0.0125 0.0375
1 0.045625 0.3265625 0.00875 0.034375
1 0.46875 0.109375 0.01 0.04375
0 0.29 0.3015625 0.0075 0.028125
0 0.2 0.3203125 0.0075 0.034375
0 0.2075 0.33125 0.0075 0.0375
1 0.2175 0.29375 0.0075 0.01875
