1 0.85302734375 0.5354817708333334 0.0341796875 0.06315104166666667
0 0.5712890625 0.4290364583333333 0.0224609375 0.03515625
0 0.427001953125 0.4921875 0.02197265625 0.053385416666666664
0 0.513427734375 0.447265625 0.02001953125 0.040364583333333336
1 0.724609375 0.4563802083333333 0.0146484375 0.032552083333333336
1 0.710693359375 0.4345703125 0.01220703125 0.026692708333333332
2 0.117919921875 0.4541015625 0.02880859375 0.027994791666666668
2 0.398193359375 0.4287109375 0.02197265625 0.018880208333333332
1 0.755859375 0.421875 0.009765625 0.01953125
0 0.676513671875 0.4166666666666667 0.00927734375 0.015625
0 0.627197265625 0.4189453125 0.00830078125 0.016276041666666668
2 0.614990234375 0.4111328125 0.00927734375 0.017578125
