1 0.20078125 0.4673611111111111 0.0359375 0.10138888888888889
1 0.645703125 0.39166666666666666 0.01640625 0.044444444444444446
1 0.365625 0.3388888888888889 0.0109375 0.030555555555555555
1 0.649609375 0.36527777777777776 0.01328125 0.03333333333333333
1 0.45234375 0.31319444444444444 0.0078125 0.020833333333333332
1 0.66953125 0.3527777777777778 0.015625 0.03333333333333333
1 0.7125 0.3527777777777778 0.0109375 0.027777777777777776
1 0.7203125 0.3263888888888889 0.0078125 0.016666666666666666
1 0.809375 0.3701388888888889 0.0078125 0.015277777777777777
1 0.70703125 0.32916666666666666 0.0078125 0.013888888888888888
1 0.542578125 0.3145833333333333 0.00859375 0.018055555555555554
1 0.63515625 0.3215277777777778 0.0078125 0.015277777777777777
1 0.982421875 0.7659722222222223 0.03203125 0.12638888888888888
