1 0.437255859375 0.4788411458333333 0.02294921875 0.038411458333333336
1 0.732421875 0.5068359375 0.02734375 0.048828125
1 0.48779296875 0.4518229166666667 0.017578125 0.02734375
1 0.512451171875 0.4345703125 0.01416015625 0.022786458333333332
1 0.810791015625 0.5813802083333334 0.04443359375 0.078125
1 0.6572265625 0.4287109375 0.0107421875 0.018880208333333332
1 0.648681640625 0.4143880208333333 0.00830078125 0.013671875
1 0.5390625 0.4212239583333333 0.0087890625 0.016927083333333332
1 0.831298828125 0.4479166666666667 0.01513671875 0.02734375
1 0.557861328125 0.4091796875 0.00634765625 0.013671875
1 0.56640625 0.4049479166666667 0.005859375 0.01171875
1 0.798583984375 0.4244791666666667 0.01025390625 0.016927083333333332
1 0.76953125 0.4091796875 0.0048828125 0.011067708333333334
1 0.63916015625 0.4036458333333333 0.0048828125 0.010416666666666666
1 0.74609375 0.4016927083333333 0.0048828125 0.0078125
1 0.92431640625 0.4205729166666667 0.0107421875 0.016927083333333332
