1 0.35400390625 0.5611979166666666 0.0439453125 0.06770833333333333
1 0.714111328125 0.5296223958333334 0.03564453125 0.057942708333333336
1 0.60595703125 0.4576822916666667 0.015625 0.02734375
1 0.45556640625 0.4388020833333333 0.0087890625 0.020833333333333332
1 0.576904296875 0.4348958333333333 0.01025390625 0.018229166666666668
1 0.467529296875 0.4267578125 0.00732421875 0.016276041666666668
1 0.657470703125 0.4313151041666667 0.00732421875 0.017578125
1 0.900390625 0.4833984375 0.017578125 0.031901041666666664
1 0.81982421875 0.421875 0.0068359375 0.01171875
1 0.90625 0.4449869791666667 0.0107421875 0.017578125
1 0.59765625 0.4137369791666667 0.0048828125 0.009765625
1 0.476318359375 0.4202473958333333 0.00634765625 0.012369791666666666
