2 0.77109375 0.7493055555555556 0.065625 0.1625
2 0.66171875 0.4576388888888889 0.021875 0.0763888888888889
1 0.43984375 0.3472222222222222 0.0125 0.03888888888888889
1 0.04296875 0.5138888888888888 0.03125 0.08888888888888889
1 0.720703125 0.3763888888888889 0.01171875 0.03333333333333333
0 0.426171875 0.3451388888888889 0.01484375 0.04027777777777778
1 0.696875 0.3347222222222222 0.0078125 0.016666666666666666
1 0.804296875 0.36527777777777776 0.00859375 0.022222222222222223
0 0.67890625 0.33194444444444443 0.0078125 0.013888888888888888
0 0.490625 0.3215277777777778 0.009375 0.02361111111111111
