1 0.61767578125 0.5152994791666666 0.0322265625 0.055338541666666664
1 0.43017578125 0.4563802083333333 0.0185546875 0.032552083333333336
0 0.184326171875 0.4869791666666667 0.01806640625 0.036458333333333336
0 0.05859375 0.8131510416666666 0.103515625 0.1640625
0 0.135009765625 0.6057942708333334 0.04736328125 0.083984375
1 0.36572265625 0.439453125 0.009765625 0.020833333333333332
0 0.21728515625 0.4326171875 0.0048828125 0.012369791666666666
0 0.205078125 0.45703125 0.0107421875 0.020833333333333332
0 0.213134765625 0.4443359375 0.00830078125 0.016276041666666668
1 0.308837890625 0.4235026041666667 0.00537109375 0.013671875
1 0.2919921875 0.4192708333333333 0.0048828125 0.010416666666666666
1 0.28515625 0.416015625 0.0048828125 0.009114583333333334
1 0.326416015625 0.4280598958333333 0.00830078125 0.016276041666666668
