1 0.893798828125 0.609375 0.05322265625 0.07682291666666667
0 0.291259765625 0.5416666666666666 0.04541015625 0.07161458333333333
0 0.4375 0.4837239583333333 0.025390625 0.046875
0 0.52392578125 0.4632161458333333 0.025390625 0.037109375
0 0.63671875 0.4401041666666667 0.017578125 0.020833333333333332
1 0.87841796875 0.4798177083333333 0.0185546875 0.032552083333333336
0 0.693603515625 0.4280598958333333 0.01318359375 0.021484375
1 0.876708984375 0.4537760416666667 0.01416015625 0.020833333333333332
0 0.751708984375 0.427734375 0.00830078125 0.014322916666666666
1 0.864013671875 0.4313151041666667 0.00830078125 0.016276041666666668
1 0.853759765625 0.4241536458333333 0.00732421875 0.012369791666666666
1 0.845947265625 0.4189453125 0.00537109375 0.011067708333333334
0 0.772705078125 0.4225260416666667 0.00732421875 0.01171875
