1 0.479296875 0.4527777777777778 0.01171875 0.027777777777777776
1 0.334765625 0.5263888888888889 0.02578125 0.05555555555555555
1 0.60234375 0.48055555555555557 0.0171875 0.044444444444444446
1 0.771484375 0.5555555555555556 0.03671875 0.08611111111111111
1 0.234765625 0.6625 0.05078125 0.1111111111111111
1 0.326171875 0.4888888888888889 0.00859375 0.030555555555555555
1 0.225 0.46458333333333335 0.0078125 0.020833333333333332
1 0.278515625 0.4673611111111111 0.00859375 0.02638888888888889
1 0.28984375 0.4465277777777778 0.0078125 0.018055555555555554
1 0.379296875 0.4444444444444444 0.00859375 0.022222222222222223
1 0.21796875 0.4527777777777778 0.0078125 0.016666666666666666
1 0.1703125 0.4666666666666667 0.0078125 0.019444444444444445
1 0.1359375 0.46944444444444444 0.0078125 0.019444444444444445
1 0.1234375 0.4638888888888889 0.0078125 0.016666666666666666
1 0.7203125 0.42291666666666666 0.0078125 0.015277777777777777
1 0.53671875 0.42083333333333334 0.0078125 0.013888888888888888
1 0.484375 0.41944444444444445 0.0078125 0.013888888888888888
1 0.58828125 0.425 0.0078125 0.013888888888888888
1 0.61171875 0.4222222222222222 0.0078125 0.013888888888888888
1 0.503125 0.42430555555555555 0.0078125 0.015277777777777777
1 0.07109375 0.48055555555555557 0.0078125 0.019444444444444445
