0 0.186279296875 0.5924479166666666 0.04345703125 0.078125
1 0.78662109375 0.5068359375 0.0234375 0.042317708333333336
1 0.833740234375 0.4775390625 0.01806640625 0.031901041666666664
0 0.480224609375 0.4840494791666667 0.01904296875 0.039713541666666664
1 0.713623046875 0.4632161458333333 0.01416015625 0.026692708333333332
1 0.768798828125 0.4560546875 0.01123046875 0.022786458333333332
1 0.733642578125 0.4459635416666667 0.00830078125 0.016927083333333332
1 0.971923828125 0.5309244791666666 0.02685546875 0.050130208333333336
0 0.5361328125 0.4501953125 0.009765625 0.021484375
0 0.554931640625 0.4378255208333333 0.00830078125 0.020182291666666668
1 0.68408203125 0.4456380208333333 0.0107421875 0.021484375
1 0.65673828125 0.4368489583333333 0.0087890625 0.016927083333333332
0 0.840087890625 0.4521484375 0.00634765625 0.017578125
0 0.91259765625 0.4645182291666667 0.0087890625 0.020182291666666668
1 0.634033203125 0.4322916666666667 0.00732421875 0.013020833333333334
1 0.70654296875 0.4397786458333333 0.0068359375 0.014973958333333334
0 0.713134765625 0.427734375 0.00537109375 0.013020833333333334
0 0.53564453125 0.4296875 0.0068359375 0.014322916666666666
1 0.67138671875 0.427734375 0.0048828125 0.01171875
0 0.480224609375 0.427734375 0.00634765625 0.01171875
1 0.46728515625 0.423828125 0.0048828125 0.010416666666666666
0 0.79248046875 0.443359375 0.0068359375 0.01171875
0 0.38427734375 0.4231770833333333 0.0048828125 0.010416666666666666
0 0.34912109375 0.4261067708333333 0.0048828125 0.009765625
0 0.4423828125 0.4270833333333333 0.0068359375 0.01171875
0 0.75830078125 0.435546875 0.0048828125 0.010416666666666666
1 0.6591796875 0.4248046875 0.005859375 0.009765625
1 0.647705078125 0.4208984375 0.00537109375 0.009765625
0 0.269775390625 0.4267578125 0.00537109375 0.009765625
1 0.686279296875 0.4319661458333333 0.00634765625 0.012369791666666666
0 0.703369140625 0.4248046875 0.00537109375 0.011067708333333334
0 0.2099609375 0.427734375 0.0048828125 0.010416666666666666
0 0.69482421875 0.4215494791666667 0.0048828125 0.008463541666666666
0 0.6865234375 0.4208984375 0.0048828125 0.007161458333333333
0 0.73291015625 0.4300130208333333 0.0048828125 0.011067708333333334
1 0.64208984375 0.4186197916666667 0.0048828125 0.0078125
