0 0.22375 0.5532094594594594 0.0525 0.08614864864864864
1 0.759375 0.47128378378378377 0.03375 0.060810810810810814
1 0.645 0.4197635135135135 0.0225 0.03885135135135135
0 0.38875 0.4282094594594595 0.02 0.03885135135135135
1 0.533125 0.4028716216216216 0.01625 0.028716216216216218
0 0.323125 0.41131756756756754 0.01375 0.02533783783783784
1 0.421875 0.39864864864864863 0.01375 0.02364864864864865
0 0.263125 0.40709459459459457 0.01375 0.02364864864864865
1 0.28125 0.39442567567567566 0.01 0.018581081081081082
1 0.22875 0.3952702702702703 0.01 0.02027027027027027
0 0.1375 0.40625 0.01 0.018581081081081082
0 0.07125 0.40709459459459457 0.01 0.016891891891891893
0 0.200625 0.40540540540540543 0.01125 0.02364864864864865
1 0.34875 0.39611486486486486 0.01 0.02195945945945946
