0 0.930625 0.71875 0.09375 0.3125
0 0.736875 0.4671875 0.05625 0.209375
1 0.054375 0.4671875 0.07375 0.221875
1 0.22125 0.3 0.0375 0.15
0 0.3075 0.4015625 0.05 0.165625
1 0.68125 0.36875 0.04 0.14375
0 0.378125 0.321875 0.03375 0.11875
1 0.77125 0.284375 0.0275 0.1
1 0.315 0.259375 0.0275 0.1
1 0.4825 0.26875 0.0225 0.0875
0 0.683125 0.23125 0.02375 0.0875
2 0.869375 0.2046875 0.01625 0.078125
0 0.9475 0.228125 0.0175 0.08125
0 0.72375 0.2125 0.015 0.06875
1 0.8325 0.2578125 0.02 0.084375
0 0.24 0.21875 0.025 0.0625
0 0.01375 0.915625 0.0275 0.1625
1 0.98875 0.209375 0.0175 0.0625
