2 0.128125 0.5337962962962963 0.04895833333333333 0.09537037037037037
2 0.35859375 0.43657407407407406 0.0296875 0.06759259259259259
2 0.6734375 0.37453703703703706 0.011458333333333333 0.028703703703703703
2 0.59296875 0.37546296296296294 0.0140625 0.03425925925925926
2 0.4114583333333333 0.34074074074074073 0.011458333333333333 0.025925925925925925
2 0.7791666666666667 0.3875 0.009375 0.023148148148148147
2 0.12786458333333334 0.37824074074074077 0.015104166666666667 0.032407407407407406
2 0.8903645833333333 0.4527777777777778 0.0109375 0.02962962962962963
2 0.8994791666666667 0.4310185185185185 0.009375 0.021296296296296296
2 0.21302083333333333 0.33564814814814814 0.010416666666666666 0.025
2 0.028385416666666666 0.375 0.013020833333333334 0.03333333333333333
2 0.8145833333333333 0.38472222222222224 0.007291666666666667 0.01574074074074074
2 0.9171875 0.4212962962962963 0.007291666666666667 0.018518518518518517
2 0.8359375 0.37962962962962965 0.009375 0.022222222222222223
2 0.8833333333333333 0.9351851851851852 0.09270833333333334 0.12407407407407407
2 0.8182291666666667 0.36666666666666664 0.005208333333333333 0.009259259259259259
2 0.8989583333333333 0.38796296296296295 0.005208333333333333 0.009259259259259259
2 0.1390625 0.3398148148148148 0.010416666666666666 0.020370370370370372
