1 0.696875 0.5715277777777777 0.0328125 0.07916666666666666
1 0.458203125 0.47638888888888886 0.01640625 0.03611111111111111
1 0.29375 0.54375 0.028125 0.05416666666666667
1 0.525390625 0.4534722222222222 0.01484375 0.034722222222222224
1 0.692578125 0.49166666666666664 0.01640625 0.03888888888888889
1 0.731640625 0.4486111111111111 0.00859375 0.025
1 0.5859375 0.42430555555555555 0.0078125 0.020833333333333332
1 0.560546875 0.4423611111111111 0.01015625 0.02638888888888889
1 0.60859375 0.4111111111111111 0.0078125 0.016666666666666666
1 0.65546875 0.4125 0.0078125 0.013888888888888888
