1 0.943359375 0.5686848958333334 0.044921875 0.07356770833333333
0 0.259521484375 0.5182291666666666 0.02685546875 0.052083333333333336
0 0.321044921875 0.4638671875 0.01904296875 0.033203125
1 0.62353515625 0.5061848958333334 0.02734375 0.048828125
1 0.538330078125 0.4534505208333333 0.01416015625 0.030598958333333332
1 0.706787109375 0.4759114583333333 0.01904296875 0.037760416666666664
1 0.623291015625 0.4456380208333333 0.01611328125 0.027994791666666668
1 0.41796875 0.4313151041666667 0.0107421875 0.018880208333333332
1 0.4912109375 0.4365234375 0.013671875 0.024088541666666668
1 0.57568359375 0.42578125 0.0107421875 0.018229166666666668
0 0.149169921875 0.4544270833333333 0.01123046875 0.020833333333333332
1 0.343994140625 0.4300130208333333 0.00927734375 0.016276041666666668
0 0.22509765625 0.4508463541666667 0.01171875 0.022786458333333332
0 0.8974609375 0.4700520833333333 0.0224609375 0.0390625
0 0.76416015625 0.4423828125 0.013671875 0.026692708333333332
0 0.67822265625 0.4235026041666667 0.009765625 0.020182291666666668
1 0.546875 0.4156901041666667 0.0078125 0.014973958333333334
0 0.303466796875 0.4508463541666667 0.01513671875 0.027994791666666668
1 0.633056640625 0.4127604166666667 0.00830078125 0.014322916666666666
1 0.525634765625 0.408203125 0.00634765625 0.01171875
0 0.224365234375 0.4358723958333333 0.00927734375 0.016276041666666668
0 0.6005859375 0.4065755208333333 0.0078125 0.012369791666666666
1 0.510986328125 0.4036458333333333 0.00732421875 0.01171875
1 0.5029296875 0.3987630208333333 0.0048828125 0.008463541666666666
0 0.583740234375 0.4029947916666667 0.00537109375 0.01171875
0 0.55859375 0.3968098958333333 0.0048828125 0.008463541666666666
0 0.548828125 0.3948567708333333 0.0048828125 0.008463541666666666
1 0.49658203125 0.396484375 0.0048828125 0.0078125
