2 0.27005208333333336 0.6328703703703704 0.049479166666666664 0.1287037037037037
2 0.3703125 0.44351851851851853 0.023958333333333335 0.05925925925925926
2 0.83828125 0.43287037037037035 0.022395833333333334 0.049074074074074076
2 0.6833333333333333 0.37453703703703706 0.014583333333333334 0.032407407407407406
2 0.5658854166666667 0.35648148148148145 0.011979166666666667 0.027777777777777776
2 0.32526041666666666 0.3921296296296296 0.013020833333333334 0.030555555555555555
2 0.2390625 0.3731481481481482 0.008333333333333333 0.024074074074074074
2 0.45 0.3490740740740741 0.008333333333333333 0.024074074074074074
2 0.86875 0.38101851851851853 0.010416666666666666 0.032407407407407406
2 0.3541666666666667 0.3439814814814815 0.007291666666666667 0.019444444444444445
