0 0.240625 0.6046875 0.06375 0.184375
0 0.34 0.3984375 0.025 0.084375
1 0.8475 0.4421875 0.0375 0.109375
1 0.795 0.3546875 0.0275 0.071875
2 0.718125 0.4515625 0.03625 0.103125
1 0.63875 0.3640625 0.0225 0.071875
1 0.74125 0.3203125 0.02 0.059375
2 0.3825 0.3484375 0.0225 0.065625
1 0.275625 0.36875 0.02375 0.075
1 0.629375 0.2640625 0.01125 0.040625
0 0.464375 0.30625 0.01125 0.04375
1 0.538125 0.278125 0.00875 0.0375
0 0.65625 0.3125 0.0125 0.05625
1 0.076875 0.1796875 0.03625 0.096875
