2 0.23333333333333334 0.45787037037037037 0.025 0.06388888888888888
2 0.3015625 0.3958333333333333 0.01875 0.04351851851851852
2 0.2630208333333333 0.3861111111111111 0.014583333333333334 0.03333333333333333
2 0.8276041666666667 0.4634259259259259 0.034375 0.09722222222222222
2 0.7315104166666667 0.44583333333333336 0.0234375 0.05462962962962963
2 0.5830729166666667 0.36435185185185187 0.009895833333333333 0.026851851851851852
2 0.75 0.39444444444444443 0.013541666666666667 0.03518518518518519
2 0.16953125 0.3912037037037037 0.0140625 0.032407407407407406
2 0.06302083333333333 0.4203703703703704 0.016666666666666666 0.037037037037037035
2 0.29661458333333335 0.34675925925925927 0.0067708333333333336 0.01574074074074074
2 0.159375 0.36944444444444446 0.007291666666666667 0.018518518518518517
2 0.42578125 0.3435185185185185 0.009895833333333333 0.020370370370370372
2 0.4119791666666667 0.31666666666666665 0.005208333333333333 0.011111111111111112
2 0.9075520833333334 0.41944444444444445 0.0171875 0.03518518518518519
2 0.6994791666666667 0.3351851851851852 0.007291666666666667 0.014814814814814815
2 0.7690104166666667 0.3439814814814815 0.0078125 0.01574074074074074
2 0.2799479166666667 0.33425925925925926 0.005729166666666666 0.012962962962962963
2 0.63203125 0.32916666666666666 0.005729166666666666 0.013888888888888888
2 0.8098958333333334 0.34305555555555556 0.007291666666666667 0.01574074074074074
2 0.004166666666666667 0.41064814814814815 0.008333333333333333 0.025
