1 0.22 0.4375 0.0475 0.16875
1 0.061875 0.3765625 0.03875 0.146875
0 0.129375 0.2546875 0.02625 0.084375
1 0.635 0.621875 0.07 0.25625
1 0.845625 0.2125 0.02625 0.09375
1 0.46875 0.265625 0.0375 0.06875
1 0.6775 0.1984375 0.025 0.084375
0 0.755625 0.1703125 0.02125 0.071875
0 0.148125 0.20625 0.01625 0.05625
0 0.87 0.1734375 0.025 0.078125
1 0.240625 0.2203125 0.02125 0.078125
0 0.020625 0.23125 0.01875 0.06875
1 0.62625 0.178125 0.0225 0.06875
1 0.4575 0.16875 0.015 0.05
0 0.494375 0.2 0.01625 0.08125
1 0.425625 0.1828125 0.01875 0.053125
2 0.370625 0.1546875 0.00875 0.040625
1 0.708125 0.1390625 0.00875 0.040625
0 0.53375 0.1578125 0.0125 0.040625
0 0.584375 0.1484375 0.01125 0.040625
0 0.20875 0.1734375 0.01 0.034375
1 0.0575 0.2015625 0.015 0.059375
1 0.111875 0.175 0.00875 0.0375
1 0.251875 0.2078125 0.01625 0.059375
1 0.69 0.1390625 0.01 0.040625
1 0.801875 0.1453125 0.01375 0.053125
1 0.94625 0.1359375 0.01 0.040625
1 0.57625 0.1671875 0.015 0.034375
0 0.27875 0.1734375 0.0125 0.046875
0 0.361875 0.1578125 0.00875 0.040625
0 0.07 0.1890625 0.015 0.053125
0 0.8475 0.13125 0.0125 0.04375
