0 0.380078125 0.5576388888888889 0.02421875 0.0763888888888889
0 0.131640625 0.5868055555555556 0.01953125 0.05694444444444444
1 0.416796875 0.55 0.02265625 0.075
0 0.33125 0.46597222222222223 0.009375 0.020833333333333332
1 0.64765625 0.425 0.0109375 0.027777777777777776
1 0.816796875 0.5083333333333333 0.02734375 0.06666666666666667
1 0.476171875 0.44375 0.01015625 0.02638888888888889
0 0.466015625 0.4465277777777778 0.00859375 0.02638888888888889
1 0.58203125 0.3972222222222222 0.0078125 0.013888888888888888
1 0.49375 0.42083333333333334 0.0078125 0.022222222222222223
0 0.48671875 0.4201388888888889 0.0078125 0.018055555555555554
