0 0.640625 0.5472972972972973 0.07375 0.14527027027027026
0 0.493125 0.5278716216216216 0.06125 0.1097972972972973
0 0.348125 0.5076013513513513 0.03625 0.07263513513513513
1 0.40625 0.4890202702702703 0.0175 0.03885135135135135
1 0.275625 0.4856418918918919 0.01875 0.04222972972972973
0 0.69875 0.5 0.02 0.037162162162162164
0 0.745625 0.5 0.01875 0.033783783783783786
0 0.794375 0.5008445945945946 0.01375 0.02533783783783784
1 0.558125 0.4890202702702703 0.01625 0.03209459459459459
0 0.37125 0.49493243243243246 0.0275 0.057432432432432436
1 0.15875 0.4856418918918919 0.0275 0.048986486486486486
1 0.04375 0.4873310810810811 0.035 0.05574324324324324
1 0.573125 0.4890202702702703 0.00875 0.02195945945945946
0 0.769375 0.49915540540540543 0.01125 0.028716216216216218
1 0.22625 0.47466216216216217 0.01 0.02364864864864865
1 0.29375 0.47635135135135137 0.0125 0.02364864864864865
