1 0.42421875 0.5270833333333333 0.0125 0.034722222222222224
1 0.219140625 0.6638888888888889 0.03671875 0.09722222222222222
1 0.58671875 0.5097222222222222 0.0078125 0.030555555555555555
1 0.461328125 0.4986111111111111 0.00859375 0.016666666666666666
1 0.5734375 0.49027777777777776 0.0078125 0.016666666666666666
1 0.561328125 0.4756944444444444 0.00859375 0.018055555555555554
1 0.52734375 0.46805555555555556 0.0078125 0.013888888888888888
1 0.473828125 0.48333333333333334 0.00859375 0.013888888888888888
1 0.4203125 0.48194444444444445 0.0078125 0.013888888888888888
1 0.4671875 0.4777777777777778 0.0078125 0.013888888888888888
1 0.33359375 0.4930555555555556 0.0078125 0.013888888888888888
