1 0.348388671875 0.5048828125 0.02783203125 0.048828125
0 0.47021484375 0.4690755208333333 0.0234375 0.035807291666666664
0 0.54736328125 0.4521484375 0.01953125 0.030598958333333332
1 0.884033203125 0.4772135416666667 0.01611328125 0.02734375
1 0.90576171875 0.5699869791666666 0.041015625 0.07356770833333333
0 0.780029296875 0.4293619791666667 0.00830078125 0.012369791666666666
1 0.8974609375 0.455078125 0.009765625 0.01953125
0 0.6611328125 0.4378255208333333 0.0126953125 0.021484375
0 0.7138671875 0.4293619791666667 0.0107421875 0.016276041666666668
1 0.90380859375 0.4449869791666667 0.009765625 0.017578125
1 0.89208984375 0.4280598958333333 0.0087890625 0.013671875
