2 0.351171875 0.6340277777777777 0.03046875 0.08472222222222223
1 0.01484375 0.6430555555555556 0.021875 0.06388888888888888
1 0.2328125 0.5 0.0078125 0.025
1 0.501953125 0.44375 0.00703125 0.020833333333333332
1 0.283984375 0.4673611111111111 0.00703125 0.018055555555555554
1 0.712890625 0.53125 0.01953125 0.05694444444444444
0 0.378125 0.4652777777777778 0.0078125 0.022222222222222223
1 0.45078125 0.42777777777777776 0.0078125 0.016666666666666666
0 0.30859375 0.4527777777777778 0.0078125 0.013888888888888888
0 0.32421875 0.44305555555555554 0.0078125 0.013888888888888888
1 0.903125 0.40069444444444446 0.0078125 0.02638888888888889
