1 0.7578125 0.4973958333333333 0.0224609375 0.046875
1 0.683837890625 0.4479166666666667 0.01416015625 0.028645833333333332
0 0.3720703125 0.4720052083333333 0.0185546875 0.03515625
0 0.42724609375 0.4342447916666667 0.01171875 0.024739583333333332
0 0.516357421875 0.4137369791666667 0.00732421875 0.016276041666666668
1 0.703125 0.412109375 0.0087890625 0.015625
1 0.717529296875 0.4033203125 0.00732421875 0.013671875
0 0.595947265625 0.3997395833333333 0.00634765625 0.013020833333333334
1 0.747314453125 0.3971354166666667 0.00537109375 0.010416666666666666
0 0.65283203125 0.3916015625 0.0048828125 0.009765625
1 0.683837890625 0.4274088541666667 0.01025390625 0.020182291666666668
