1 0.080859375 0.7770833333333333 0.05859375 0.14305555555555555
1 0.391796875 0.51875 0.02265625 0.05416666666666667
1 0.947265625 0.7541666666666667 0.06015625 0.14444444444444443
1 0.7765625 0.5652777777777778 0.0265625 0.07222222222222222
1 0.54140625 0.4652777777777778 0.0140625 0.03333333333333333
1 0.76875 0.49722222222222223 0.015625 0.041666666666666664
1 0.82109375 0.4409722222222222 0.0078125 0.018055555555555554
1 0.92734375 0.4513888888888889 0.0078125 0.016666666666666666
1 0.906640625 0.46041666666666664 0.00859375 0.02361111111111111
1 0.828515625 0.4652777777777778 0.01328125 0.027777777777777776
1 0.703515625 0.4444444444444444 0.00859375 0.019444444444444445
1 0.99140625 0.4666666666666667 0.0078125 0.022222222222222223
