1 0.61375 0.6171875 0.0475 0.178125
1 0.435625 0.4109375 0.02125 0.071875
1 0.435625 0.46875 0.02875 0.09375
0 0.61625 0.3859375 0.02 0.071875
1 0.495625 0.35625 0.01375 0.05625
1 0.5975 0.3078125 0.01 0.040625
2 0.140625 0.721875 0.09375 0.175
0 0.635625 0.2953125 0.00875 0.034375
2 0.67 0.2953125 0.01 0.040625
0 0.55125 0.3265625 0.0125 0.046875
0 0.66125 0.3265625 0.0125 0.046875
0 0.754375 0.2734375 0.01125 0.040625
0 0.504375 0.346875 0.01375 0.05
0 0.696875 0.284375 0.00875 0.03125
0 0.72625 0.290625 0.0075 0.0375
0 0.803125 0.2609375 0.01125 0.040625
0 0.9 0.2453125 0.0075 0.034375
