1 0.647216796875 0.53125 0.03173828125 0.059895833333333336
1 0.371337890625 0.474609375 0.01708984375 0.036458333333333336
1 0.5849609375 0.4674479166666667 0.017578125 0.033854166666666664
1 0.42236328125 0.4456380208333333 0.013671875 0.027994791666666668
1 0.46337890625 0.4235026041666667 0.01171875 0.020182291666666668
1 0.138671875 0.4625651041666667 0.0126953125 0.022786458333333332
1 0.319580078125 0.4375 0.01025390625 0.020833333333333332
1 0.536865234375 0.4176432291666667 0.00634765625 0.013671875
1 0.5458984375 0.42578125 0.0087890625 0.015625
1 0.35986328125 0.4176432291666667 0.0087890625 0.014973958333333334
1 0.32568359375 0.4137369791666667 0.0078125 0.012369791666666666
1 0.245361328125 0.423828125 0.00830078125 0.014322916666666666
1 0.476318359375 0.408203125 0.00537109375 0.010416666666666666
1 0.52783203125 0.4049479166666667 0.0048828125 0.009114583333333334
1 0.47998046875 0.4010416666666667 0.0048828125 0.009114583333333334
1 0.010986328125 0.5315755208333334 0.02099609375 0.055338541666666664
1 0.19287109375 0.4205729166666667 0.0068359375 0.01171875
1 0.46728515625 0.3977864583333333 0.0048828125 0.009114583333333334
1 0.181396484375 0.4137369791666667 0.00537109375 0.011067708333333334
1 0.142578125 0.4280598958333333 0.0068359375 0.011067708333333334
1 0.267578125 0.4075520833333333 0.0048828125 0.010416666666666666
