1 0.94677734375 0.7109375 0.068359375 0.1328125
1 0.763427734375 0.4996744791666667 0.02587890625 0.046223958333333336
0 0.255126953125 0.5286458333333334 0.03564453125 0.05078125
0 0.485595703125 0.4544270833333333 0.02197265625 0.033854166666666664
1 0.880615234375 0.478515625 0.02685546875 0.03125
0 0.652587890625 0.4381510416666667 0.01611328125 0.028645833333333332
0 0.721923828125 0.4329427083333333 0.01318359375 0.020833333333333332
0 0.7783203125 0.431640625 0.0107421875 0.01953125
0 0.893798828125 0.4332682291666667 0.01416015625 0.014973958333333334
0 0.975341796875 0.4339192708333333 0.01123046875 0.018880208333333332
