2 0.34088541666666666 0.4824074074074074 0.028645833333333332 0.07592592592592592
2 0.7028645833333333 0.46574074074074073 0.028645833333333332 0.07222222222222222
2 0.63203125 0.37916666666666665 0.013020833333333334 0.03611111111111111
2 0.5614583333333333 0.33425925925925926 0.009375 0.024074074074074074
2 0.42239583333333336 0.38287037037037036 0.013541666666666667 0.03611111111111111
2 0.5921875 0.34629629629629627 0.009375 0.024074074074074074
2 0.42552083333333335 0.3333333333333333 0.007291666666666667 0.018518518518518517
2 0.44817708333333334 0.3453703703703704 0.008854166666666666 0.024074074074074074
2 0.38984375 0.3333333333333333 0.008854166666666666 0.018518518518518517
2 0.5255208333333333 0.3212962962962963 0.005208333333333333 0.018518518518518517
2 0.45364583333333336 0.33935185185185185 0.00625 0.019444444444444445
