1 0.71044921875 0.595703125 0.0458984375 0.07421875
0 0.1455078125 0.7291666666666666 0.072265625 0.1171875
0 0.1064453125 0.5501302083333334 0.029296875 0.04296875
0 0.10791015625 0.7688802083333334 0.0869140625 0.13671875
1 0.2939453125 0.5006510416666666 0.017578125 0.029947916666666668
0 0.11767578125 0.603515625 0.0419921875 0.06901041666666667
1 0.1259765625 0.5078125 0.015625 0.03125
1 0.47265625 0.51953125 0.0234375 0.036458333333333336
2 0.68896484375 0.4544270833333333 0.0068359375 0.013020833333333334
2 0.77734375 0.458984375 0.005859375 0.014322916666666666
2 0.75048828125 0.4635416666666667 0.0068359375 0.015625
2 0.8310546875 0.4583333333333333 0.005859375 0.013020833333333334
2 0.79248046875 0.453125 0.0068359375 0.013020833333333334
2 0.7685546875 0.4524739583333333 0.005859375 0.01171875
2 0.720703125 0.4596354166666667 0.005859375 0.013020833333333334
2 0.87939453125 0.45703125 0.0068359375 0.013020833333333334
2 0.92626953125 0.458984375 0.0068359375 0.014322916666666666
2 0.8544921875 0.462890625 0.0078125 0.014322916666666666
2 0.9501953125 0.4602864583333333 0.005859375 0.014322916666666666
