2 0.3177083333333333 0.48148148148148145 0.03125 0.07222222222222222
2 0.4661458333333333 0.37777777777777777 0.014583333333333334 0.03518518518518519
2 0.47369791666666666 0.34675925925925927 0.008854166666666666 0.021296296296296296
2 0.7697916666666667 0.48194444444444445 0.020833333333333332 0.05462962962962963
2 0.6510416666666666 0.3925925925925926 0.014583333333333334 0.03518518518518519
2 0.60546875 0.3541666666666667 0.0109375 0.026851851851851852
2 0.5395833333333333 0.3162037037037037 0.005208333333333333 0.017592592592592594
2 0.5596354166666667 0.325 0.005729166666666666 0.014814814814814815
2 0.5817708333333333 0.33611111111111114 0.005208333333333333 0.016666666666666666
2 0.475 0.3300925925925926 0.00625 0.01574074074074074
