2 0.202392578125 0.5888671875 0.06298828125 0.14127604166666666
0 0.31201171875 0.5211588541666666 0.0263671875 0.055338541666666664
2 0.056396484375 0.7275390625 0.10595703125 0.228515625
2 0.790771484375 0.6057942708333334 0.07470703125 0.16080729166666666
2 0.9091796875 0.6998697916666666 0.0908203125 0.20963541666666666
0 0.386962890625 0.4583333333333333 0.01708984375 0.03125
1 0.6669921875 0.5052083333333334 0.0234375 0.05078125
1 0.599609375 0.4596354166666667 0.015625 0.032552083333333336
1 0.5576171875 0.4241536458333333 0.009765625 0.020182291666666668
1 0.5341796875 0.4065755208333333 0.005859375 0.012369791666666666
0 0.427734375 0.4225260416666667 0.0107421875 0.022135416666666668
1 0.543701171875 0.4134114583333333 0.00830078125 0.015625
1 0.526123046875 0.4007161458333333 0.00537109375 0.012369791666666666
0 0.4423828125 0.4108072916666667 0.0078125 0.015625
0 0.44775390625 0.4055989583333333 0.0048828125 0.01171875
1 0.5205078125 0.3922526041666667 0.0048828125 0.008463541666666666
1 0.51611328125 0.3883463541666667 0.0048828125 0.008463541666666666
0 0.45361328125 0.400390625 0.005859375 0.010416666666666666
