1 0.286328125 0.5173611111111112 0.01796875 0.04583333333333333
1 0.14375 0.8819444444444444 0.0875 0.23333333333333334
1 0.581640625 0.5104166666666666 0.02109375 0.05138888888888889
1 0.48671875 0.48055555555555557 0.0109375 0.030555555555555555
1 0.246875 0.5743055555555555 0.0265625 0.07916666666666666
1 0.5125 0.49375 0.0125 0.034722222222222224
1 0.4375 0.46597222222222223 0.0078125 0.015277777777777777
1 0.32265625 0.49166666666666664 0.0109375 0.027777777777777776
1 0.54765625 0.45694444444444443 0.0078125 0.013888888888888888
1 0.53359375 0.4423611111111111 0.0078125 0.015277777777777777
