1 0.425537109375 0.4560546875 0.01318359375 0.031901041666666664
1 0.5947265625 0.4853515625 0.0234375 0.046223958333333336
1 0.411376953125 0.4388020833333333 0.01220703125 0.0234375
1 0.862060546875 0.5367838541666666 0.03173828125 0.06315104166666667
0 0.1240234375 0.529296875 0.02734375 0.05078125
0 0.178466796875 0.4664713541666667 0.01318359375 0.026692708333333332
0 0.23291015625 0.4440104166666667 0.009765625 0.020833333333333332
0 0.36572265625 0.4212239583333333 0.005859375 0.013020833333333334
1 0.60205078125 0.4156901041666667 0.0068359375 0.014973958333333334
0 0.2978515625 0.4306640625 0.0087890625 0.016276041666666668
0 0.46826171875 0.4140625 0.0068359375 0.014322916666666666
1 0.514404296875 0.4244791666666667 0.00927734375 0.018229166666666668
0 0.582275390625 0.4085286458333333 0.00537109375 0.011067708333333334
1 0.734619140625 0.4137369791666667 0.00830078125 0.014973958333333334
0 0.724365234375 0.404296875 0.00537109375 0.010416666666666666
1 0.875732421875 0.4147135416666667 0.00927734375 0.014322916666666666
0 0.846923828125 0.4046223958333333 0.00732421875 0.013671875
