0 0.68625 0.5143581081081081 0.05 0.10304054054054054
0 0.516875 0.5008445945945946 0.03625 0.07601351351351351
0 0.42 0.48986486486486486 0.03 0.060810810810810814
0 0.345 0.4839527027027027 0.0275 0.052364864864864864
1 0.095625 0.535472972972973 0.09875 0.15202702702702703
1 0.04125 0.4907094594594595 0.0425 0.08277027027027027
0 0.244375 0.4780405405405405 0.02375 0.0472972972972973
2 0.5575 0.4864864864864865 0.0225 0.04054054054054054
0 0.584375 0.4847972972972973 0.02375 0.04391891891891892
0 0.97125 0.549831081081081 0.055 0.16047297297297297
1 0.5625 0.44256756756756754 0.0225 0.04391891891891892
0 0.1375 0.4721283783783784 0.0225 0.04222972972972973
