2 0.9729166666666667 0.6231481481481481 0.041666666666666664 0.09814814814814815
2 0.7864583333333334 0.44305555555555554 0.017708333333333333 0.04537037037037037
2 0.7278645833333334 0.3837962962962963 0.0109375 0.028703703703703703
2 0.5565104166666667 0.4111111111111111 0.0203125 0.04814814814814815
2 0.29791666666666666 0.5861111111111111 0.04895833333333333 0.12777777777777777
2 0.57734375 0.36435185185185187 0.0109375 0.026851851851851852
2 0.5825520833333333 0.3421296296296296 0.0067708333333333336 0.019444444444444445
2 0.7013020833333333 0.3574074074074074 0.0078125 0.020370370370370372
2 0.67734375 0.3421296296296296 0.005729166666666666 0.013888888888888888
2 0.6544270833333333 0.3314814814814815 0.005729166666666666 0.012962962962962963
2 0.334375 0.30277777777777776 0.005208333333333333 0.009259259259259259
2 0.56015625 0.3226851851851852 0.0078125 0.01574074074074074
2 0.7348958333333333 0.3277777777777778 0.00625 0.014814814814814815
2 0.34739583333333335 0.3106481481481482 0.005208333333333333 0.012037037037037037
2 0.6276041666666666 0.32314814814814813 0.00625 0.012962962962962963
2 0.4166666666666667 0.30694444444444446 0.00625 0.017592592592592594
2 0.49635416666666665 0.3148148148148148 0.005208333333333333 0.009259259259259259
