1 0.01318359375 0.4518229166666667 0.0126953125 0.018229166666666668
1 0.11474609375 0.435546875 0.0107421875 0.015625
1 0.18310546875 0.4241536458333333 0.0078125 0.012369791666666666
0 0.07958984375 0.4560546875 0.0126953125 0.021484375
0 0.26318359375 0.4225260416666667 0.0048828125 0.009114583333333334
0 0.16796875 0.4401041666666667 0.009765625 0.015625
1 0.22705078125 0.4166666666666667 0.0048828125 0.010416666666666666
0 0.224853515625 0.4290364583333333 0.00634765625 0.013020833333333334
1 0.259765625 0.4108072916666667 0.0048828125 0.0078125
0 0.30029296875 0.4147135416666667 0.0048828125 0.006510416666666667
