1 0.795703125 0.5743055555555555 0.03359375 0.07916666666666666
1 0.195703125 0.7333333333333333 0.05703125 0.11388888888888889
1 0.279296875 0.5736111111111111 0.02578125 0.06944444444444445
1 0.416796875 0.4638888888888889 0.01171875 0.027777777777777776
1 0.219921875 0.4909722222222222 0.00859375 0.029166666666666667
1 0.55234375 0.4888888888888889 0.015625 0.04722222222222222
1 0.2703125 0.5034722222222222 0.0125 0.0375
1 0.313671875 0.4618055555555556 0.00859375 0.029166666666666667
1 0.23359375 0.4701388888888889 0.0078125 0.020833333333333332
1 0.06484375 0.5055555555555555 0.0078125 0.019444444444444445
1 0.131640625 0.49722222222222223 0.01015625 0.022222222222222223
1 0.165234375 0.49375 0.01015625 0.02361111111111111
1 0.134375 0.48333333333333334 0.0078125 0.016666666666666666
1 0.691015625 0.43194444444444446 0.00859375 0.022222222222222223
1 0.7140625 0.42291666666666666 0.0078125 0.018055555555555554
1 0.58125 0.42916666666666664 0.0078125 0.022222222222222223
1 0.619921875 0.42083333333333334 0.00859375 0.019444444444444445
1 0.49296875 0.42777777777777776 0.0078125 0.022222222222222223
1 0.034375 0.5034722222222222 0.0078125 0.018055555555555554
1 0.55703125 0.41875 0.0078125 0.018055555555555554
1 0.51640625 0.41458333333333336 0.0078125 0.018055555555555554
1 0.85 0.4395833333333333 0.009375 0.020833333333333332
1 0.85078125 0.42291666666666666 0.0078125 0.018055555555555554
1 0.46171875 0.42569444444444443 0.0078125 0.015277777777777777
1 0.45546875 0.425 0.0078125 0.013888888888888888
