0 0.64 0.528125 0.035 0.13125
1 0.805625 0.8140625 0.08125 0.253125
1 0.4675 0.3671875 0.0175 0.065625
1 0.323125 0.49375 0.03375 0.1125
2 0.315 0.6796875 0.055 0.178125
1 0.603125 0.346875 0.01875 0.05
0 0.3525 0.415625 0.02 0.075
1 0.34375 0.3578125 0.0175 0.059375
0 0.4225 0.3234375 0.015 0.040625
1 0.461875 0.303125 0.01125 0.04375
0 0.643125 0.284375 0.02125 0.06875
1 0.60625 0.3109375 0.0175 0.028125
1 0.59375 0.2890625 0.0125 0.028125
0 0.399375 0.109375 0.01625 0.05625
0 0.4925 0.2921875 0.0075 0.034375
1 0.564375 0.275 0.00875 0.03125
0 0.52375 0.2828125 0.0075 0.034375
