0 0.0525 0.6317567567567568 0.07 0.125
0 0.270625 0.4873310810810811 0.03375 0.06587837837837837
1 0.659375 0.4189189189189189 0.02375 0.04054054054054054
1 0.75375 0.46368243243243246 0.0325 0.05912162162162162
0 0.33625 0.42736486486486486 0.02 0.04054054054054054
0 0.369375 0.4028716216216216 0.01375 0.028716216216216218
1 0.606875 0.39864864864864863 0.01375 0.030405405405405407
1 0.579375 0.3842905405405405 0.01125 0.02195945945945946
0 0.408125 0.37753378378378377 0.00875 0.018581081081081082
1 0.553125 0.37753378378378377 0.00875 0.018581081081081082
0 0.385625 0.38344594594594594 0.00875 0.02027027027027027
1 0.509375 0.3716216216216216 0.00875 0.013513513513513514
