1 0.908203125 0.65 0.04296875 0.11388888888888889
1 0.648828125 0.4048611111111111 0.02265625 0.05694444444444444
1 0.324609375 0.4027777777777778 0.03203125 0.06944444444444445
1 0.56953125 0.34930555555555554 0.015625 0.04583333333333333
1 0.3375 0.3375 0.0171875 0.03888888888888889
1 0.359375 0.30833333333333335 0.0125 0.027777777777777776
1 0.541015625 0.325 0.01171875 0.03333333333333333
1 0.58984375 0.3111111111111111 0.0078125 0.025
1 0.418359375 0.29305555555555557 0.00859375 0.019444444444444445
1 0.49921875 0.2875 0.0078125 0.013888888888888888
1 0.5796875 0.2916666666666667 0.0078125 0.013888888888888888
