1 0.346875 0.5326388888888889 0.025 0.05138888888888889
1 0.3484375 0.6145833333333334 0.028125 0.08194444444444444
1 0.7234375 0.5361111111111111 0.0296875 0.06388888888888888
1 0.553125 0.48541666666666666 0.01875 0.043055555555555555
1 0.3375 0.5069444444444444 0.015625 0.03888888888888889
1 0.43046875 0.46111111111111114 0.0109375 0.027777777777777776
1 0.2921875 0.4930555555555556 0.0140625 0.030555555555555555
1 0.259375 0.4625 0.0078125 0.019444444444444445
1 0.185546875 0.4979166666666667 0.00859375 0.02361111111111111
1 0.12890625 0.5069444444444444 0.0078125 0.022222222222222223
1 0.24296875 0.48680555555555555 0.0078125 0.020833333333333332
1 0.2921875 0.4625 0.0078125 0.016666666666666666
1 0.33515625 0.4618055555555556 0.0078125 0.020833333333333332
