1 0.202734375 0.7625 0.04296875 0.11944444444444445
1 0.315625 0.5548611111111111 0.015625 0.04027777777777778
1 0.725390625 0.6548611111111111 0.04609375 0.10416666666666667
1 0.53359375 0.5104166666666666 0.015625 0.04027777777777778
1 0.858984375 0.44583333333333336 0.01015625 0.025
1 0.487890625 0.46875 0.01015625 0.02361111111111111
1 0.348046875 0.48194444444444445 0.00859375 0.022222222222222223
1 0.790234375 0.42569444444444443 0.00703125 0.018055555555555554
1 0.958203125 0.43333333333333335 0.00859375 0.022222222222222223
1 0.91484375 0.42291666666666666 0.0078125 0.020833333333333332
1 0.898046875 0.4131944444444444 0.00703125 0.018055555555555554
