1 0.7509765625 0.52734375 0.0283203125 0.059895833333333336
1 0.89111328125 0.5074869791666666 0.02734375 0.050130208333333336
1 0.64208984375 0.4547526041666667 0.017578125 0.033203125
0 0.366455078125 0.5286458333333334 0.03076171875 0.0625
1 0.60595703125 0.4306640625 0.0126953125 0.022786458333333332
0 0.41943359375 0.4609375 0.01953125 0.032552083333333336
0 0.445068359375 0.4332682291666667 0.01123046875 0.020182291666666668
1 0.65869140625 0.4222005208333333 0.009765625 0.017578125
1 0.717041015625 0.4427083333333333 0.01318359375 0.028645833333333332
1 0.5869140625 0.4189453125 0.009765625 0.017578125
1 0.57373046875 0.4130859375 0.0078125 0.013671875
1 0.7900390625 0.4270833333333333 0.0107421875 0.022135416666666668
0 0.73291015625 0.4156901041666667 0.0087890625 0.014973958333333334
0 0.71875 0.412109375 0.0078125 0.014322916666666666
1 0.613525390625 0.4098307291666667 0.00732421875 0.013671875
0 0.462646484375 0.4192708333333333 0.00927734375 0.018229166666666668
1 0.6279296875 0.4137369791666667 0.0078125 0.014973958333333334
1 0.5654296875 0.4088541666666667 0.0068359375 0.013020833333333334
0 0.8798828125 0.4479166666666667 0.015625 0.026041666666666668
0 0.702880859375 0.41015625 0.00634765625 0.01171875
0 0.5458984375 0.4026692708333333 0.0048828125 0.008463541666666666
0 0.667236328125 0.4072265625 0.00537109375 0.009765625
1 0.603271484375 0.4075520833333333 0.00634765625 0.010416666666666666
1 0.607421875 0.4055989583333333 0.0048828125 0.010416666666666666
0 0.495849609375 0.4046223958333333 0.00537109375 0.009765625
1 0.57763671875 0.4055989583333333 0.0068359375 0.010416666666666666
0 0.46923828125 0.4124348958333333 0.0048828125 0.014973958333333334
