1 0.31328125 0.5222222222222223 0.021875 0.07222222222222222
1 0.6140625 0.44583333333333336 0.0203125 0.05277777777777778
1 0.2875 0.4625 0.0125 0.03611111111111111
1 0.23203125 0.45625 0.0125 0.034722222222222224
1 0.2609375 0.42569444444444443 0.0078125 0.02361111111111111
1 0.940625 0.4222222222222222 0.0140625 0.03888888888888889
1 0.1140625 0.47291666666666665 0.0109375 0.029166666666666667
1 0.169140625 0.4583333333333333 0.01171875 0.025
1 0.34609375 0.4166666666666667 0.0109375 0.027777777777777776
1 0.775390625 0.3972222222222222 0.01171875 0.03333333333333333
1 0.655859375 0.38472222222222224 0.01015625 0.027777777777777776
1 0.848046875 0.3840277777777778 0.01015625 0.029166666666666667
