1 0.243125 0.5109375 0.04875 0.128125
1 0.361875 0.39375 0.02625 0.08125
1 0.675 0.4078125 0.035 0.096875
0 0.908125 0.890625 0.10875 0.20625
0 0.464375 0.31875 0.01375 0.04375
0 0.670625 0.315625 0.01875 0.05625
1 0.718125 0.2921875 0.01625 0.053125
1 0.755625 0.26875 0.01375 0.0375
1 0.541875 0.278125 0.01125 0.04375
1 0.63875 0.2515625 0.01 0.046875
1 0.67125 0.2453125 0.0125 0.040625
0 0.57625 0.265625 0.01 0.0375
1 0.805625 0.2453125 0.01125 0.034375
0 0.925 0.278125 0.0175 0.0375
