0 0.870625 0.89375 0.11625 0.1875
1 0.146875 0.8015625 0.10375 0.228125
1 0.316875 0.5125 0.03875 0.11875
1 0.66 0.4109375 0.0325 0.090625
0 0.76125 0.5375 0.0475 0.1375
1 0.375625 0.425 0.03375 0.05625
0 0.44375 0.346875 0.0125 0.05
0 0.1225 0.35 0.0425 0.125
1 0.620625 0.3390625 0.01875 0.071875
0 0.575 0.2859375 0.0125 0.046875
0 0.481875 0.3078125 0.01625 0.053125
0 0.610625 0.309375 0.01125 0.05
1 0.58875 0.284375 0.0125 0.05
1 0.13375 0.534375 0.045 0.0875
0 0.5975 0.2953125 0.0125 0.046875
