2 0.609375 0.37777777777777777 0.021875 0.053703703703703705
2 0.3536458333333333 0.39814814814814814 0.019791666666666666 0.05185185185185185
2 0.30859375 0.4393518518518518 0.0265625 0.062037037037037036
2 0.328125 0.3699074074074074 0.015625 0.03981481481481482
2 0.6924479166666667 0.45 0.028645833333333332 0.07592592592592592
2 0.27760416666666665 0.3662037037037037 0.014583333333333334 0.041666666666666664
2 0.5421875 0.33564814814814814 0.0125 0.03611111111111111
2 0.44635416666666666 0.3194444444444444 0.0125 0.03333333333333333
2 0.22161458333333334 0.3638888888888889 0.013020833333333334 0.03148148148148148
2 0.10260416666666666 0.3699074074074074 0.008333333333333333 0.026851851851851852
2 0.290625 0.31851851851851853 0.008333333333333333 0.024074074074074074
2 0.74921875 0.32037037037037036 0.013020833333333334 0.020370370370370372
2 0.0049479166666666664 0.387037037037037 0.008854166666666666 0.025925925925925925
2 0.80078125 0.3476851851851852 0.009895833333333333 0.025
2 0.7739583333333333 0.33055555555555555 0.008333333333333333 0.03148148148148148
2 0.6403645833333333 0.3023148148148148 0.005729166666666666 0.019444444444444445
2 0.6783854166666666 0.2986111111111111 0.005729166666666666 0.019444444444444445
2 0.16354166666666667 0.33564814814814814 0.008333333333333333 0.021296296296296296
2 0.05390625 0.3523148148148148 0.005729166666666666 0.017592592592592594
2 0.6283854166666667 0.2898148148148148 0.005729166666666666 0.016666666666666666
2 0.87578125 0.34120370370370373 0.0078125 0.023148148148148147
2 0.7229166666666667 0.3055555555555556 0.005208333333333333 0.022222222222222223
2 0.8494791666666667 0.33101851851851855 0.007291666666666667 0.023148148148148147
2 0.8903645833333333 0.3476851851851852 0.0078125 0.025
2 0.8263020833333333 0.32083333333333336 0.0078125 0.019444444444444445
2 0.80859375 0.3143518518518518 0.0078125 0.019444444444444445
