2 0.3736979166666667 0.4648148148148148 0.0328125 0.07222222222222222
2 0.3796875 0.3907407407407407 0.01875 0.04259259259259259
2 0.8346354166666666 0.4847222222222222 0.030729166666666665 0.06944444444444445
2 0.7174479166666666 0.37453703703703706 0.018229166666666668 0.03425925925925926
2 0.31354166666666666 0.3680555555555556 0.0125 0.032407407407407406
2 0.6033854166666667 0.3421296296296296 0.0109375 0.028703703703703703
2 0.40625 0.3337962962962963 0.008333333333333333 0.019444444444444445
2 0.5072916666666667 0.3351851851851852 0.011458333333333333 0.022222222222222223
2 0.3140625 0.33564814814814814 0.008333333333333333 0.01574074074074074
2 0.21484375 0.3611111111111111 0.008854166666666666 0.020370370370370372
2 0.7557291666666667 0.35 0.008333333333333333 0.024074074074074074
2 0.190625 0.337037037037037 0.005208333333333333 0.009259259259259259
2 0.23411458333333332 0.3388888888888889 0.005729166666666666 0.014814814814814815
2 0.14609375 0.36064814814814816 0.0078125 0.019444444444444445
