1 0.42626953125 0.4635416666666667 0.0185546875 0.03515625
1 0.6806640625 0.4847005208333333 0.025390625 0.044921875
1 0.32373046875 0.5462239583333334 0.0419921875 0.0703125
1 0.6201171875 0.4361979166666667 0.0126953125 0.0234375
1 0.583251953125 0.412109375 0.00732421875 0.013020833333333334
1 0.46923828125 0.4270833333333333 0.009765625 0.018229166666666668
1 0.48291015625 0.4166666666666667 0.0078125 0.014322916666666666
1 0.77490234375 0.419921875 0.009765625 0.015625
1 0.049560546875 0.8294270833333334 0.09130859375 0.18619791666666666
1 0.891357421875 0.45703125 0.01904296875 0.032552083333333336
1 0.492431640625 0.4111328125 0.00537109375 0.012369791666666666
1 0.498046875 0.4069010416666667 0.0048828125 0.010416666666666666
1 0.56689453125 0.4072265625 0.0048828125 0.007161458333333333
1 0.56396484375 0.4052734375 0.0048828125 0.008463541666666666
1 0.947265625 0.4147135416666667 0.0087890625 0.014322916666666666
1 0.91455078125 0.4095052083333333 0.0078125 0.01171875
1 0.797119140625 0.4088541666666667 0.00634765625 0.01171875
1 0.5986328125 0.4078776041666667 0.0048828125 0.009765625
1 0.62060546875 0.400390625 0.0048828125 0.006510416666666667
