2 0.8875 0.346875 0.0575 0.25625
2 0.773125 0.2453125 0.05125 0.215625
0 0.850625 0.1484375 0.03875 0.178125
0 0.103125 0.3390625 0.04375 0.165625
0 0.97375 0.45625 0.05 0.25625
0 0.151875 0.2296875 0.03375 0.159375
0 0.045 0.121875 0.0225 0.1125
0 0.569375 0.0828125 0.02125 0.115625
0 0.13875 0.14375 0.025 0.13125
0 0.95 0.2078125 0.035 0.171875
1 0.355625 0.084375 0.02125 0.11875
0 0.110625 0.084375 0.02125 0.13125
1 0.709375 0.1046875 0.02875 0.146875
0 0.196875 0.078125 0.02625 0.13125
