1 0.9234375 0.7472222222222222 0.0625 0.15833333333333333
1 0.463671875 0.42083333333333334 0.01796875 0.03888888888888889
1 0.81484375 0.49166666666666664 0.028125 0.075
1 0.463671875 0.4583333333333333 0.02265625 0.05277777777777778
1 0.747265625 0.425 0.01484375 0.03333333333333333
1 0.016796875 0.6451388888888889 0.03359375 0.10972222222222222
1 0.36015625 0.40694444444444444 0.0109375 0.027777777777777776
1 0.652734375 0.39791666666666664 0.01171875 0.029166666666666667
1 0.2859375 0.3972222222222222 0.0078125 0.027777777777777776
1 0.503125 0.3861111111111111 0.0078125 0.027777777777777776
