0 0.328369140625 0.5 0.02685546875 0.046875
2 0.616455078125 0.4459635416666667 0.01904296875 0.049479166666666664
1 0.58642578125 0.4332682291666667 0.013671875 0.022786458333333332
1 0.669921875 0.4944661458333333 0.0263671875 0.044921875
2 0.37109375 0.45703125 0.0263671875 0.059895833333333336
2 0.38671875 0.4462890625 0.0205078125 0.052734375
2 0.631591796875 0.4560546875 0.02099609375 0.056640625
0 0.414794921875 0.4332682291666667 0.01416015625 0.025390625
0 0.43115234375 0.4182942708333333 0.009765625 0.017578125
1 0.54052734375 0.404296875 0.0048828125 0.010416666666666666
1 0.564453125 0.4176432291666667 0.0087890625 0.016276041666666668
0 0.4697265625 0.4007161458333333 0.0048828125 0.009765625
0 0.447265625 0.4069010416666667 0.0068359375 0.013020833333333334
1 0.54541015625 0.3971354166666667 0.0048828125 0.009114583333333334
