1 0.684814453125 0.498046875 0.02978515625 0.046875
1 0.31787109375 0.5361328125 0.037109375 0.06315104166666667
1 0.41796875 0.4521484375 0.0166015625 0.031901041666666664
1 0.87890625 0.470703125 0.0205078125 0.036458333333333336
1 0.618408203125 0.4527994791666667 0.01708984375 0.030598958333333332
1 0.447265625 0.4287109375 0.0107421875 0.020182291666666668
1 0.584716796875 0.4274088541666667 0.01123046875 0.020182291666666668
1 0.57080078125 0.41796875 0.009765625 0.016927083333333332
1 0.810546875 0.4375 0.01171875 0.01953125
1 0.6396484375 0.4348958333333333 0.0107421875 0.020833333333333332
1 0.48974609375 0.4036458333333333 0.0048828125 0.010416666666666666
1 0.465087890625 0.4140625 0.00634765625 0.013020833333333334
1 0.46923828125 0.4104817708333333 0.0048828125 0.011067708333333334
1 0.5185546875 0.4007161458333333 0.0048828125 0.009765625
1 0.557861328125 0.4095052083333333 0.00634765625 0.01171875
1 0.621826171875 0.4000651041666667 0.00537109375 0.009765625
1 0.76953125 0.4169921875 0.0068359375 0.013671875
1 0.69384765625 0.400390625 0.0048828125 0.010416666666666666
1 0.56201171875 0.4039713541666667 0.005859375 0.013671875
1 0.5478515625 0.3987630208333333 0.0048828125 0.009765625
1 0.7587890625 0.4029947916666667 0.005859375 0.01171875
1 0.67431640625 0.396484375 0.0048828125 0.009114583333333334
1 0.63037109375 0.3958333333333333 0.0048828125 0.009114583333333334
1 0.587158203125 0.3974609375 0.00537109375 0.009765625
1 0.831298828125 0.4088541666666667 0.00732421875 0.01171875
1 0.90380859375 0.4156901041666667 0.0068359375 0.013671875
1 0.936279296875 0.412109375 0.00732421875 0.013020833333333334
