1 0.6825 0.4797297297297297 0.04 0.06418918918918919
0 0.178125 0.4856418918918919 0.04125 0.0625
0 0.11875 0.44341216216216217 0.025 0.048986486486486486
1 0.62 0.4248310810810811 0.025 0.04222972972972973
0 0.235 0.42736486486486486 0.0225 0.04054054054054054
1 0.415 0.39949324324324326 0.0125 0.028716216216216218
1 0.560625 0.40709459459459457 0.01625 0.033783783783783786
0 0.235 0.44594594594594594 0.0225 0.04391891891891892
1 0.298125 0.39864864864864863 0.01625 0.030405405405405407
1 0.180625 0.40033783783783783 0.01875 0.02702702702702703
1 0.02 0.41047297297297297 0.02 0.033783783783783786
