2 0.199951171875 0.615234375 0.06982421875 0.1640625
2 0.850341796875 0.6321614583333334 0.08642578125 0.17838541666666666
1 0.69091796875 0.5146484375 0.0322265625 0.055338541666666664
0 0.31591796875 0.5319010416666666 0.029296875 0.057291666666666664
1 0.609130859375 0.4625651041666667 0.02001953125 0.037109375
0 0.3896484375 0.4625651041666667 0.017578125 0.030598958333333332
2 0.048095703125 0.8440755208333334 0.09326171875 0.22721354166666666
1 0.54443359375 0.4137369791666667 0.0087890625 0.014973958333333334
1 0.56005859375 0.4264322916666667 0.0107421875 0.01953125
0 0.44140625 0.4127604166666667 0.0078125 0.015625
0 0.427734375 0.4251302083333333 0.009765625 0.018229166666666668
1 0.533203125 0.4075520833333333 0.005859375 0.01171875
1 0.524169921875 0.4013671875 0.00537109375 0.009765625
0 0.45166015625 0.4000651041666667 0.0048828125 0.009765625
0 0.445556640625 0.4059244791666667 0.00537109375 0.011067708333333334
1 0.517578125 0.3932291666666667 0.0048828125 0.009114583333333334
1 0.5126953125 0.3893229166666667 0.0048828125 0.0078125
0 0.4580078125 0.3971354166666667 0.0048828125 0.0078125
0 0.462890625 0.390625 0.0048828125 0.006510416666666667
1 0.50732421875 0.3854166666666667 0.0048828125 0.006510416666666667
