1 0.206640625 0.43819444444444444 0.03203125 0.08472222222222223
1 0.322265625 0.36736111111111114 0.01953125 0.05694444444444444
1 0.608984375 0.3902777777777778 0.01953125 0.05277777777777778
1 0.3796875 0.32013888888888886 0.0140625 0.0375
1 0.579296875 0.3347222222222222 0.01171875 0.03333333333333333
1 0.46015625 0.28194444444444444 0.0078125 0.022222222222222223
1 0.384375 0.2659722222222222 0.0078125 0.020833333333333332
1 0.51171875 0.29930555555555555 0.0078125 0.02361111111111111
1 0.37734375 0.2965277777777778 0.0125 0.034722222222222224
1 0.308203125 0.2708333333333333 0.01015625 0.027777777777777776
1 0.21875 0.2534722222222222 0.009375 0.020833333333333332
1 0.29921875 0.24861111111111112 0.0078125 0.022222222222222223
