1 0.2734375 0.5590277777777778 0.0421875 0.09583333333333334
1 0.866015625 0.55625 0.03671875 0.10138888888888889
1 0.37109375 0.43125 0.0140625 0.0375
1 0.42265625 0.3701388888888889 0.0078125 0.020833333333333332
1 0.34765625 0.39861111111111114 0.0078125 0.022222222222222223
1 0.325 0.38680555555555557 0.0078125 0.020833333333333332
1 0.472265625 0.38055555555555554 0.00859375 0.019444444444444445
1 0.588671875 0.4097222222222222 0.01328125 0.030555555555555555
1 0.371875 0.3680555555555556 0.0078125 0.016666666666666666
1 0.28828125 0.3819444444444444 0.0078125 0.022222222222222223
