0 0.275390625 0.5146484375 0.029296875 0.054036458333333336
1 0.8427734375 0.5091145833333334 0.025390625 0.052083333333333336
1 0.681884765625 0.4632161458333333 0.02099609375 0.037109375
0 0.070556640625 0.6842447916666666 0.07568359375 0.12890625
0 0.197021484375 0.4847005208333333 0.02001953125 0.037109375
1 0.198974609375 0.4417317708333333 0.01220703125 0.020182291666666668
1 0.408203125 0.4329427083333333 0.01171875 0.0234375
0 0.07421875 0.47265625 0.015625 0.02734375
1 0.162841796875 0.4381510416666667 0.00927734375 0.015625
1 0.304443359375 0.4397786458333333 0.01318359375 0.021484375
1 0.2880859375 0.4156901041666667 0.0078125 0.013671875
0 0.033935546875 0.4446614583333333 0.01025390625 0.015625
1 0.51220703125 0.4443359375 0.015625 0.026692708333333332
0 0.088623046875 0.435546875 0.00732421875 0.014322916666666666
1 0.230712890625 0.4254557291666667 0.00830078125 0.014973958333333334
1 0.382080078125 0.40625 0.00732421875 0.013020833333333334
1 0.46826171875 0.3994140625 0.0068359375 0.011067708333333334
0 0.4609375 0.3955078125 0.0048828125 0.008463541666666666
0 0.176513671875 0.4248046875 0.00634765625 0.011067708333333334
