2 0.18203125 0.5342592592592592 0.033854166666666664 0.08333333333333333
2 0.31588541666666664 0.42962962962962964 0.019270833333333334 0.046296296296296294
2 0.28463541666666664 0.4064814814814815 0.015104166666666667 0.037037037037037035
2 0.8984375 0.5546296296296296 0.040625 0.09444444444444444
2 0.8830729166666667 0.4425925925925926 0.021354166666666667 0.04259259259259259
2 0.3502604166666667 0.35185185185185186 0.008854166666666666 0.020370370370370372
2 0.19010416666666666 0.4050925925925926 0.014583333333333334 0.030555555555555555
2 0.671875 0.3902777777777778 0.01875 0.03611111111111111
2 0.490625 0.35462962962962963 0.010416666666666666 0.022222222222222223
2 0.20364583333333333 0.37407407407407406 0.008333333333333333 0.018518518518518517
2 0.07604166666666666 0.43657407407407406 0.0125 0.03425925925925926
2 0.04479166666666667 0.4134259259259259 0.009375 0.021296296296296296
