2 0.7916666666666666 0.4722222222222222 0.026041666666666668 0.06666666666666667
2 0.4002604166666667 0.43148148148148147 0.0265625 0.06111111111111111
2 0.7013020833333333 0.3712962962962963 0.0109375 0.027777777777777776
2 0.53671875 0.34814814814814815 0.009895833333333333 0.025925925925925925
2 0.5854166666666667 0.3375 0.007291666666666667 0.019444444444444445
2 0.7252604166666666 0.3578703703703704 0.013020833333333334 0.026851851851851852
2 0.69296875 0.3421296296296296 0.008854166666666666 0.021296296296296296
2 0.6375 0.33564814814814814 0.00625 0.017592592592592594
2 0.79375 0.35509259259259257 0.005208333333333333 0.017592592592592594
2 0.9341145833333333 0.39861111111111114 0.009895833333333333 0.023148148148148147
2 0.6033854166666667 0.32222222222222224 0.0078125 0.018518518518518517
2 0.7278645833333334 0.33935185185185185 0.008854166666666666 0.021296296296296296
