1 0.73828125 0.6451388888888889 0.0328125 0.09305555555555556
1 0.23125 0.6090277777777777 0.0359375 0.0875
1 0.728515625 0.5131944444444444 0.02265625 0.04583333333333333
1 0.53984375 0.46944444444444444 0.015625 0.03611111111111111
1 0.787109375 0.4701388888888889 0.01484375 0.034722222222222224
1 0.66328125 0.44583333333333336 0.0078125 0.016666666666666666
1 0.83125 0.4583333333333333 0.0109375 0.025
1 0.728125 0.4388888888888889 0.0078125 0.019444444444444445
1 0.87265625 0.45 0.0078125 0.016666666666666666
1 0.7796875 0.43333333333333335 0.0078125 0.019444444444444445
