1 0.854375 0.6890625 0.07625 0.221875
2 0.314375 0.625 0.04875 0.175
1 0.38625 0.4140625 0.025 0.090625
1 0.63625 0.396875 0.025 0.0875
1 0.52875 0.3171875 0.02 0.059375
1 0.496875 0.290625 0.01125 0.05
1 0.386875 0.334375 0.01625 0.0625
1 0.345 0.3125 0.015 0.05
1 0.29375 0.3046875 0.0125 0.040625
1 0.278125 0.2953125 0.01125 0.040625
1 0.405 0.2734375 0.0075 0.034375
1 0.46375 0.2640625 0.0075 0.034375
1 0.393125 0.2625 0.00875 0.03125
0 0.42625 0.2828125 0.01 0.034375
0 0.87 0.284375 0.015 0.04375
1 0.348125 0.2703125 0.00875 0.034375
1 0.699375 0.2625 0.01125 0.0375
0 0.860625 0.2625 0.01125 0.0375
1 0.44125 0.2578125 0.0075 0.034375
0 0.2975 0.284375 0.0075 0.03125
