1 0.85009765625 0.5673828125 0.041015625 0.07356770833333333
0 0.333984375 0.5514322916666666 0.0322265625 0.06510416666666667
1 0.66162109375 0.4488932291666667 0.0146484375 0.027994791666666668
0 0.439453125 0.4514973958333333 0.013671875 0.026692708333333332
0 0.4658203125 0.421875 0.0068359375 0.015625
0 0.478759765625 0.4156901041666667 0.00634765625 0.012369791666666666
1 0.616455078125 0.4264322916666667 0.00830078125 0.016927083333333332
1 0.611572265625 0.4192708333333333 0.00732421875 0.014322916666666666
1 0.625732421875 0.4150390625 0.00634765625 0.013671875
1 0.668701171875 0.4052734375 0.00537109375 0.012369791666666666
0 0.58349609375 0.4029947916666667 0.005859375 0.010416666666666666
1 0.69677734375 0.4010416666666667 0.005859375 0.010416666666666666
0 0.528564453125 0.4091796875 0.00537109375 0.011067708333333334
1 0.6494140625 0.4091796875 0.005859375 0.012369791666666666
0 0.63037109375 0.3981119791666667 0.0048828125 0.007161458333333333
0 0.68212890625 0.396484375 0.0048828125 0.006510416666666667
1 0.72509765625 0.3997395833333333 0.0048828125 0.009114583333333334
0 0.71728515625 0.3958333333333333 0.0048828125 0.006510416666666667
