0 0.658125 0.6921875 0.05875 0.209375
0 0.589375 0.478125 0.03375 0.125
1 0.28125 0.4953125 0.045 0.128125
1 0.3725 0.40625 0.0275 0.1
1 0.445625 0.3484375 0.01875 0.071875
0 0.59625 0.3875 0.0175 0.075
0 0.754375 0.2359375 0.00875 0.034375
1 0.524375 0.31875 0.01625 0.05625
1 0.56125 0.2953125 0.0125 0.046875
1 0.638125 0.2796875 0.01125 0.040625
1 0.69125 0.2734375 0.01 0.034375
1 0.859375 0.2546875 0.02125 0.065625
2 0.79375 0.2515625 0.01 0.034375
1 0.921875 0.275 0.03875 0.06875
1 0.5225 0.2640625 0.01 0.034375
