0 0.925 0.575168918918919 0.11 0.18412162162162163
0 0.7775 0.5346283783783784 0.0575 0.10641891891891891
0 0.635625 0.5143581081081081 0.03875 0.07939189189189189
1 0.195 0.5160472972972973 0.05 0.09628378378378379
1 0.1625 0.5025337837837838 0.035 0.06925675675675676
0 0.536875 0.5059121621621622 0.02875 0.05912162162162162
1 0.06125 0.4966216216216216 0.0375 0.06418918918918919
0 0.443125 0.5016891891891891 0.02375 0.04054054054054054
0 0.295625 0.49577702702702703 0.02125 0.04222972972972973
0 0.14 0.49239864864864863 0.02 0.04222972972972973
