2 0.34479166666666666 0.4439814814814815 0.020833333333333332 0.06388888888888888
2 0.328125 0.3990740740740741 0.014583333333333334 0.046296296296296294
2 0.26640625 0.5125 0.03697916666666667 0.09166666666666666
2 0.8104166666666667 0.5685185185185185 0.04895833333333333 0.11296296296296296
2 0.6770833333333334 0.42083333333333334 0.026041666666666668 0.06018518518518518
2 0.2791666666666667 0.3907407407407407 0.015625 0.03888888888888889
2 0.22447916666666667 0.3837962962962963 0.011458333333333333 0.032407407407407406
2 0.5934895833333333 0.35648148148148145 0.015104166666666667 0.037037037037037035
2 0.48359375 0.33240740740740743 0.013020833333333334 0.03148148148148148
2 0.11145833333333334 0.3819444444444444 0.010416666666666666 0.026851851851851852
2 0.184375 0.3439814814814815 0.008333333333333333 0.021296296296296296
2 0.8552083333333333 0.35 0.013541666666666667 0.03518518518518519
