0 0.2529296875 0.6936848958333334 0.068359375 0.10481770833333333
0 0.289794921875 0.5211588541666666 0.03564453125 0.059244791666666664
1 0.649169921875 0.4612630208333333 0.02783203125 0.026692708333333332
1 0.51025390625 0.4446614583333333 0.0146484375 0.028645833333333332
0 0.216796875 0.4723307291666667 0.0185546875 0.034505208333333336
0 0.199951171875 0.4498697916666667 0.01416015625 0.016927083333333332
1 0.389892578125 0.4345703125 0.01318359375 0.022786458333333332
1 0.818115234375 0.4915364583333333 0.02880859375 0.046875
1 0.369140625 0.4270833333333333 0.013671875 0.024739583333333332
0 0.218994140625 0.4345703125 0.01416015625 0.018880208333333332
0 0.264892578125 0.42578125 0.01318359375 0.018229166666666668
1 0.447509765625 0.4169921875 0.01220703125 0.012369791666666666
0 0.31787109375 0.4156901041666667 0.0087890625 0.014973958333333334
