1 0.805859375 0.6972222222222222 0.04609375 0.14166666666666666
1 0.441015625 0.4534722222222222 0.01484375 0.04027777777777778
1 0.694921875 0.45069444444444445 0.01484375 0.043055555555555555
1 0.027734375 0.7833333333333333 0.04609375 0.1388888888888889
1 0.5703125 0.37222222222222223 0.0078125 0.019444444444444445
1 0.440625 0.38819444444444445 0.0078125 0.020833333333333332
1 0.29296875 0.4048611111111111 0.0078125 0.018055555555555554
1 0.486328125 0.4013888888888889 0.00859375 0.025
1 0.08046875 0.46319444444444446 0.0078125 0.018055555555555554
1 0.627734375 0.38958333333333334 0.00859375 0.02361111111111111
1 0.8609375 0.4215277777777778 0.0109375 0.029166666666666667
1 0.93203125 0.43680555555555556 0.0125 0.03194444444444444
1 0.3734375 0.39166666666666666 0.0078125 0.019444444444444445
1 0.19375 0.42777777777777776 0.0078125 0.016666666666666666
1 0.886328125 0.41458333333333336 0.01796875 0.043055555555555555
