2 0.3346354166666667 0.5148148148148148 0.0328125 0.08333333333333333
2 0.33984375 0.4388888888888889 0.0203125 0.05740740740740741
2 0.24869791666666666 0.41203703703703703 0.016145833333333335 0.04259259259259259
2 0.12552083333333333 0.43657407407407406 0.017708333333333333 0.04722222222222222
2 0.9247395833333333 0.4861111111111111 0.0265625 0.06666666666666667
2 0.6544270833333333 0.3699074074074074 0.0140625 0.03425925925925926
2 0.48333333333333334 0.34675925925925927 0.009375 0.025
2 0.03984375 0.4212962962962963 0.009895833333333333 0.024074074074074074
2 0.31223958333333335 0.3578703703703704 0.008854166666666666 0.021296296296296296
2 0.14609375 0.38935185185185184 0.008854166666666666 0.023148148148148147
