0 0.296630859375 0.5143229166666666 0.02392578125 0.0546875
1 0.567626953125 0.4397786458333333 0.01123046875 0.022786458333333332
1 0.679443359375 0.5006510416666666 0.02294921875 0.044270833333333336
0 0.401123046875 0.443359375 0.00927734375 0.020833333333333332
2 0.41064453125 0.4296875 0.0107421875 0.028645833333333332
2 0.41650390625 0.4267578125 0.0078125 0.029296875
1 0.5380859375 0.4225260416666667 0.0068359375 0.015625
0 0.427001953125 0.4244791666666667 0.00732421875 0.016927083333333332
2 0.556640625 0.4280598958333333 0.01171875 0.030598958333333332
0 0.44140625 0.4114583333333333 0.0048828125 0.010416666666666666
1 0.52734375 0.4163411458333333 0.0078125 0.012369791666666666
0 0.43212890625 0.4176432291666667 0.0068359375 0.012369791666666666
0 0.456298828125 0.4072265625 0.00537109375 0.008463541666666666
2 0.5498046875 0.4254557291666667 0.01171875 0.031901041666666664
1 0.51318359375 0.4085286458333333 0.0048828125 0.009765625
