1 0.963671875 0.8520833333333333 0.06953125 0.19583333333333333
1 0.271484375 0.4909722222222222 0.03984375 0.10972222222222222
1 0.3171875 0.36736111111111114 0.021875 0.05416666666666667
1 0.596875 0.3763888888888889 0.01875 0.05
1 0.46640625 0.31319444444444444 0.009375 0.029166666666666667
1 0.19375 0.31666666666666665 0.009375 0.022222222222222223
1 0.3078125 0.3215277777777778 0.009375 0.03194444444444444
1 0.2453125 0.31666666666666665 0.009375 0.027777777777777776
1 0.39765625 0.2847222222222222 0.0078125 0.016666666666666666
1 0.30390625 0.29097222222222224 0.0078125 0.018055555555555554
1 0.42421875 0.2951388888888889 0.0078125 0.02361111111111111
1 0.021875 0.33125 0.0078125 0.02361111111111111
1 0.026953125 0.33055555555555555 0.00859375 0.022222222222222223
1 0.1921875 0.30277777777777776 0.0078125 0.019444444444444445
