0 0.17529296875 0.6158854166666666 0.05859375 0.08723958333333333
1 0.810791015625 0.6175130208333334 0.05419921875 0.09309895833333333
1 0.627197265625 0.4873046875 0.02392578125 0.047526041666666664
0 0.354736328125 0.4912109375 0.02294921875 0.042317708333333336
1 0.587646484375 0.458984375 0.01416015625 0.033854166666666664
0 0.398681640625 0.4606119791666667 0.01220703125 0.031901041666666664
0 0.426025390625 0.44140625 0.00927734375 0.0234375
0 0.438720703125 0.4345703125 0.00927734375 0.020182291666666668
1 0.56103515625 0.4410807291666667 0.0107421875 0.022786458333333332
1 0.545654296875 0.4326171875 0.01025390625 0.020182291666666668
0 0.449462890625 0.4280598958333333 0.00732421875 0.013671875
1 0.527099609375 0.4202473958333333 0.00634765625 0.014973958333333334
0 0.457763671875 0.4212239583333333 0.00537109375 0.013020833333333334
1 0.537353515625 0.4264322916666667 0.00830078125 0.016927083333333332
