1 0.373779296875 0.5185546875 0.02978515625 0.056640625
1 0.800048828125 0.46484375 0.01611328125 0.033854166666666664
1 0.6748046875 0.4886067708333333 0.01953125 0.039713541666666664
1 0.439208984375 0.455078125 0.01611328125 0.03125
1 0.60009765625 0.4280598958333333 0.0107421875 0.021484375
1 0.466064453125 0.4303385416666667 0.01220703125 0.020833333333333332
1 0.509765625 0.4029947916666667 0.0087890625 0.014322916666666666
1 0.591064453125 0.4163411458333333 0.00830078125 0.016276041666666668
1 0.64697265625 0.4166666666666667 0.0087890625 0.014322916666666666
1 0.482177734375 0.4173177083333333 0.00927734375 0.016927083333333332
1 0.83642578125 0.4163411458333333 0.0068359375 0.011067708333333334
1 0.767822265625 0.4104817708333333 0.00634765625 0.011067708333333334
1 0.7626953125 0.4039713541666667 0.005859375 0.009765625
1 0.61669921875 0.4075520833333333 0.009765625 0.013020833333333334
1 0.5419921875 0.3997395833333333 0.0068359375 0.01171875
1 0.69775390625 0.4130859375 0.0078125 0.013671875
1 0.860107421875 0.4108072916666667 0.00732421875 0.010416666666666666
1 0.8544921875 0.4296875 0.0078125 0.016927083333333332
1 0.59228515625 0.3977864583333333 0.0048828125 0.01171875
