0 0.6556490384615384 0.5424679487179487 0.042067307692307696 0.08814102564102565
0 0.6141826923076923 0.5272435897435898 0.03125 0.05448717948717949
0 0.8106971153846154 0.5873397435897436 0.09735576923076923 0.17147435897435898
1 0.12079326923076923 0.5681089743589743 0.1310096153846154 0.16826923076923078
1 0.2926682692307692 0.5296474358974359 0.04447115384615385 0.08493589743589744
0 0.5438701923076923 0.5168269230769231 0.018028846153846152 0.03685897435897436
0 0.4873798076923077 0.5128205128205128 0.015625 0.028846153846153848
0 0.43028846153846156 0.5096153846153846 0.009615384615384616 0.02564102564102564
1 0.3629807692307692 0.5200320512820513 0.028846153846153848 0.049679487179487176
0 0.38040865384615385 0.5096153846153846 0.010817307692307692 0.02564102564102564
1 0.3323317307692308 0.5104166666666666 0.015625 0.03685897435897436
0 0.2734375 0.5072115384615384 0.015625 0.03365384615384615
1 0.34615384615384615 0.5064102564102564 0.01201923076923077 0.022435897435897436
0 0.23557692307692307 0.5088141025641025 0.016826923076923076 0.03365384615384615
