2 0.18046875 0.7300925925925926 0.0671875 0.15648148148148147
2 0.57265625 0.3851851851851852 0.021354166666666667 0.044444444444444446
2 0.246875 0.5166666666666667 0.030208333333333334 0.08888888888888889
2 0.23125 0.38981481481481484 0.014583333333333334 0.03888888888888889
2 0.38723958333333336 0.3472222222222222 0.013020833333333334 0.03333333333333333
2 0.18359375 0.36064814814814816 0.011979166666666667 0.028703703703703703
2 0.296875 0.32592592592592595 0.007291666666666667 0.022222222222222223
2 0.20260416666666667 0.325 0.00625 0.016666666666666666
2 0.09270833333333334 0.35509259259259257 0.009375 0.021296296296296296
2 0.04609375 0.3490740740740741 0.0078125 0.016666666666666666
