2 0.8263020833333333 0.4791666666666667 0.030729166666666665 0.03796296296296296
2 0.74375 0.45601851851851855 0.030208333333333334 0.03981481481481482
2 0.6950520833333333 0.43796296296296294 0.0171875 0.05185185185185185
2 0.46197916666666666 0.39537037037037037 0.017708333333333333 0.04259259259259259
2 0.8927083333333333 0.4898148148148148 0.029166666666666667 0.04259259259259259
2 0.5638020833333334 0.3587962962962963 0.0078125 0.028703703703703703
2 0.6567708333333333 0.35138888888888886 0.007291666666666667 0.025
2 0.6669270833333333 0.34953703703703703 0.0078125 0.021296296296296296
2 0.8158854166666667 0.3800925925925926 0.0109375 0.025
2 0.6828125 0.3337962962962963 0.005208333333333333 0.017592592592592594
